fire_latitude,fire_longitude,climate_latitude,climate_longitude,daynight,year,month,day,date,brightness,confidence,frp,bright_t31,fire_occurrence,10m_u_component_of_wind,10m_v_component_of_wind,2m_temperature,soil_temperature_level_1,soil_temperature_level_2,soil_temperature_level_3,soil_temperature_level_4,soil_type,total_precipitation,volumetric_soil_water_layer_1,volumetric_soil_water_layer_2,volumetric_soil_water_layer_3,volumetric_soil_water_layer_4
55.7868,-121.7176,55.652,-116.859,N,2016,01,01,2016-01-01,308.4,61,59.1,267.4,0,4.444239,-0.09690767,269.55093,269.66476,269.7398,272.77615,277.04028,2.9999847,0.0,0.3576359,0.3317882,0.30711684,0.35203576
55.7833,-121.7095,55.652,-116.859,N,2016,01,01,2016-01-01,309.7,67,63.6,267.2,0,4.444239,-0.09690767,269.55093,269.66476,269.7398,272.77615,277.04028,2.9999847,0.0,0.3576359,0.3317882,0.30711684,0.35203576
56.504,-121.3266,55.539,-115.081,D,2016,01,02,2016-01-02,345.7,70,80.7,270.4,0,3.0096617,0.6602754,266.5351,269.79285,271.37762,272.7677,274.43506,0.0,0.0,0.15737593,0.15352565,0.15216249,0.16916072
56.4921,-121.3103,55.539,-115.081,D,2016,01,02,2016-01-02,316.3,0,27.7,266.7,0,3.0096617,0.6602754,266.5351,269.79285,271.37762,272.7677,274.43506,0.0,0.0,0.15737593,0.15352565,0.15216249,0.16916072
56.4976,-121.3372,55.539,-115.081,D,2016,01,02,2016-01-02,316.8,58,153.1,270.2,0,3.0096617,0.6602754,266.5351,269.79285,271.37762,272.7677,274.43506,0.0,0.0,0.15737593,0.15352565,0.15216249,0.16916072
55.4627,-120.205,55.539,-115.081,D,2016,01,02,2016-01-02,303.9,0,11.1,268.4,0,3.0096617,0.6602754,266.5351,269.79285,271.37762,272.7677,274.43506,0.0,0.0,0.15737593,0.15352565,0.15216249,0.16916072
55.4606,-120.2207,55.539,-115.081,D,2016,01,02,2016-01-02,335.2,78,42.5,270.5,0,3.0096617,0.6602754,266.5351,269.79285,271.37762,272.7677,274.43506,0.0,0.0,0.15737593,0.15352565,0.15216249,0.16916072
57.2229,-118.4905,55.539,-115.081,D,2016,01,02,2016-01-02,355.9,0,96.6,265.8,0,3.0096617,0.6602754,266.5351,269.79285,271.37762,272.7677,274.43506,0.0,0.0,0.15737593,0.15352565,0.15216249,0.16916072
53.8321,-117.2927,53.914,-116.086,D,2016,01,04,2016-01-04,379.4,100,0.0,267.2,1,3.872388,-1.6843452,260.84238,270.48718,271.99966,273.55597,275.89432,2.0,0.0,0.3016324,0.30099732,0.2873108,0.32781526
53.8262,-117.3004,53.914,-116.086,D,2016,01,04,2016-01-04,364.7,94,0.0,269.1,1,3.872388,-1.6843452,260.84238,270.48718,271.99966,273.55597,275.89432,2.0,0.0,0.3016324,0.30099732,0.2873108,0.32781526
55.7443,-121.7159,53.914,-116.086,D,2016,01,04,2016-01-04,322.0,65,29.5,267.2,0,3.872388,-1.6843452,260.84238,270.48718,271.99966,273.55597,275.89432,2.0,0.0,0.3016324,0.30099732,0.2873108,0.32781526
55.7415,-121.732,53.914,-116.086,D,2016,01,04,2016-01-04,356.7,0,95.5,271.3,0,3.872388,-1.6843452,260.84238,270.48718,271.99966,273.55597,275.89432,2.0,0.0,0.3016324,0.30099732,0.2873108,0.32781526
55.7533,-121.7207,53.914,-116.086,D,2016,01,04,2016-01-04,374.3,0,153.9,267.4,0,3.872388,-1.6843452,260.84238,270.48718,271.99966,273.55597,275.89432,2.0,0.0,0.3016324,0.30099732,0.2873108,0.32781526
55.7505,-121.737,53.914,-116.086,D,2016,01,04,2016-01-04,402.6,100,0.0,273.4,1,3.872388,-1.6843452,260.84238,270.48718,271.99966,273.55597,275.89432,2.0,0.0,0.3016324,0.30099732,0.2873108,0.32781526
55.7645,-121.7408,54.79,-119.52,D,2016,01,05,2016-01-05,384.3,100,0.0,267.9,1,0.4760931,0.43016258,252.53702,262.42798,266.44727,272.2075,275.50647,2.0,1.6971317e-06,0.3372792,0.33920842,0.33371258,0.34368274
55.7532,-121.7386,54.79,-119.52,D,2016,01,05,2016-01-05,381.7,100,0.0,266.3,1,0.4760931,0.43016258,252.53702,262.42798,266.44727,272.2075,275.50647,2.0,1.6971317e-06,0.3372792,0.33920842,0.33371258,0.34368274
56.0156,-122.3848,56.136,-122.297,D,2016,01,07,2016-01-07,383.7,100,0.0,270.4,1,-0.4073761,-0.41558516,260.9143,272.06757,271.94705,272.78802,274.51428,1.0,2.8635139e-05,0.27709734,0.27162963,0.2782702,0.29759932
57.4059,-121.7718,55.071,-119.45,D,2016,01,12,2016-01-12,363.6,75,111.3,268.9,0,4.7315817,2.1165378,270.29172,266.6422,267.2859,272.3799,276.02283,4.0,0.0,0.36340278,0.36072564,0.3497259,0.35565215
57.4089,-121.7887,55.071,-119.45,D,2016,01,12,2016-01-12,308.6,0,16.0,264.8,0,4.7315817,2.1165378,270.29172,266.6422,267.2859,272.3799,276.02283,4.0,0.0,0.36340278,0.36072564,0.3497259,0.35565215
57.4029,-121.7547,55.071,-119.45,D,2016,01,12,2016-01-12,331.7,0,37.3,267.2,0,4.7315817,2.1165378,270.29172,266.6422,267.2859,272.3799,276.02283,4.0,0.0,0.36340278,0.36072564,0.3497259,0.35565215
57.3772,-121.7577,55.071,-119.45,D,2016,01,12,2016-01-12,374.3,100,0.0,269.3,1,4.7315817,2.1165378,270.29172,266.6422,267.2859,272.3799,276.02283,4.0,0.0,0.36340278,0.36072564,0.3497259,0.35565215
56.3915,-122.2695,55.071,-119.45,D,2016,01,12,2016-01-12,368.6,100,131.4,273.0,1,4.7315817,2.1165378,270.29172,266.6422,267.2859,272.3799,276.02283,4.0,0.0,0.36340278,0.36072564,0.3497259,0.35565215
56.3886,-122.2529,55.071,-119.45,D,2016,01,12,2016-01-12,316.1,76,21.8,269.2,0,4.7315817,2.1165378,270.29172,266.6422,267.2859,272.3799,276.02283,4.0,0.0,0.36340278,0.36072564,0.3497259,0.35565215
56.0734,-120.8824,55.071,-119.45,D,2016,01,12,2016-01-12,321.7,71,32.4,268.8,0,4.7315817,2.1165378,270.29172,266.6422,267.2859,272.3799,276.02283,4.0,0.0,0.36340278,0.36072564,0.3497259,0.35565215
55.7114,-121.7193,55.071,-119.45,D,2016,01,12,2016-01-12,400.7,100,318.5,280.1,1,4.7315817,2.1165378,270.29172,266.6422,267.2859,272.3799,276.02283,4.0,0.0,0.36340278,0.36072564,0.3497259,0.35565215
55.7081,-121.7017,55.071,-119.45,D,2016,01,12,2016-01-12,326.4,79,35.2,271.2,0,4.7315817,2.1165378,270.29172,266.6422,267.2859,272.3799,276.02283,4.0,0.0,0.36340278,0.36072564,0.3497259,0.35565215
55.7021,-121.7242,55.071,-119.45,D,2016,01,12,2016-01-12,387.2,75,229.4,274.8,0,4.7315817,2.1165378,270.29172,266.6422,267.2859,272.3799,276.02283,4.0,0.0,0.36340278,0.36072564,0.3497259,0.35565215
55.699,-121.7072,55.071,-119.45,D,2016,01,12,2016-01-12,365.8,75,129.8,271.5,0,4.7315817,2.1165378,270.29172,266.6422,267.2859,272.3799,276.02283,4.0,0.0,0.36340278,0.36072564,0.3497259,0.35565215
56.3816,-122.2637,55.071,-119.45,D,2016,01,12,2016-01-12,310.7,33,70.2,265.9,0,4.7315817,2.1165378,270.29172,266.6422,267.2859,272.3799,276.02283,4.0,0.0,0.36340278,0.36072564,0.3497259,0.35565215
56.3805,-122.2658,55.071,-119.45,D,2016,01,12,2016-01-12,307.7,57,65.6,265.9,0,4.7315817,2.1165378,270.29172,266.6422,267.2859,272.3799,276.02283,4.0,0.0,0.36340278,0.36072564,0.3497259,0.35565215
56.3931,-122.2807,55.071,-119.45,D,2016,01,12,2016-01-12,303.1,51,50.3,267.0,0,4.7315817,2.1165378,270.29172,266.6422,267.2859,272.3799,276.02283,4.0,0.0,0.36340278,0.36072564,0.3497259,0.35565215
57.4081,-121.7691,55.071,-119.45,D,2016,01,12,2016-01-12,316.4,55,78.1,266.8,0,4.7315817,2.1165378,270.29172,266.6422,267.2859,272.3799,276.02283,4.0,0.0,0.36340278,0.36072564,0.3497259,0.35565215
57.3991,-121.7683,55.071,-119.45,D,2016,01,12,2016-01-12,325.8,72,116.6,267.8,0,4.7315817,2.1165378,270.29172,266.6422,267.2859,272.3799,276.02283,4.0,0.0,0.36340278,0.36072564,0.3497259,0.35565215
55.7068,-121.6958,55.071,-119.45,D,2016,01,12,2016-01-12,371.5,100,284.4,273.9,1,4.7315817,2.1165378,270.29172,266.6422,267.2859,272.3799,276.02283,4.0,0.0,0.36340278,0.36072564,0.3497259,0.35565215
55.7048,-121.7238,55.071,-119.45,D,2016,01,12,2016-01-12,364.3,100,231.3,274.7,1,4.7315817,2.1165378,270.29172,266.6422,267.2859,272.3799,276.02283,4.0,0.0,0.36340278,0.36072564,0.3497259,0.35565215
55.8649,-121.0257,55.071,-119.45,D,2016,01,12,2016-01-12,312.9,56,42.7,272.1,0,4.7315817,2.1165378,270.29172,266.6422,267.2859,272.3799,276.02283,4.0,0.0,0.36340278,0.36072564,0.3497259,0.35565215
55.863,-121.056,55.071,-119.45,D,2016,01,12,2016-01-12,320.7,73,59.9,272.6,0,4.7315817,2.1165378,270.29172,266.6422,267.2859,272.3799,276.02283,4.0,0.0,0.36340278,0.36072564,0.3497259,0.35565215
55.8769,-121.0292,55.071,-119.45,D,2016,01,12,2016-01-12,364.1,100,255.0,273.8,1,4.7315817,2.1165378,270.29172,266.6422,267.2859,272.3799,276.02283,4.0,0.0,0.36340278,0.36072564,0.3497259,0.35565215
55.8749,-121.06,55.071,-119.45,D,2016,01,12,2016-01-12,350.6,95,168.6,273.7,1,4.7315817,2.1165378,270.29172,266.6422,267.2859,272.3799,276.02283,4.0,0.0,0.36340278,0.36072564,0.3497259,0.35565215
56.0659,-120.8937,55.071,-119.45,D,2016,01,12,2016-01-12,306.0,46,27.2,273.3,0,4.7315817,2.1165378,270.29172,266.6422,267.2859,272.3799,276.02283,4.0,0.0,0.36340278,0.36072564,0.3497259,0.35565215
56.3877,-122.2904,55.071,-119.45,D,2016,01,12,2016-01-12,304.1,0,23.9,269.4,0,4.7315817,2.1165378,270.29172,266.6422,267.2859,272.3799,276.02283,4.0,0.0,0.36340278,0.36072564,0.3497259,0.35565215
57.3988,-121.769,55.071,-119.45,D,2016,01,12,2016-01-12,333.4,0,94.5,269.4,0,4.7315817,2.1165378,270.29172,266.6422,267.2859,272.3799,276.02283,4.0,0.0,0.36340278,0.36072564,0.3497259,0.35565215
57.3968,-121.7984,55.071,-119.45,D,2016,01,12,2016-01-12,304.2,0,27.1,267.5,0,4.7315817,2.1165378,270.29172,266.6422,267.2859,272.3799,276.02283,4.0,0.0,0.36340278,0.36072564,0.3497259,0.35565215
55.7295,-121.8503,53.827,-117.851,D,2016,01,18,2016-01-18,317.2,67,29.2,268.1,0,2.9970484,1.5730224,266.62454,270.4517,272.19116,273.2085,274.6351,2.0,0.0,0.3292695,0.33291918,0.34759718,0.36408836
54.5877,-118.857,53.827,-117.851,D,2016,01,18,2016-01-18,323.9,72,28.9,268.9,0,2.9970484,1.5730224,266.62454,270.4517,272.19116,273.2085,274.6351,2.0,0.0,0.3292695,0.33291918,0.34759718,0.36408836
54.5856,-118.8414,53.827,-117.851,D,2016,01,18,2016-01-18,332.5,76,39.8,269.2,0,2.9970484,1.5730224,266.62454,270.4517,272.19116,273.2085,274.6351,2.0,0.0,0.3292695,0.33291918,0.34759718,0.36408836
54.5295,-119.2634,53.827,-117.851,D,2016,01,18,2016-01-18,307.2,0,13.1,267.7,0,2.9970484,1.5730224,266.62454,270.4517,272.19116,273.2085,274.6351,2.0,0.0,0.3292695,0.33291918,0.34759718,0.36408836
54.5226,-119.2826,53.827,-117.851,D,2016,01,18,2016-01-18,311.1,60,16.3,268.6,0,2.9970484,1.5730224,266.62454,270.4517,272.19116,273.2085,274.6351,2.0,0.0,0.3292695,0.33291918,0.34759718,0.36408836
55.9454,-122.4892,53.827,-117.851,D,2016,01,18,2016-01-18,325.4,0,219.8,266.3,0,2.9970484,1.5730224,266.62454,270.4517,272.19116,273.2085,274.6351,2.0,0.0,0.3292695,0.33291918,0.34759718,0.36408836
55.9258,-122.4296,53.827,-117.851,D,2016,01,18,2016-01-18,310.1,23,117.3,268.1,0,2.9970484,1.5730224,266.62454,270.4517,272.19116,273.2085,274.6351,2.0,0.0,0.3292695,0.33291918,0.34759718,0.36408836
54.5207,-119.2839,53.827,-117.851,D,2016,01,18,2016-01-18,347.4,83,65.2,272.0,0,2.9970484,1.5730224,266.62454,270.4517,272.19116,273.2085,274.6351,2.0,0.0,0.3292695,0.33291918,0.34759718,0.36408836
54.5867,-118.848,53.827,-117.851,D,2016,01,18,2016-01-18,311.5,71,17.3,270.3,0,2.9970484,1.5730224,266.62454,270.4517,272.19116,273.2085,274.6351,2.0,0.0,0.3292695,0.33291918,0.34759718,0.36408836
54.6108,-118.8073,53.827,-117.851,D,2016,01,18,2016-01-18,304.8,60,13.0,270.2,0,2.9970484,1.5730224,266.62454,270.4517,272.19116,273.2085,274.6351,2.0,0.0,0.3292695,0.33291918,0.34759718,0.36408836
54.6337,-118.8398,53.827,-117.851,D,2016,01,18,2016-01-18,307.1,65,14.4,269.0,0,2.9970484,1.5730224,266.62454,270.4517,272.19116,273.2085,274.6351,2.0,0.0,0.3292695,0.33291918,0.34759718,0.36408836
55.9398,-122.4766,53.827,-117.851,D,2016,01,18,2016-01-18,396.5,87,240.1,277.9,0,2.9970484,1.5730224,266.62454,270.4517,272.19116,273.2085,274.6351,2.0,0.0,0.3292695,0.33291918,0.34759718,0.36408836
54.5737,-119.5009,54.642,-119.013,D,2016,01,20,2016-01-20,331.1,0,51.3,267.8,0,0.94046783,-0.48498785,262.51096,271.5227,271.42273,272.54938,274.54657,2.0,1.3727195e-05,0.31807455,0.31175333,0.31740806,0.33617762
54.5652,-119.5162,54.642,-119.013,D,2016,01,20,2016-01-20,349.6,90,69.7,271.1,1,0.94046783,-0.48498785,262.51096,271.5227,271.42273,272.54938,274.54657,2.0,1.3727195e-05,0.31807455,0.31175333,0.31740806,0.33617762
53.7542,-116.8485,53.072,-116.169,D,2016,01,22,2016-01-22,349.4,90,94.1,273.2,1,1.1540012,0.9773001,264.33136,267.21606,269.26004,273.0227,276.71783,6.0,0.0,0.5486261,0.54930085,0.5646085,0.5874935
54.5639,-119.5039,53.84,-116.285,D,2016,01,24,2016-01-24,323.1,78,51.4,269.7,0,1.895582,-0.20264028,266.36078,271.1467,271.7356,273.31653,274.9663,2.0,4.7999256e-05,0.3044038,0.30282867,0.2967175,0.33712226
57.0379,-121.4207,55.336,-119.563,D,2016,01,26,2016-01-26,342.8,91,206.3,277.6,1,3.8822095,2.5586314,275.81662,270.6594,270.46735,272.3014,275.04898,4.0,2.842171e-14,0.35070047,0.32110637,0.32240975,0.33200872
57.0424,-121.4254,55.336,-119.563,D,2016,01,26,2016-01-26,330.2,83,130.3,277.8,0,3.8822095,2.5586314,275.81662,270.6594,270.46735,272.3014,275.04898,4.0,2.842171e-14,0.35070047,0.32110637,0.32240975,0.33200872
53.1281,-117.1778,51.85,-114.671,N,2016,01,27,2016-01-27,301.5,15,8.9,268.9,0,3.0611248,1.2372034,278.54007,272.82202,271.8883,272.9088,274.7903,2.0,0.0,0.3017512,0.27060306,0.28846115,0.31873605
53.1393,-117.167,51.85,-114.671,N,2016,01,27,2016-01-27,301.8,22,9.4,268.6,0,3.0611248,1.2372034,278.54007,272.82202,271.8883,272.9088,274.7903,2.0,0.0,0.3017512,0.27060306,0.28846115,0.31873605
53.1369,-117.1817,51.85,-114.671,N,2016,01,27,2016-01-27,307.8,60,13.1,268.6,0,3.0611248,1.2372034,278.54007,272.82202,271.8883,272.9088,274.7903,2.0,0.0,0.3017512,0.27060306,0.28846115,0.31873605
56.7499,-121.8086,56.071,-120.692,D,2016,01,28,2016-01-28,371.1,100,140.6,280.3,1,-1.3096046,0.7835558,272.35126,272.33627,271.0653,271.88934,274.14163,2.0,7.612924e-05,0.345241,0.29924917,0.28608188,0.28351614
56.7468,-121.7913,56.071,-120.692,D,2016,01,28,2016-01-28,317.6,45,20.5,273.6,0,-1.3096046,0.7835558,272.35126,272.33627,271.0653,271.88934,274.14163,2.0,7.612924e-05,0.345241,0.29924917,0.28608188,0.28351614
56.744,-121.8312,56.071,-120.692,D,2016,01,28,2016-01-28,317.9,66,21.7,274.9,0,-1.3096046,0.7835558,272.35126,272.33627,271.0653,271.88934,274.14163,2.0,7.612924e-05,0.345241,0.29924917,0.28608188,0.28351614
56.7409,-121.814,56.071,-120.692,D,2016,01,28,2016-01-28,366.8,94,124.8,275.8,1,-1.3096046,0.7835558,272.35126,272.33627,271.0653,271.88934,274.14163,2.0,7.612924e-05,0.345241,0.29924917,0.28608188,0.28351614
56.7466,-121.8166,56.071,-120.692,D,2016,01,28,2016-01-28,331.0,84,154.0,270.8,0,-1.3096046,0.7835558,272.35126,272.33627,271.0653,271.88934,274.14163,2.0,7.612924e-05,0.345241,0.29924917,0.28608188,0.28351614
56.7354,-121.8125,56.071,-120.692,D,2016,01,28,2016-01-28,328.5,71,142.6,268.6,0,-1.3096046,0.7835558,272.35126,272.33627,271.0653,271.88934,274.14163,2.0,7.612924e-05,0.345241,0.29924917,0.28608188,0.28351614
56.6057,-121.473,55.391,-119.282,D,2016,01,29,2016-01-29,301.7,37,21.5,272.1,0,6.362607,2.1882212,273.9692,272.62604,271.61935,272.97522,275.2245,4.0,0.0,0.40751076,0.34541005,0.32600027,0.36412776
56.5937,-121.4756,55.391,-119.282,D,2016,01,29,2016-01-29,318.7,79,54.1,271.9,0,6.362607,2.1882212,273.9692,272.62604,271.61935,272.97522,275.2245,4.0,0.0,0.40751076,0.34541005,0.32600027,0.36412776
56.5941,-121.4586,55.391,-119.282,D,2016,01,29,2016-01-29,302.2,51,42.7,273.3,0,6.362607,2.1882212,273.9692,272.62604,271.61935,272.97522,275.2245,4.0,0.0,0.40751076,0.34541005,0.32600027,0.36412776
56.5919,-121.4681,55.391,-119.282,D,2016,01,29,2016-01-29,304.7,60,49.1,273.3,0,6.362607,2.1882212,273.9692,272.62604,271.61935,272.97522,275.2245,4.0,0.0,0.40751076,0.34541005,0.32600027,0.36412776
56.5991,-121.4648,55.391,-119.282,D,2016,01,29,2016-01-29,310.6,70,18.1,273.6,0,6.362607,2.1882212,273.9692,272.62604,271.61935,272.97522,275.2245,4.0,0.0,0.40751076,0.34541005,0.32600027,0.36412776
56.5958,-121.4827,55.391,-119.282,D,2016,01,29,2016-01-29,312.3,72,19.6,273.4,0,6.362607,2.1882212,273.9692,272.62604,271.61935,272.97522,275.2245,4.0,0.0,0.40751076,0.34541005,0.32600027,0.36412776
56.5522,-121.2412,55.002,-112.425,D,2016,01,30,2016-01-30,332.1,83,60.7,273.2,0,2.3564463,-0.2586267,264.72748,270.0097,270.98154,271.84225,274.56003,3.0,0.0,0.37541133,0.3147787,0.3105263,0.35187036
56.5502,-121.2639,55.002,-112.425,D,2016,01,30,2016-01-30,305.9,59,19.5,271.5,0,2.3564463,-0.2586267,264.72748,270.0097,270.98154,271.84225,274.56003,3.0,0.0,0.37541133,0.3147787,0.3105263,0.35187036
53.9946,-118.7614,53.392,-117.354,D,2016,02,02,2016-02-02,326.8,0,70.6,266.0,0,1.7301323,1.5111643,260.6434,271.30948,271.04605,272.43652,274.6714,2.0000305,2.365977e-05,0.41992834,0.3998523,0.39553222,0.3938666
54.8682,-119.4882,54.538,-117.318,D,2016,02,04,2016-02-04,335.2,89,83.0,273.2,0,-0.12454134,2.440542,265.33862,272.8097,271.97736,272.8723,274.61636,2.0,4.3367407e-05,0.3928067,0.38961077,0.34373945,0.3642478
54.8658,-119.5027,54.538,-117.318,D,2016,02,04,2016-02-04,312.9,73,58.2,273.8,0,-0.12454134,2.440542,265.33862,272.8097,271.97736,272.8723,274.61636,2.0,4.3367407e-05,0.3928067,0.38961077,0.34373945,0.3642478
53.2597,-124.0408,52.23,-121.956,D,2016,02,06,2016-02-06,325.7,73,35.9,272.6,0,2.6805134,0.35652807,273.29074,272.88657,272.9906,273.6476,274.95413,2.0,-3.5527137e-15,0.3929574,0.36368245,0.3259915,0.32984143
54.5645,-116.7066,54.131,-116.679,D,2016,02,13,2016-02-13,351.8,97,174.7,275.1,1,2.5506067,1.0505197,268.33362,270.65787,272.40268,273.03857,274.14496,2.0,2.3455133e-05,0.35612896,0.34835964,0.30270326,0.329827
54.5581,-116.68,54.131,-116.679,D,2016,02,13,2016-02-13,304.4,59,26.2,273.2,0,2.5506067,1.0505197,268.33362,270.65787,272.40268,273.03857,274.14496,2.0,2.3455133e-05,0.35612896,0.34835964,0.30270326,0.329827
54.555,-116.7054,54.131,-116.679,D,2016,02,13,2016-02-13,333.9,89,113.1,274.8,0,2.5506067,1.0505197,268.33362,270.65787,272.40268,273.03857,274.14496,2.0,2.3455133e-05,0.35612896,0.34835964,0.30270326,0.329827
54.5541,-116.7089,54.131,-116.679,D,2016,02,13,2016-02-13,332.4,83,107.4,274.8,0,2.5506067,1.0505197,268.33362,270.65787,272.40268,273.03857,274.14496,2.0,2.3455133e-05,0.35612896,0.34835964,0.30270326,0.329827
54.5659,-116.7178,54.131,-116.679,D,2016,02,13,2016-02-13,322.9,71,77.4,273.9,0,2.5506067,1.0505197,268.33362,270.65787,272.40268,273.03857,274.14496,2.0,2.3455133e-05,0.35612896,0.34835964,0.30270326,0.329827
54.5487,-116.7132,54.131,-116.679,D,2016,02,13,2016-02-13,300.5,26,32.0,276.1,0,2.5506067,1.0505197,268.33362,270.65787,272.40268,273.03857,274.14496,2.0,2.3455133e-05,0.35612896,0.34835964,0.30270326,0.329827
54.5655,-116.7232,54.131,-116.679,D,2016,02,13,2016-02-13,313.4,64,68.3,276.3,0,2.5506067,1.0505197,268.33362,270.65787,272.40268,273.03857,274.14496,2.0,2.3455133e-05,0.35612896,0.34835964,0.30270326,0.329827
55.2813,-117.3472,52.59,-116.137,N,2016,02,28,2016-02-28,303.9,57,11.5,270.4,0,-2.410051,0.3253297,271.64093,271.90668,271.98718,272.24768,273.85165,1.0,6.0602906e-05,0.31869003,0.31975514,0.32113707,0.34140852
53.1259,-123.8543,52.988,-123.079,D,2016,03,07,2016-03-07,319.6,79,29.4,275.2,0,-0.8374811,2.833229,270.76395,272.76294,273.0879,273.23785,273.9927,2.0,0.0,0.41054964,0.41464853,0.3867373,0.37078488
51.5353,-114.4487,51.335,-113.873,D,2016,03,10,2016-03-10,306.7,64,7.1,286.7,0,-0.76206017,4.489277,273.30988,273.07733,273.23718,272.92343,274.0097,2.0,2.325578e-07,0.2858681,0.2661876,0.19933803,0.25139636
51.5331,-114.4629,51.335,-113.873,D,2016,03,10,2016-03-10,315.5,76,13.9,287.6,0,-0.76206017,4.489277,273.30988,273.07733,273.23718,272.92343,274.0097,2.0,2.325578e-07,0.2858681,0.2661876,0.19933803,0.25139636
51.5441,-114.4522,51.335,-113.873,D,2016,03,10,2016-03-10,311.2,65,9.7,287.0,0,-0.76206017,4.489277,273.30988,273.07733,273.23718,272.92343,274.0097,2.0,2.325578e-07,0.2858681,0.2661876,0.19933803,0.25139636
51.5419,-114.4664,51.335,-113.873,D,2016,03,10,2016-03-10,329.2,86,27.8,288.0,0,-0.76206017,4.489277,273.30988,273.07733,273.23718,272.92343,274.0097,2.0,2.325578e-07,0.2858681,0.2661876,0.19933803,0.25139636
53.0625,-124.0375,52.813,-122.623,D,2016,03,13,2016-03-13,306.2,47,14.4,270.4,0,-0.34358978,1.9546161,268.61673,272.89267,274.0233,273.50446,274.23245,4.0,0.0,0.43476275,0.43014246,0.41201472,0.40378729
52.947,-123.0861,52.813,-122.623,D,2016,03,13,2016-03-13,346.2,0,67.6,275.5,0,-0.34358978,1.9546161,268.61673,272.89267,274.0233,273.50446,274.23245,4.0,0.0,0.43476275,0.43014246,0.41201472,0.40378729
52.9451,-123.0695,52.813,-122.623,D,2016,03,13,2016-03-13,350.1,83,77.4,276.1,0,-0.34358978,1.9546161,268.61673,272.89267,274.0233,273.50446,274.23245,4.0,0.0,0.43476275,0.43014246,0.41201472,0.40378729
53.0622,-124.0417,52.813,-122.623,D,2016,03,13,2016-03-13,365.2,87,111.5,278.4,0,-0.34358978,1.9546161,268.61673,272.89267,274.0233,273.50446,274.23245,4.0,0.0,0.43476275,0.43014246,0.41201472,0.40378729
53.0711,-124.0458,52.813,-122.623,D,2016,03,13,2016-03-13,321.0,70,24.5,275.8,0,-0.34358978,1.9546161,268.61673,272.89267,274.0233,273.50446,274.23245,4.0,0.0,0.43476275,0.43014246,0.41201472,0.40378729
53.9916,-123.8778,52.813,-122.623,D,2016,03,13,2016-03-13,300.1,26,7.8,276.7,0,-0.34358978,1.9546161,268.61673,272.89267,274.0233,273.50446,274.23245,4.0,0.0,0.43476275,0.43014246,0.41201472,0.40378729
58.7295,-122.6647,52.429,-122.705,D,2016,03,28,2016-03-28,303.0,49,39.2,279.9,0,2.994431,-1.5628786,272.3508,273.7135,274.04453,273.47147,273.94897,2.0,0.0,0.362825,0.36797026,0.35046488,0.3394635
58.7277,-122.6732,52.429,-122.705,D,2016,03,28,2016-03-28,305.8,59,51.2,280.2,0,2.994431,-1.5628786,272.3508,273.7135,274.04453,273.47147,273.94897,2.0,0.0,0.362825,0.36797026,0.35046488,0.3394635
53.8639,-123.7777,52.319,-112.702,D,2016,03,30,2016-03-30,339.4,91,64.1,291.6,1,4.1833944,-1.6078478,278.1503,275.4357,273.77832,272.86035,273.84097,2.0,0.0,0.36635864,0.36618304,0.3602407,0.30308712
53.86,-123.7585,52.319,-112.702,D,2016,03,30,2016-03-30,315.8,76,20.8,287.9,0,4.1833944,-1.6078478,278.1503,275.4357,273.77832,272.86035,273.84097,2.0,0.0,0.36635864,0.36618304,0.3602407,0.30308712
53.8574,-123.7757,52.319,-112.702,D,2016,03,30,2016-03-30,310.2,66,60.5,286.3,0,4.1833944,-1.6078478,278.1503,275.4357,273.77832,272.86035,273.84097,2.0,0.0,0.36635864,0.36618304,0.3602407,0.30308712
53.861,-123.7759,52.319,-112.702,D,2016,03,30,2016-03-30,309.8,65,58.7,286.8,0,4.1833944,-1.6078478,278.1503,275.4357,273.77832,272.86035,273.84097,2.0,0.0,0.36635864,0.36618304,0.3602407,0.30308712
53.8565,-123.7878,52.319,-112.702,D,2016,03,30,2016-03-30,305.9,59,14.9,291.5,0,4.1833944,-1.6078478,278.1503,275.4357,273.77832,272.86035,273.84097,2.0,0.0,0.36635864,0.36618304,0.3602407,0.30308712
54.8924,-123.8505,52.319,-112.702,D,2016,03,30,2016-03-30,303.4,46,19.8,279.4,0,4.1833944,-1.6078478,278.1503,275.4357,273.77832,272.86035,273.84097,2.0,0.0,0.36635864,0.36618304,0.3602407,0.30308712
56.9936,-121.4784,55.757,-121.178,D,2016,03,31,2016-03-31,322.2,81,39.2,278.7,0,-0.16738725,1.707865,273.98724,274.70886,273.16357,272.11383,273.55655,2.0,0.0,0.40059966,0.40099454,0.31865802,0.27788267
56.9914,-121.4546,55.757,-121.178,D,2016,03,31,2016-03-31,300.3,34,11.0,278.2,0,-0.16738725,1.707865,273.98724,274.70886,273.16357,272.11383,273.55655,2.0,0.0,0.40059966,0.40099454,0.31865802,0.27788267
57.0042,-121.4696,55.757,-121.178,D,2016,03,31,2016-03-31,302.6,45,38.4,284.9,0,-0.16738725,1.707865,273.98724,274.70886,273.16357,272.11383,273.55655,2.0,0.0,0.40059966,0.40099454,0.31865802,0.27788267
56.996,-121.4853,55.757,-121.178,D,2016,03,31,2016-03-31,305.4,61,51.9,282.9,0,-0.16738725,1.707865,273.98724,274.70886,273.16357,272.11383,273.55655,2.0,0.0,0.40059966,0.40099454,0.31865802,0.27788267
56.9899,-121.4735,55.757,-121.178,D,2016,03,31,2016-03-31,319.9,80,20.4,281.5,0,-0.16738725,1.707865,273.98724,274.70886,273.16357,272.11383,273.55655,2.0,0.0,0.40059966,0.40099454,0.31865802,0.27788267
56.9986,-121.478,55.757,-121.178,D,2016,03,31,2016-03-31,328.7,86,29.6,287.4,0,-0.16738725,1.707865,273.98724,274.70886,273.16357,272.11383,273.55655,2.0,0.0,0.40059966,0.40099454,0.31865802,0.27788267
56.9962,-121.494,55.757,-121.178,D,2016,03,31,2016-03-31,301.0,20,6.1,282.4,0,-0.16738725,1.707865,273.98724,274.70886,273.16357,272.11383,273.55655,2.0,0.0,0.40059966,0.40099454,0.31865802,0.27788267
56.9996,-121.4824,53.677,-120.813,D,2016,04,01,2016-04-01,363.4,100,112.2,289.3,1,-1.4155512,1.1496319,270.62094,272.70645,272.9944,273.1844,273.75363,1.0,0.0,0.35139126,0.32716215,0.2825107,0.33340394
57.0085,-121.477,53.677,-120.813,D,2016,04,01,2016-04-01,307.7,66,12.1,285.0,0,-1.4155512,1.1496319,270.62094,272.70645,272.9944,273.1844,273.75363,1.0,0.0,0.35139126,0.32716215,0.2825107,0.33340394
57.0055,-121.4598,53.677,-120.813,D,2016,04,01,2016-04-01,326.9,85,31.6,285.4,0,-1.4155512,1.1496319,270.62094,272.70645,272.9944,273.1844,273.75363,1.0,0.0,0.35139126,0.32716215,0.2825107,0.33340394
56.9965,-121.4651,53.677,-120.813,D,2016,04,01,2016-04-01,358.5,99,96.7,287.0,1,-1.4155512,1.1496319,270.62094,272.70645,272.9944,273.1844,273.75363,1.0,0.0,0.35139126,0.32716215,0.2825107,0.33340394
54.3571,-123.511,53.677,-120.813,D,2016,04,01,2016-04-01,305.3,61,10.1,281.7,0,-1.4155512,1.1496319,270.62094,272.70645,272.9944,273.1844,273.75363,1.0,0.0,0.35139126,0.32716215,0.2825107,0.33340394
56.9977,-121.4516,53.677,-120.813,D,2016,04,01,2016-04-01,320.4,80,81.8,287.4,0,-1.4155512,1.1496319,270.62094,272.70645,272.9944,273.1844,273.75363,1.0,0.0,0.35139126,0.32716215,0.2825107,0.33340394
56.9864,-121.4915,53.677,-120.813,D,2016,04,01,2016-04-01,328.3,86,118.7,287.0,0,-1.4155512,1.1496319,270.62094,272.70645,272.9944,273.1844,273.75363,1.0,0.0,0.35139126,0.32716215,0.2825107,0.33340394
56.1434,-121.8853,53.677,-120.813,D,2016,04,01,2016-04-01,300.3,32,6.9,289.2,0,-1.4155512,1.1496319,270.62094,272.70645,272.9944,273.1844,273.75363,1.0,0.0,0.35139126,0.32716215,0.2825107,0.33340394
57.002,-121.4623,53.677,-120.813,D,2016,04,01,2016-04-01,322.6,82,53.2,289.1,0,-1.4155512,1.1496319,270.62094,272.70645,272.9944,273.1844,273.75363,1.0,0.0,0.35139126,0.32716215,0.2825107,0.33340394
56.9999,-121.4929,53.677,-120.813,D,2016,04,01,2016-04-01,330.3,87,75.8,288.9,0,-1.4155512,1.1496319,270.62094,272.70645,272.9944,273.1844,273.75363,1.0,0.0,0.35139126,0.32716215,0.2825107,0.33340394
56.995,-121.4684,53.677,-120.813,D,2016,04,01,2016-04-01,336.0,90,96.4,289.2,1,-1.4155512,1.1496319,270.62094,272.70645,272.9944,273.1844,273.75363,1.0,0.0,0.35139126,0.32716215,0.2825107,0.33340394
56.9931,-121.499,53.677,-120.813,D,2016,04,01,2016-04-01,320.1,80,47.9,288.0,0,-1.4155512,1.1496319,270.62094,272.70645,272.9944,273.1844,273.75363,1.0,0.0,0.35139126,0.32716215,0.2825107,0.33340394
55.3473,-115.7751,52.712,-115.077,D,2016,04,02,2016-04-02,301.4,27,6.1,286.9,0,3.4690173,1.6695329,276.35422,276.18158,278.0436,273.1078,273.75592,2.0,0.0,0.35450208,0.35340688,0.33905834,0.33026537
56.0931,-121.9815,52.712,-115.077,D,2016,04,02,2016-04-02,320.4,80,80.0,285.6,0,3.4690173,1.6695329,276.35422,276.18158,278.0436,273.1078,273.75592,2.0,0.0,0.35450208,0.35340688,0.33905834,0.33026537
56.1043,-122.0208,52.712,-115.077,D,2016,04,02,2016-04-02,307.6,66,36.8,285.4,0,3.4690173,1.6695329,276.35422,276.18158,278.0436,273.1078,273.75592,2.0,0.0,0.35450208,0.35340688,0.33905834,0.33026537
56.1031,-121.9795,52.712,-115.077,D,2016,04,02,2016-04-02,315.1,75,60.5,285.9,0,3.4690173,1.6695329,276.35422,276.18158,278.0436,273.1078,273.75592,2.0,0.0,0.35450208,0.35340688,0.33905834,0.33026537
56.0905,-121.9914,52.712,-115.077,D,2016,04,02,2016-04-02,307.7,66,35.3,285.3,0,3.4690173,1.6695329,276.35422,276.18158,278.0436,273.1078,273.75592,2.0,0.0,0.35450208,0.35340688,0.33905834,0.33026537
56.0996,-121.9916,52.712,-115.077,D,2016,04,02,2016-04-02,346.8,95,72.5,288.5,1,3.4690173,1.6695329,276.35422,276.18158,278.0436,273.1078,273.75592,2.0,0.0,0.35450208,0.35340688,0.33905834,0.33026537
56.0962,-122.0097,52.712,-115.077,D,2016,04,02,2016-04-02,328.0,85,34.8,288.1,0,3.4690173,1.6695329,276.35422,276.18158,278.0436,273.1078,273.75592,2.0,0.0,0.35450208,0.35340688,0.33905834,0.33026537
55.6603,-118.9832,52.712,-115.077,D,2016,04,02,2016-04-02,300.2,30,4.0,286.9,0,3.4690173,1.6695329,276.35422,276.18158,278.0436,273.1078,273.75592,2.0,0.0,0.35450208,0.35340688,0.33905834,0.33026537
54.8724,-123.8647,52.712,-115.077,D,2016,04,02,2016-04-02,310.9,53,23.9,277.3,0,3.4690173,1.6695329,276.35422,276.18158,278.0436,273.1078,273.75592,2.0,0.0,0.35450208,0.35340688,0.33905834,0.33026537
51.5489,-104.3671,50.016,-103.691,D,2016,04,04,2016-04-04,327.6,74,46.4,279.3,0,-1.7203501,0.43354553,266.58994,271.60596,273.2539,271.83646,273.5389,2.0,0.0,0.3564449,0.3608269,0.3198321,0.27687576
51.5552,-104.3705,50.016,-103.691,D,2016,04,04,2016-04-04,304.0,32,12.4,278.8,0,-1.7203501,0.43354553,266.58994,271.60596,273.2539,271.83646,273.5389,2.0,0.0,0.3564449,0.3608269,0.3198321,0.27687576
51.545,-104.3759,50.016,-103.691,D,2016,04,04,2016-04-04,314.2,70,24.9,279.0,0,-1.7203501,0.43354553,266.58994,271.60596,273.2539,271.83646,273.5389,2.0,0.0,0.3564449,0.3608269,0.3198321,0.27687576
51.5438,-104.3798,50.016,-103.691,D,2016,04,04,2016-04-04,314.5,75,32.6,278.6,0,-1.7203501,0.43354553,266.58994,271.60596,273.2539,271.83646,273.5389,2.0,0.0,0.3564449,0.3608269,0.3198321,0.27687576
56.1735,-117.0805,49.695,-116.941,D,2016,04,07,2016-04-07,301.4,46,5.1,286.0,0,-0.50941324,-0.8216359,270.65662,273.19064,273.3151,273.72528,274.2911,2.0,0.0,0.39264575,0.38087136,0.30888203,0.34684777
50.2623,-121.5868,49.695,-116.941,D,2016,04,07,2016-04-07,315.1,75,12.4,293.9,0,-0.50941324,-0.8216359,270.65662,273.19064,273.3151,273.72528,274.2911,2.0,0.0,0.39264575,0.38087136,0.30888203,0.34684777
55.688,-121.5925,49.695,-116.941,D,2016,04,07,2016-04-07,328.8,86,26.6,289.3,0,-0.50941324,-0.8216359,270.65662,273.19064,273.3151,273.72528,274.2911,2.0,0.0,0.39264575,0.38087136,0.30888203,0.34684777
55.6858,-121.608,49.695,-116.941,D,2016,04,07,2016-04-07,321.3,81,18.2,290.3,0,-0.50941324,-0.8216359,270.65662,273.19064,273.3151,273.72528,274.2911,2.0,0.0,0.39264575,0.38087136,0.30888203,0.34684777
56.7233,-121.798,49.695,-116.941,D,2016,04,07,2016-04-07,310.9,71,11.8,282.6,0,-0.50941324,-0.8216359,270.65662,273.19064,273.3151,273.72528,274.2911,2.0,0.0,0.39264575,0.38087136,0.30888203,0.34684777
56.721,-121.814,49.695,-116.941,D,2016,04,07,2016-04-07,308.5,67,10.3,281.9,0,-0.50941324,-0.8216359,270.65662,273.19064,273.3151,273.72528,274.2911,2.0,0.0,0.39264575,0.38087136,0.30888203,0.34684777
50.0414,-112.9514,50.031,-112.455,D,2016,04,08,2016-04-08,321.5,81,30.8,291.7,0,-1.7795317,2.6054049,273.771,275.33896,279.9787,277.5216,274.1921,2.0,0.0,0.24492985,0.18763594,0.2148022,0.22363147
50.045,-112.9578,50.031,-112.455,D,2016,04,08,2016-04-08,314.8,75,19.2,291.2,0,-1.7795317,2.6054049,273.771,275.33896,279.9787,277.5216,274.1921,2.0,0.0,0.24492985,0.18763594,0.2148022,0.22363147
50.043,-112.9342,50.031,-112.455,D,2016,04,08,2016-04-08,314.2,74,18.7,290.8,0,-1.7795317,2.6054049,273.771,275.33896,279.9787,277.5216,274.1921,2.0,0.0,0.24492985,0.18763594,0.2148022,0.22363147
51.4772,-123.7885,50.031,-112.455,D,2016,04,08,2016-04-08,302.0,38,8.5,292.0,0,-1.7795317,2.6054049,273.771,275.33896,279.9787,277.5216,274.1921,2.0,0.0,0.24492985,0.18763594,0.2148022,0.22363147
51.4754,-123.8093,50.031,-112.455,D,2016,04,08,2016-04-08,349.3,96,109.2,293.3,1,-1.7795317,2.6054049,273.771,275.33896,279.9787,277.5216,274.1921,2.0,0.0,0.24492985,0.18763594,0.2148022,0.22363147
54.8959,-123.8518,50.031,-112.455,D,2016,04,08,2016-04-08,316.3,72,37.2,278.1,0,-1.7795317,2.6054049,273.771,275.33896,279.9787,277.5216,274.1921,2.0,0.0,0.24492985,0.18763594,0.2148022,0.22363147
55.5882,-121.2723,50.031,-112.455,D,2016,04,08,2016-04-08,308.8,68,22.0,293.1,0,-1.7795317,2.6054049,273.771,275.33896,279.9787,277.5216,274.1921,2.0,0.0,0.24492985,0.18763594,0.2148022,0.22363147
55.5863,-121.3063,50.031,-112.455,D,2016,04,08,2016-04-08,304.9,60,14.3,293.1,0,-1.7795317,2.6054049,273.771,275.33896,279.9787,277.5216,274.1921,2.0,0.0,0.24492985,0.18763594,0.2148022,0.22363147
55.5878,-121.28,50.031,-112.455,D,2016,04,08,2016-04-08,312.1,53,29.6,293.3,0,-1.7795317,2.6054049,273.771,275.33896,279.9787,277.5216,274.1921,2.0,0.0,0.24492985,0.18763594,0.2148022,0.22363147
56.5642,-121.2428,51.685,-114.966,D,2016,04,09,2016-04-09,311.2,71,25.9,279.2,0,2.9944797,-2.5826204,276.50357,276.83554,278.17313,272.8167,273.56714,2.0,0.0,0.30598512,0.30791202,0.3271949,0.34994078
51.6517,-120.0199,51.685,-114.966,D,2016,04,09,2016-04-09,300.8,37,5.4,290.7,0,2.9944797,-2.5826204,276.50357,276.83554,278.17313,272.8167,273.56714,2.0,0.0,0.30598512,0.30791202,0.3271949,0.34994078
52.9789,-123.521,51.685,-114.966,D,2016,04,09,2016-04-09,304.2,49,9.7,289.4,0,2.9944797,-2.5826204,276.50357,276.83554,278.17313,272.8167,273.56714,2.0,0.0,0.30598512,0.30791202,0.3271949,0.34994078
56.5581,-121.2452,51.685,-114.966,D,2016,04,09,2016-04-09,305.9,62,9.6,281.5,0,2.9944797,-2.5826204,276.50357,276.83554,278.17313,272.8167,273.56714,2.0,0.0,0.30598512,0.30791202,0.3271949,0.34994078
54.8999,-123.8318,50.638,-111.462,D,2016,04,11,2016-04-11,309.6,60,38.0,281.1,0,-3.3102672,2.0238545,269.36374,272.17487,275.93365,273.38403,273.7092,2.0,0.0,0.23356782,0.22934274,0.27427328,0.23396899
54.8885,-123.8454,50.638,-111.462,D,2016,04,11,2016-04-11,331.5,76,70.7,281.4,0,-3.3102672,2.0238545,269.36374,272.17487,275.93365,273.38403,273.7092,2.0,0.0,0.23356782,0.22934274,0.27427328,0.23396899
54.8993,-123.8525,50.638,-111.462,D,2016,04,11,2016-04-11,308.6,67,23.8,281.9,0,-3.3102672,2.0238545,269.36374,272.17487,275.93365,273.38403,273.7092,2.0,0.0,0.23356782,0.22934274,0.27427328,0.23396899
56.0448,-120.2112,50.638,-111.462,D,2016,04,11,2016-04-11,302.5,53,5.3,285.4,0,-3.3102672,2.0238545,269.36374,272.17487,275.93365,273.38403,273.7092,2.0,0.0,0.23356782,0.22934274,0.27427328,0.23396899
50.1201,-105.6771,49.974,-104.059,D,2016,04,12,2016-04-12,307.9,48,8.8,294.3,0,-1.4734809,3.5491998,274.0093,274.07532,273.02335,272.1944,273.66437,4.0,-1.8189894e-12,0.40597183,0.4092121,0.38378334,0.32664472
50.1182,-105.6562,49.974,-104.059,D,2016,04,12,2016-04-12,321.1,77,28.4,293.7,0,-1.4734809,3.5491998,274.0093,274.07532,273.02335,272.1944,273.66437,4.0,-1.8189894e-12,0.40597183,0.4092121,0.38378334,0.32664472
50.4591,-104.3833,49.974,-104.059,D,2016,04,12,2016-04-12,315.1,70,13.7,297.0,0,-1.4734809,3.5491998,274.0093,274.07532,273.02335,272.1944,273.66437,4.0,-1.8189894e-12,0.40597183,0.4092121,0.38378334,0.32664472
52.3699,-106.4229,49.974,-104.059,D,2016,04,12,2016-04-12,313.7,56,13.8,294.8,0,-1.4734809,3.5491998,274.0093,274.07532,273.02335,272.1944,273.66437,4.0,-1.8189894e-12,0.40597183,0.4092121,0.38378334,0.32664472
55.8998,-108.9494,49.974,-104.059,D,2016,04,12,2016-04-12,325.1,69,194.9,283.3,0,-1.4734809,3.5491998,274.0093,274.07532,273.02335,272.1944,273.66437,4.0,-1.8189894e-12,0.40597183,0.4092121,0.38378334,0.32664472
55.9016,-108.9533,49.974,-104.059,D,2016,04,12,2016-04-12,331.4,72,253.8,283.4,0,-1.4734809,3.5491998,274.0093,274.07532,273.02335,272.1944,273.66437,4.0,-1.8189894e-12,0.40597183,0.4092121,0.38378334,0.32664472
53.5025,-114.3559,50.628,-101.609,D,2016,04,13,2016-04-13,331.9,83,38.0,276.3,0,-1.1357192,3.3263502,273.96564,274.3924,272.0084,272.41174,273.65906,2.0,0.0,0.37902758,0.38151398,0.35560584,0.31255078
54.9016,-123.8359,51.287,-109.007,D,2016,04,14,2016-04-14,317.8,74,27.0,281.4,0,0.9794581,-2.1484632,274.40955,275.2913,278.13718,272.62045,273.7425,4.0,0.0,0.37373173,0.37311766,0.37076733,0.33291942
54.8997,-123.8166,51.287,-109.007,D,2016,04,14,2016-04-14,309.2,64,17.3,280.0,0,0.9794581,-2.1484632,274.40955,275.2913,278.13718,272.62045,273.7425,4.0,0.0,0.37373173,0.37311766,0.37076733,0.33291942
51.6465,-120.0191,51.287,-109.007,D,2016,04,14,2016-04-14,306.1,63,7.7,288.8,0,0.9794581,-2.1484632,274.40955,275.2913,278.13718,272.62045,273.7425,4.0,0.0,0.37373173,0.37311766,0.37076733,0.33291942
54.5596,-128.6578,51.287,-109.007,D,2016,04,14,2016-04-14,313.8,74,20.2,288.6,0,0.9794581,-2.1484632,274.40955,275.2913,278.13718,272.62045,273.7425,4.0,0.0,0.37373173,0.37311766,0.37076733,0.33291942
54.896,-123.8305,51.287,-109.007,D,2016,04,14,2016-04-14,340.5,70,47.8,280.9,0,0.9794581,-2.1484632,274.40955,275.2913,278.13718,272.62045,273.7425,4.0,0.0,0.37373173,0.37311766,0.37076733,0.33291942
55.2188,-121.3099,51.287,-109.007,D,2016,04,14,2016-04-14,340.7,92,49.4,284.0,1,0.9794581,-2.1484632,274.40955,275.2913,278.13718,272.62045,273.7425,4.0,0.0,0.37373173,0.37311766,0.37076733,0.33291942
55.2209,-121.2941,51.287,-109.007,D,2016,04,14,2016-04-14,332.7,88,36.5,282.3,0,0.9794581,-2.1484632,274.40955,275.2913,278.13718,272.62045,273.7425,4.0,0.0,0.37373173,0.37311766,0.37076733,0.33291942
55.5304,-116.1621,52.563,-113.804,D,2016,04,15,2016-04-15,309.2,0,37.7,282.3,0,-1.8662033,0.5848,269.98148,272.72314,276.66208,274.804,273.73114,2.0,0.0,0.35995442,0.356124,0.3356819,0.32675833
55.6826,-116.4196,52.563,-113.804,D,2016,04,15,2016-04-15,304.3,55,9.5,290.0,0,-1.8662033,0.5848,269.98148,272.72314,276.66208,274.804,273.73114,2.0,0.0,0.35995442,0.356124,0.3356819,0.32675833
55.2858,-114.7827,52.563,-113.804,D,2016,04,15,2016-04-15,302.9,47,7.0,289.0,0,-1.8662033,0.5848,269.98148,272.72314,276.66208,274.804,273.73114,2.0,0.0,0.35995442,0.356124,0.3356819,0.32675833
57.0059,-111.4729,48.3,-89.857,D,2016,04,16,2016-04-16,300.5,0,4.1,287.4,0,1.0944879,3.1023755,279.0889,276.60608,272.99164,272.69086,273.76685,4.0,0.0,0.34269202,0.34550413,0.3321609,0.32799715
50.5926,-108.8789,48.3,-89.857,D,2016,04,16,2016-04-16,309.3,56,9.2,298.5,0,1.0944879,3.1023755,279.0889,276.60608,272.99164,272.69086,273.76685,4.0,0.0,0.34269202,0.34550413,0.3321609,0.32799715
52.7852,-110.951,48.3,-89.857,D,2016,04,16,2016-04-16,314.4,68,13.3,296.1,0,1.0944879,3.1023755,279.0889,276.60608,272.99164,272.69086,273.76685,4.0,0.0,0.34269202,0.34550413,0.3321609,0.32799715
52.7756,-110.9562,48.3,-89.857,D,2016,04,16,2016-04-16,337.7,89,51.4,298.1,0,1.0944879,3.1023755,279.0889,276.60608,272.99164,272.69086,273.76685,4.0,0.0,0.34269202,0.34550413,0.3321609,0.32799715
52.772,-110.9379,48.3,-89.857,D,2016,04,16,2016-04-16,327.1,82,30.8,296.6,0,1.0944879,3.1023755,279.0889,276.60608,272.99164,272.69086,273.76685,4.0,0.0,0.34269202,0.34550413,0.3321609,0.32799715
51.8196,-109.4849,48.3,-89.857,D,2016,04,16,2016-04-16,311.6,65,10.7,297.9,0,1.0944879,3.1023755,279.0889,276.60608,272.99164,272.69086,273.76685,4.0,0.0,0.34269202,0.34550413,0.3321609,0.32799715
51.8189,-109.491,48.3,-89.857,D,2016,04,16,2016-04-16,311.2,64,10.7,298.1,0,1.0944879,3.1023755,279.0889,276.60608,272.99164,272.69086,273.76685,4.0,0.0,0.34269202,0.34550413,0.3321609,0.32799715
52.7589,-110.974,48.3,-89.857,D,2016,04,16,2016-04-16,307.0,62,37.4,293.2,0,1.0944879,3.1023755,279.0889,276.60608,272.99164,272.69086,273.76685,4.0,0.0,0.34269202,0.34550413,0.3321609,0.32799715
52.7798,-110.9271,48.3,-89.857,D,2016,04,16,2016-04-16,307.5,66,41.8,292.3,0,1.0944879,3.1023755,279.0889,276.60608,272.99164,272.69086,273.76685,4.0,0.0,0.34269202,0.34550413,0.3321609,0.32799715
52.7631,-110.9801,48.3,-89.857,D,2016,04,16,2016-04-16,310.6,70,57.7,293.2,0,1.0944879,3.1023755,279.0889,276.60608,272.99164,272.69086,273.76685,4.0,0.0,0.34269202,0.34550413,0.3321609,0.32799715
52.7793,-110.9607,48.3,-89.857,D,2016,04,16,2016-04-16,348.7,95,108.3,301.1,1,1.0944879,3.1023755,279.0889,276.60608,272.99164,272.69086,273.76685,4.0,0.0,0.34269202,0.34550413,0.3321609,0.32799715
52.77,-110.9343,48.3,-89.857,D,2016,04,16,2016-04-16,318.2,71,21.5,298.7,0,1.0944879,3.1023755,279.0889,276.60608,272.99164,272.69086,273.76685,4.0,0.0,0.34269202,0.34550413,0.3321609,0.32799715
52.768,-110.9584,48.3,-89.857,D,2016,04,16,2016-04-16,318.9,74,22.2,299.3,0,1.0944879,3.1023755,279.0889,276.60608,272.99164,272.69086,273.76685,4.0,0.0,0.34269202,0.34550413,0.3321609,0.32799715
52.7812,-110.9368,48.3,-89.857,D,2016,04,16,2016-04-16,318.7,53,21.1,298.1,0,1.0944879,3.1023755,279.0889,276.60608,272.99164,272.69086,273.76685,4.0,0.0,0.34269202,0.34550413,0.3321609,0.32799715
52.7905,-110.9632,48.3,-89.857,D,2016,04,16,2016-04-16,337.6,89,67.0,297.6,0,1.0944879,3.1023755,279.0889,276.60608,272.99164,272.69086,273.76685,4.0,0.0,0.34269202,0.34550413,0.3321609,0.32799715
52.7903,-110.9439,48.3,-89.857,D,2016,04,16,2016-04-16,322.9,79,30.4,296.7,0,1.0944879,3.1023755,279.0889,276.60608,272.99164,272.69086,273.76685,4.0,0.0,0.34269202,0.34550413,0.3321609,0.32799715
52.7885,-110.9679,48.3,-89.857,D,2016,04,16,2016-04-16,336.7,89,65.7,298.8,0,1.0944879,3.1023755,279.0889,276.60608,272.99164,272.69086,273.76685,4.0,0.0,0.34269202,0.34550413,0.3321609,0.32799715
53.0173,-106.9107,50.905,-103.965,D,2016,04,17,2016-04-17,307.2,46,6.9,290.2,0,-2.1109133,-0.34082264,268.08023,272.08273,273.67813,271.66498,273.4211,2.9999847,0.0,0.34475678,0.34244925,0.29414076,0.26502985
53.0661,-106.9887,50.905,-103.965,D,2016,04,17,2016-04-17,311.7,70,11.4,291.0,0,-2.1109133,-0.34082264,268.08023,272.08273,273.67813,271.66498,273.4211,2.9999847,0.0,0.34475678,0.34244925,0.29414076,0.26502985
52.767,-110.8876,50.905,-103.965,D,2016,04,17,2016-04-17,329.9,85,57.9,292.9,0,-2.1109133,-0.34082264,268.08023,272.08273,273.67813,271.66498,273.4211,2.9999847,0.0,0.34475678,0.34244925,0.29414076,0.26502985
51.2926,-104.0061,50.905,-103.965,D,2016,04,17,2016-04-17,304.5,54,4.9,289.7,0,-2.1109133,-0.34082264,268.08023,272.08273,273.67813,271.66498,273.4211,2.9999847,0.0,0.34475678,0.34244925,0.29414076,0.26502985
51.2906,-103.9919,50.905,-103.965,D,2016,04,17,2016-04-17,311.5,70,9.5,288.8,0,-2.1109133,-0.34082264,268.08023,272.08273,273.67813,271.66498,273.4211,2.9999847,0.0,0.34475678,0.34244925,0.29414076,0.26502985
51.5028,-108.1649,50.905,-103.965,D,2016,04,17,2016-04-17,332.3,86,35.3,302.3,0,-2.1109133,-0.34082264,268.08023,272.08273,273.67813,271.66498,273.4211,2.9999847,0.0,0.34475678,0.34244925,0.29414076,0.26502985
51.5009,-108.1465,50.905,-103.965,D,2016,04,17,2016-04-17,331.2,85,33.2,301.8,0,-2.1109133,-0.34082264,268.08023,272.08273,273.67813,271.66498,273.4211,2.9999847,0.0,0.34475678,0.34244925,0.29414076,0.26502985
51.4927,-108.1673,50.905,-103.965,D,2016,04,17,2016-04-17,312.2,59,6.3,300.4,0,-2.1109133,-0.34082264,268.08023,272.08273,273.67813,271.66498,273.4211,2.9999847,0.0,0.34475678,0.34244925,0.29414076,0.26502985
51.4908,-108.149,50.905,-103.965,D,2016,04,17,2016-04-17,312.1,61,6.4,300.2,0,-2.1109133,-0.34082264,268.08023,272.08273,273.67813,271.66498,273.4211,2.9999847,0.0,0.34475678,0.34244925,0.29414076,0.26502985
50.8612,-106.6777,50.905,-103.965,D,2016,04,17,2016-04-17,313.0,62,8.9,295.8,0,-2.1109133,-0.34082264,268.08023,272.08273,273.67813,271.66498,273.4211,2.9999847,0.0,0.34475678,0.34244925,0.29414076,0.26502985
54.434,-109.6368,50.905,-103.965,D,2016,04,17,2016-04-17,307.5,62,39.5,291.3,0,-2.1109133,-0.34082264,268.08023,272.08273,273.67813,271.66498,273.4211,2.9999847,0.0,0.34475678,0.34244925,0.29414076,0.26502985
54.4264,-109.6364,50.905,-103.965,D,2016,04,17,2016-04-17,307.6,57,38.5,291.6,0,-2.1109133,-0.34082264,268.08023,272.08273,273.67813,271.66498,273.4211,2.9999847,0.0,0.34475678,0.34244925,0.29414076,0.26502985
53.5231,-114.3574,50.905,-103.965,D,2016,04,17,2016-04-17,320.7,68,56.5,295.0,0,-2.1109133,-0.34082264,268.08023,272.08273,273.67813,271.66498,273.4211,2.9999847,0.0,0.34475678,0.34244925,0.29414076,0.26502985
53.514,-114.3232,50.905,-103.965,D,2016,04,17,2016-04-17,319.8,0,52.8,294.5,0,-2.1109133,-0.34082264,268.08023,272.08273,273.67813,271.66498,273.4211,2.9999847,0.0,0.34475678,0.34244925,0.29414076,0.26502985
50.903,-105.5428,50.905,-103.965,D,2016,04,17,2016-04-17,309.5,55,4.8,297.1,0,-2.1109133,-0.34082264,268.08023,272.08273,273.67813,271.66498,273.4211,2.9999847,0.0,0.34475678,0.34244925,0.29414076,0.26502985
51.4717,-108.1533,50.905,-103.965,D,2016,04,17,2016-04-17,314.1,57,6.7,302.5,0,-2.1109133,-0.34082264,268.08023,272.08273,273.67813,271.66498,273.4211,2.9999847,0.0,0.34475678,0.34244925,0.29414076,0.26502985
51.2874,-103.9905,50.905,-103.965,D,2016,04,17,2016-04-17,304.6,46,3.7,290.4,0,-2.1109133,-0.34082264,268.08023,272.08273,273.67813,271.66498,273.4211,2.9999847,0.0,0.34475678,0.34244925,0.29414076,0.26502985
53.1017,-108.2902,50.905,-103.965,D,2016,04,17,2016-04-17,313.4,68,8.6,298.2,0,-2.1109133,-0.34082264,268.08023,272.08273,273.67813,271.66498,273.4211,2.9999847,0.0,0.34475678,0.34244925,0.29414076,0.26502985
52.7614,-110.8973,50.905,-103.965,D,2016,04,17,2016-04-17,314.3,56,10.3,302.5,0,-2.1109133,-0.34082264,268.08023,272.08273,273.67813,271.66498,273.4211,2.9999847,0.0,0.34475678,0.34244925,0.29414076,0.26502985
51.2962,-103.9937,50.905,-103.965,D,2016,04,17,2016-04-17,308.7,63,6.2,292.0,0,-2.1109133,-0.34082264,268.08023,272.08273,273.67813,271.66498,273.4211,2.9999847,0.0,0.34475678,0.34244925,0.29414076,0.26502985
51.3777,-105.1294,50.905,-103.965,D,2016,04,17,2016-04-17,308.2,57,3.9,296.3,0,-2.1109133,-0.34082264,268.08023,272.08273,273.67813,271.66498,273.4211,2.9999847,0.0,0.34475678,0.34244925,0.29414076,0.26502985
51.4746,-108.1372,50.905,-103.965,D,2016,04,17,2016-04-17,342.8,91,51.3,303.8,1,-2.1109133,-0.34082264,268.08023,272.08273,273.67813,271.66498,273.4211,2.9999847,0.0,0.34475678,0.34244925,0.29414076,0.26502985
53.5214,-114.3411,50.905,-103.965,D,2016,04,17,2016-04-17,321.1,74,34.8,296.4,0,-2.1109133,-0.34082264,268.08023,272.08273,273.67813,271.66498,273.4211,2.9999847,0.0,0.34475678,0.34244925,0.29414076,0.26502985
54.4365,-109.6555,50.905,-103.965,D,2016,04,17,2016-04-17,350.8,73,75.0,298.1,0,-2.1109133,-0.34082264,268.08023,272.08273,273.67813,271.66498,273.4211,2.9999847,0.0,0.34475678,0.34244925,0.29414076,0.26502985
55.9397,-117.1529,50.905,-103.965,D,2016,04,17,2016-04-17,301.0,43,14.2,274.7,0,-2.1109133,-0.34082264,268.08023,272.08273,273.67813,271.66498,273.4211,2.9999847,0.0,0.34475678,0.34244925,0.29414076,0.26502985
53.0078,-113.9123,50.905,-103.965,D,2016,04,17,2016-04-17,310.2,25,25.8,296.5,0,-2.1109133,-0.34082264,268.08023,272.08273,273.67813,271.66498,273.4211,2.9999847,0.0,0.34475678,0.34244925,0.29414076,0.26502985
52.9954,-113.9162,50.905,-103.965,D,2016,04,17,2016-04-17,317.0,58,70.1,298.6,0,-2.1109133,-0.34082264,268.08023,272.08273,273.67813,271.66498,273.4211,2.9999847,0.0,0.34475678,0.34244925,0.29414076,0.26502985
53.0578,-116.4608,50.905,-103.965,D,2016,04,17,2016-04-17,301.3,27,12.6,287.7,0,-2.1109133,-0.34082264,268.08023,272.08273,273.67813,271.66498,273.4211,2.9999847,0.0,0.34475678,0.34244925,0.29414076,0.26502985
52.992,-118.0565,50.905,-103.965,D,2016,04,17,2016-04-17,324.5,74,83.9,284.8,0,-2.1109133,-0.34082264,268.08023,272.08273,273.67813,271.66498,273.4211,2.9999847,0.0,0.34475678,0.34244925,0.29414076,0.26502985
53.5211,-114.3682,50.905,-103.965,D,2016,04,17,2016-04-17,308.5,56,26.6,296.2,0,-2.1109133,-0.34082264,268.08023,272.08273,273.67813,271.66498,273.4211,2.9999847,0.0,0.34475678,0.34244925,0.29414076,0.26502985
53.698,-114.036,50.905,-103.965,D,2016,04,17,2016-04-17,309.4,27,26.8,294.4,0,-2.1109133,-0.34082264,268.08023,272.08273,273.67813,271.66498,273.4211,2.9999847,0.0,0.34475678,0.34244925,0.29414076,0.26502985
53.7024,-114.0403,50.905,-103.965,D,2016,04,17,2016-04-17,310.1,32,30.2,294.5,0,-2.1109133,-0.34082264,268.08023,272.08273,273.67813,271.66498,273.4211,2.9999847,0.0,0.34475678,0.34244925,0.29414076,0.26502985
58.3455,-115.6305,53.142,-110.855,D,2016,04,18,2016-04-18,305.5,61,8.6,290.1,0,1.5140343,3.3065722,277.7467,277.89026,279.7423,273.30676,273.6543,2.0,0.0,0.3334568,0.3020961,0.2873597,0.23071925
53.9966,-111.3233,53.142,-110.855,D,2016,04,18,2016-04-18,310.9,62,5.6,297.6,0,1.5140343,3.3065722,277.7467,277.89026,279.7423,273.30676,273.6543,2.0,0.0,0.3334568,0.3020961,0.2873597,0.23071925
53.5357,-110.9761,53.142,-110.855,D,2016,04,18,2016-04-18,323.5,78,16.3,299.4,0,1.5140343,3.3065722,277.7467,277.89026,279.7423,273.30676,273.6543,2.0,0.0,0.3334568,0.3020961,0.2873597,0.23071925
53.4075,-111.5686,53.142,-110.855,D,2016,04,18,2016-04-18,323.3,77,15.6,299.7,0,1.5140343,3.3065722,277.7467,277.89026,279.7423,273.30676,273.6543,2.0,0.0,0.3334568,0.3020961,0.2873597,0.23071925
53.4052,-111.5537,53.142,-110.855,D,2016,04,18,2016-04-18,327.8,81,20.7,300.2,0,1.5140343,3.3065722,277.7467,277.89026,279.7423,273.30676,273.6543,2.0,0.0,0.3334568,0.3020961,0.2873597,0.23071925
53.7339,-114.5472,53.142,-110.855,D,2016,04,18,2016-04-18,310.2,41,4.2,298.1,0,1.5140343,3.3065722,277.7467,277.89026,279.7423,273.30676,273.6543,2.0,0.0,0.3334568,0.3020961,0.2873597,0.23071925
53.3901,-114.7474,53.142,-110.855,D,2016,04,18,2016-04-18,313.4,64,5.9,301.5,0,1.5140343,3.3065722,277.7467,277.89026,279.7423,273.30676,273.6543,2.0,0.0,0.3334568,0.3020961,0.2873597,0.23071925
54.8994,-123.8294,53.142,-110.855,D,2016,04,18,2016-04-18,312.9,49,55.1,279.6,0,1.5140343,3.3065722,277.7467,277.89026,279.7423,273.30676,273.6543,2.0,0.0,0.3334568,0.3020961,0.2873597,0.23071925
56.355,-121.6295,53.142,-110.855,D,2016,04,18,2016-04-18,333.6,89,125.3,297.1,0,1.5140343,3.3065722,277.7467,277.89026,279.7423,273.30676,273.6543,2.0,0.0,0.3334568,0.3020961,0.2873597,0.23071925
54.8894,-123.7928,53.142,-110.855,D,2016,04,18,2016-04-18,312.7,48,54.6,277.3,0,1.5140343,3.3065722,277.7467,277.89026,279.7423,273.30676,273.6543,2.0,0.0,0.3334568,0.3020961,0.2873597,0.23071925
56.3419,-121.6001,53.142,-110.855,D,2016,04,18,2016-04-18,323.8,83,78.4,296.8,0,1.5140343,3.3065722,277.7467,277.89026,279.7423,273.30676,273.6543,2.0,0.0,0.3334568,0.3020961,0.2873597,0.23071925
56.3527,-121.6383,53.142,-110.855,D,2016,04,18,2016-04-18,323.2,82,76.4,295.6,0,1.5140343,3.3065722,277.7467,277.89026,279.7423,273.30676,273.6543,2.0,0.0,0.3334568,0.3020961,0.2873597,0.23071925
56.344,-121.5913,53.142,-110.855,D,2016,04,18,2016-04-18,320.0,57,54.8,296.5,0,1.5140343,3.3065722,277.7467,277.89026,279.7423,273.30676,273.6543,2.0,0.0,0.3334568,0.3020961,0.2873597,0.23071925
53.4986,-113.0332,53.142,-110.855,D,2016,04,18,2016-04-18,324.9,79,19.5,299.3,0,1.5140343,3.3065722,277.7467,277.89026,279.7423,273.30676,273.6543,2.0,0.0,0.3334568,0.3020961,0.2873597,0.23071925
53.2437,-111.4237,53.142,-110.855,D,2016,04,18,2016-04-18,354.4,97,85.1,302.7,1,1.5140343,3.3065722,277.7467,277.89026,279.7423,273.30676,273.6543,2.0,0.0,0.3334568,0.3020961,0.2873597,0.23071925
53.2418,-111.4414,53.142,-110.855,D,2016,04,18,2016-04-18,342.4,91,52.9,302.9,1,1.5140343,3.3065722,277.7467,277.89026,279.7423,273.30676,273.6543,2.0,0.0,0.3334568,0.3020961,0.2873597,0.23071925
53.2534,-111.4266,53.142,-110.855,D,2016,04,18,2016-04-18,312.4,56,6.6,300.3,0,1.5140343,3.3065722,277.7467,277.89026,279.7423,273.30676,273.6543,2.0,0.0,0.3334568,0.3020961,0.2873597,0.23071925
53.0745,-113.9877,53.142,-110.855,D,2016,04,18,2016-04-18,314.0,64,6.4,301.7,0,1.5140343,3.3065722,277.7467,277.89026,279.7423,273.30676,273.6543,2.0,0.0,0.3334568,0.3020961,0.2873597,0.23071925
53.0725,-114.0028,53.142,-110.855,D,2016,04,18,2016-04-18,324.9,79,17.3,301.9,0,1.5140343,3.3065722,277.7467,277.89026,279.7423,273.30676,273.6543,2.0,0.0,0.3334568,0.3020961,0.2873597,0.23071925
53.5339,-110.9852,53.142,-110.855,D,2016,04,18,2016-04-18,309.4,50,5.3,294.9,0,1.5140343,3.3065722,277.7467,277.89026,279.7423,273.30676,273.6543,2.0,0.0,0.3334568,0.3020961,0.2873597,0.23071925
53.4707,-111.943,53.142,-110.855,D,2016,04,18,2016-04-18,356.4,98,85.8,300.0,1,1.5140343,3.3065722,277.7467,277.89026,279.7423,273.30676,273.6543,2.0,0.0,0.3334568,0.3020961,0.2873597,0.23071925
53.4687,-111.9603,53.142,-110.855,D,2016,04,18,2016-04-18,349.6,95,66.7,302.5,1,1.5140343,3.3065722,277.7467,277.89026,279.7423,273.30676,273.6543,2.0,0.0,0.3334568,0.3020961,0.2873597,0.23071925
53.4737,-111.9513,53.142,-110.855,D,2016,04,18,2016-04-18,359.3,99,95.7,302.4,1,1.5140343,3.3065722,277.7467,277.89026,279.7423,273.30676,273.6543,2.0,0.0,0.3334568,0.3020961,0.2873597,0.23071925
53.4718,-111.9685,53.142,-110.855,D,2016,04,18,2016-04-18,314.9,64,7.4,301.8,0,1.5140343,3.3065722,277.7467,277.89026,279.7423,273.30676,273.6543,2.0,0.0,0.3334568,0.3020961,0.2873597,0.23071925
53.5456,-112.4705,53.142,-110.855,D,2016,04,18,2016-04-18,336.2,83,35.1,300.8,0,1.5140343,3.3065722,277.7467,277.89026,279.7423,273.30676,273.6543,2.0,0.0,0.3334568,0.3020961,0.2873597,0.23071925
53.5437,-112.4871,53.142,-110.855,D,2016,04,18,2016-04-18,361.4,87,97.2,305.1,0,1.5140343,3.3065722,277.7467,277.89026,279.7423,273.30676,273.6543,2.0,0.0,0.3334568,0.3020961,0.2873597,0.23071925
53.5549,-112.4736,53.142,-110.855,D,2016,04,18,2016-04-18,336.4,88,36.0,300.7,0,1.5140343,3.3065722,277.7467,277.89026,279.7423,273.30676,273.6543,2.0,0.0,0.3334568,0.3020961,0.2873597,0.23071925
53.553,-112.4902,53.142,-110.855,D,2016,04,18,2016-04-18,354.5,97,77.1,303.4,1,1.5140343,3.3065722,277.7467,277.89026,279.7423,273.30676,273.6543,2.0,0.0,0.3334568,0.3020961,0.2873597,0.23071925
53.5643,-112.4766,53.142,-110.855,D,2016,04,18,2016-04-18,314.1,63,7.6,297.4,0,1.5140343,3.3065722,277.7467,277.89026,279.7423,273.30676,273.6543,2.0,0.0,0.3334568,0.3020961,0.2873597,0.23071925
53.5624,-112.4933,53.142,-110.855,D,2016,04,18,2016-04-18,319.5,72,13.7,298.6,0,1.5140343,3.3065722,277.7467,277.89026,279.7423,273.30676,273.6543,2.0,0.0,0.3334568,0.3020961,0.2873597,0.23071925
53.4966,-113.0493,53.142,-110.855,D,2016,04,18,2016-04-18,332.1,85,29.4,299.6,0,1.5140343,3.3065722,277.7467,277.89026,279.7423,273.30676,273.6543,2.0,0.0,0.3334568,0.3020961,0.2873597,0.23071925
53.9194,-112.6705,53.142,-110.855,D,2016,04,18,2016-04-18,320.8,68,11.4,302.0,0,1.5140343,3.3065722,277.7467,277.89026,279.7423,273.30676,273.6543,2.0,0.0,0.3334568,0.3020961,0.2873597,0.23071925
53.9174,-112.6872,53.142,-110.855,D,2016,04,18,2016-04-18,319.4,51,9.9,301.9,0,1.5140343,3.3065722,277.7467,277.89026,279.7423,273.30676,273.6543,2.0,0.0,0.3334568,0.3020961,0.2873597,0.23071925
53.9287,-112.6736,53.142,-110.855,D,2016,04,18,2016-04-18,328.9,83,21.3,303.2,0,1.5140343,3.3065722,277.7467,277.89026,279.7423,273.30676,273.6543,2.0,0.0,0.3334568,0.3020961,0.2873597,0.23071925
53.9268,-112.6903,53.142,-110.855,D,2016,04,18,2016-04-18,324.6,63,15.4,302.4,0,1.5140343,3.3065722,277.7467,277.89026,279.7423,273.30676,273.6543,2.0,0.0,0.3334568,0.3020961,0.2873597,0.23071925
53.9381,-112.6767,53.142,-110.855,D,2016,04,18,2016-04-18,407.3,100,338.9,313.7,1,1.5140343,3.3065722,277.7467,277.89026,279.7423,273.30676,273.6543,2.0,0.0,0.3334568,0.3020961,0.2873597,0.23071925
53.9361,-112.6935,53.142,-110.855,D,2016,04,18,2016-04-18,388.7,94,212.3,310.0,1,1.5140343,3.3065722,277.7467,277.89026,279.7423,273.30676,273.6543,2.0,0.0,0.3334568,0.3020961,0.2873597,0.23071925
53.9444,-112.6683,53.142,-110.855,D,2016,04,18,2016-04-18,362.1,100,99.8,302.3,1,1.5140343,3.3065722,277.7467,277.89026,279.7423,273.30676,273.6543,2.0,0.0,0.3334568,0.3020961,0.2873597,0.23071925
53.9425,-112.6851,53.142,-110.855,D,2016,04,18,2016-04-18,461.9,100,1020.9,331.2,1,1.5140343,3.3065722,277.7467,277.89026,279.7423,273.30676,273.6543,2.0,0.0,0.3334568,0.3020961,0.2873597,0.23071925
53.9406,-112.7018,53.142,-110.855,D,2016,04,18,2016-04-18,331.5,85,27.4,306.1,0,1.5140343,3.3065722,277.7467,277.89026,279.7423,273.30676,273.6543,2.0,0.0,0.3334568,0.3020961,0.2873597,0.23071925
53.9538,-112.6714,53.142,-110.855,D,2016,04,18,2016-04-18,314.8,66,7.8,300.2,0,1.5140343,3.3065722,277.7467,277.89026,279.7423,273.30676,273.6543,2.0,0.0,0.3334568,0.3020961,0.2873597,0.23071925
53.9518,-112.6882,53.142,-110.855,D,2016,04,18,2016-04-18,336.1,88,36.2,300.2,0,1.5140343,3.3065722,277.7467,277.89026,279.7423,273.30676,273.6543,2.0,0.0,0.3334568,0.3020961,0.2873597,0.23071925
53.7319,-114.5501,53.142,-110.855,D,2016,04,18,2016-04-18,319.4,64,12.1,300.9,0,1.5140343,3.3065722,277.7467,277.89026,279.7423,273.30676,273.6543,2.0,0.0,0.3334568,0.3020961,0.2873597,0.23071925
56.3641,-121.6127,53.142,-110.855,D,2016,04,18,2016-04-18,336.4,90,39.0,300.9,1,1.5140343,3.3065722,277.7467,277.89026,279.7423,273.30676,273.6543,2.0,0.0,0.3334568,0.3020961,0.2873597,0.23071925
56.3607,-121.6307,53.142,-110.855,D,2016,04,18,2016-04-18,371.5,100,141.6,304.7,1,1.5140343,3.3065722,277.7467,277.89026,279.7423,273.30676,273.6543,2.0,0.0,0.3334568,0.3020961,0.2873597,0.23071925
56.371,-121.4925,53.142,-110.855,D,2016,04,18,2016-04-18,323.9,57,16.5,299.8,0,1.5140343,3.3065722,277.7467,277.89026,279.7423,273.30676,273.6543,2.0,0.0,0.3334568,0.3020961,0.2873597,0.23071925
56.3485,-121.6166,53.142,-110.855,D,2016,04,18,2016-04-18,357.8,99,92.5,302.8,1,1.5140343,3.3065722,277.7467,277.89026,279.7423,273.30676,273.6543,2.0,0.0,0.3334568,0.3020961,0.2873597,0.23071925
56.3619,-121.4871,53.142,-110.855,D,2016,04,18,2016-04-18,323.2,67,15.8,300.8,0,1.5140343,3.3065722,277.7467,277.89026,279.7423,273.30676,273.6543,2.0,0.0,0.3334568,0.3020961,0.2873597,0.23071925
56.3452,-121.6346,53.142,-110.855,D,2016,04,18,2016-04-18,319.5,79,16.0,297.5,0,1.5140343,3.3065722,277.7467,277.89026,279.7423,273.30676,273.6543,2.0,0.0,0.3334568,0.3020961,0.2873597,0.23071925
56.3549,-121.6073,53.142,-110.855,D,2016,04,18,2016-04-18,354.0,97,79.6,299.4,1,1.5140343,3.3065722,277.7467,277.89026,279.7423,273.30676,273.6543,2.0,0.0,0.3334568,0.3020961,0.2873597,0.23071925
56.3741,-121.4748,53.142,-110.855,D,2016,04,18,2016-04-18,325.4,64,18.5,300.0,0,1.5140343,3.3065722,277.7467,277.89026,279.7423,273.30676,273.6543,2.0,0.0,0.3334568,0.3020961,0.2873597,0.23071925
56.3516,-121.6253,53.142,-110.855,D,2016,04,18,2016-04-18,392.7,100,252.2,309.9,1,1.5140343,3.3065722,277.7467,277.89026,279.7423,273.30676,273.6543,2.0,0.0,0.3334568,0.3020961,0.2873597,0.23071925
58.3361,-115.6318,53.142,-110.855,D,2016,04,18,2016-04-18,302.9,54,6.9,280.4,0,1.5140343,3.3065722,277.7467,277.89026,279.7423,273.30676,273.6543,2.0,0.0,0.3334568,0.3020961,0.2873597,0.23071925
53.8596,-125.6162,53.142,-110.855,D,2016,04,18,2016-04-18,363.9,71,601.4,282.6,0,1.5140343,3.3065722,277.7467,277.89026,279.7423,273.30676,273.6543,2.0,0.0,0.3334568,0.3020961,0.2873597,0.23071925
53.85,-125.6738,53.142,-110.855,D,2016,04,18,2016-04-18,394.5,100,1366.8,294.3,1,1.5140343,3.3065722,277.7467,277.89026,279.7423,273.30676,273.6543,2.0,0.0,0.3334568,0.3020961,0.2873597,0.23071925
53.8585,-125.67,53.142,-110.855,D,2016,04,18,2016-04-18,390.3,100,1242.9,292.5,1,1.5140343,3.3065722,277.7467,277.89026,279.7423,273.30676,273.6543,2.0,0.0,0.3334568,0.3020961,0.2873597,0.23071925
53.8425,-125.6693,53.142,-110.855,D,2016,04,18,2016-04-18,347.9,77,357.5,286.4,0,1.5140343,3.3065722,277.7467,277.89026,279.7423,273.30676,273.6543,2.0,0.0,0.3334568,0.3020961,0.2873597,0.23071925
56.5757,-121.2295,56.67,-121.257,N,2016,04,19,2016-04-19,327.8,100,258.8,284.5,1,4.622367,-0.8660228,288.63943,284.3138,279.711,272.4089,273.3463,2.0,0.0,0.25322124,0.27415812,0.23985308,0.24083145
56.6129,-121.1848,56.67,-121.257,N,2016,04,19,2016-04-19,319.2,98,173.8,281.2,1,4.622367,-0.8660228,288.63943,284.3138,279.711,272.4089,273.3463,2.0,0.0,0.25322124,0.27415812,0.23985308,0.24083145
57.056,-121.9269,56.67,-121.257,N,2016,04,19,2016-04-19,318.1,96,188.7,277.5,1,4.622367,-0.8660228,288.63943,284.3138,279.711,272.4089,273.3463,2.0,0.0,0.25322124,0.27415812,0.23985308,0.24083145
57.057,-121.9247,56.67,-121.257,N,2016,04,19,2016-04-19,318.8,97,191.4,277.7,1,4.622367,-0.8660228,288.63943,284.3138,279.711,272.4089,273.3463,2.0,0.0,0.25322124,0.27415812,0.23985308,0.24083145
56.5628,-121.203,56.67,-121.257,N,2016,04,19,2016-04-19,306.6,39,85.0,284.1,0,4.622367,-0.8660228,288.63943,284.3138,279.711,272.4089,273.3463,2.0,0.0,0.25322124,0.27415812,0.23985308,0.24083145
56.5615,-121.2082,56.67,-121.257,N,2016,04,19,2016-04-19,315.7,80,149.2,283.7,0,4.622367,-0.8660228,288.63943,284.3138,279.711,272.4089,273.3463,2.0,0.0,0.25322124,0.27415812,0.23985308,0.24083145
56.5988,-121.1626,56.67,-121.257,N,2016,04,19,2016-04-19,344.1,100,482.5,287.2,1,4.622367,-0.8660228,288.63943,284.3138,279.711,272.4089,273.3463,2.0,0.0,0.25322124,0.27415812,0.23985308,0.24083145
56.5764,-121.2262,56.67,-121.257,N,2016,04,19,2016-04-19,333.8,100,336.7,284.9,1,4.622367,-0.8660228,288.63943,284.3138,279.711,272.4089,273.3463,2.0,0.0,0.25322124,0.27415812,0.23985308,0.24083145
56.6135,-121.1811,56.67,-121.257,N,2016,04,19,2016-04-19,320.1,100,181.9,282.1,1,4.622367,-0.8660228,288.63943,284.3138,279.711,272.4089,273.3463,2.0,0.0,0.25322124,0.27415812,0.23985308,0.24083145
56.5982,-121.1663,56.67,-121.257,N,2016,04,19,2016-04-19,340.0,100,408.5,286.8,1,4.622367,-0.8660228,288.63943,284.3138,279.711,272.4089,273.3463,2.0,0.0,0.25322124,0.27415812,0.23985308,0.24083145
56.5677,-121.237,56.67,-121.257,N,2016,04,19,2016-04-19,317.6,50,20.6,281.4,0,4.622367,-0.8660228,288.63943,284.3138,279.711,272.4089,273.3463,2.0,0.0,0.25322124,0.27415812,0.23985308,0.24083145
56.5718,-121.201,56.67,-121.257,N,2016,04,19,2016-04-19,347.4,100,67.8,284.1,1,4.622367,-0.8660228,288.63943,284.3138,279.711,272.4089,273.3463,2.0,0.0,0.25322124,0.27415812,0.23985308,0.24083145
56.5698,-121.219,56.67,-121.257,N,2016,04,19,2016-04-19,321.9,23,24.3,282.3,0,4.622367,-0.8660228,288.63943,284.3138,279.711,272.4089,273.3463,2.0,0.0,0.25322124,0.27415812,0.23985308,0.24083145
56.5656,-121.2549,56.67,-121.257,N,2016,04,19,2016-04-19,304.6,28,10.2,280.0,0,4.622367,-0.8660228,288.63943,284.3138,279.711,272.4089,273.3463,2.0,0.0,0.25322124,0.27415812,0.23985308,0.24083145
56.6022,-121.1428,56.67,-121.257,N,2016,04,19,2016-04-19,348.7,92,70.3,285.6,1,4.622367,-0.8660228,288.63943,284.3138,279.711,272.4089,273.3463,2.0,0.0,0.25322124,0.27415812,0.23985308,0.24083145
56.6096,-121.1644,56.67,-121.257,N,2016,04,19,2016-04-19,336.5,81,43.0,282.3,0,4.622367,-0.8660228,288.63943,284.3138,279.711,272.4089,273.3463,2.0,0.0,0.25322124,0.27415812,0.23985308,0.24083145
56.6189,-121.1678,56.67,-121.257,N,2016,04,19,2016-04-19,324.9,31,26.9,281.8,0,4.622367,-0.8660228,288.63943,284.3138,279.711,272.4089,273.3463,2.0,0.0,0.25322124,0.27415812,0.23985308,0.24083145
57.0014,-121.4712,56.67,-121.257,N,2016,04,19,2016-04-19,302.7,51,10.7,276.6,0,4.622367,-0.8660228,288.63943,284.3138,279.711,272.4089,273.3463,2.0,0.0,0.25322124,0.27415812,0.23985308,0.24083145
57.054,-121.8924,56.67,-121.257,N,2016,04,19,2016-04-19,302.0,10,8.6,274.7,0,4.622367,-0.8660228,288.63943,284.3138,279.711,272.4089,273.3463,2.0,0.0,0.25322124,0.27415812,0.23985308,0.24083145
57.0519,-121.9102,56.67,-121.257,N,2016,04,19,2016-04-19,340.8,100,55.0,275.4,1,4.622367,-0.8660228,288.63943,284.3138,279.711,272.4089,273.3463,2.0,0.0,0.25322124,0.27415812,0.23985308,0.24083145
57.0586,-121.8996,56.67,-121.257,N,2016,04,19,2016-04-19,334.6,100,44.0,276.2,1,4.622367,-0.8660228,288.63943,284.3138,279.711,272.4089,273.3463,2.0,0.0,0.25322124,0.27415812,0.23985308,0.24083145
57.0565,-121.9174,56.67,-121.257,N,2016,04,19,2016-04-19,328.5,100,34.7,274.0,1,4.622367,-0.8660228,288.63943,284.3138,279.711,272.4089,273.3463,2.0,0.0,0.25322124,0.27415812,0.23985308,0.24083145
57.0699,-121.8853,56.67,-121.257,N,2016,04,19,2016-04-19,301.4,41,9.4,275.6,0,4.622367,-0.8660228,288.63943,284.3138,279.711,272.4089,273.3463,2.0,0.0,0.25322124,0.27415812,0.23985308,0.24083145
56.5694,-121.1939,56.67,-121.257,N,2016,04,19,2016-04-19,318.2,96,30.6,275.1,1,4.622367,-0.8660228,288.63943,284.3138,279.711,272.4089,273.3463,2.0,0.0,0.25322124,0.27415812,0.23985308,0.24083145
56.5715,-121.2156,56.67,-121.257,N,2016,04,19,2016-04-19,300.1,9,11.9,275.1,0,4.622367,-0.8660228,288.63943,284.3138,279.711,272.4089,273.3463,2.0,0.0,0.25322124,0.27415812,0.23985308,0.24083145
56.5756,-121.1474,56.67,-121.257,N,2016,04,19,2016-04-19,304.2,59,15.3,275.5,0,4.622367,-0.8660228,288.63943,284.3138,279.711,272.4089,273.3463,2.0,0.0,0.25322124,0.27415812,0.23985308,0.24083145
56.5776,-121.1691,56.67,-121.257,N,2016,04,19,2016-04-19,327.4,100,45.6,276.9,1,4.622367,-0.8660228,288.63943,284.3138,279.711,272.4089,273.3463,2.0,0.0,0.25322124,0.27415812,0.23985308,0.24083145
56.6127,-121.204,56.67,-121.257,N,2016,04,19,2016-04-19,305.3,50,15.7,275.5,0,4.622367,-0.8660228,288.63943,284.3138,279.711,272.4089,273.3463,2.0,0.0,0.25322124,0.27415812,0.23985308,0.24083145
58.5649,-118.3995,54.459,-115.133,D,2016,04,19,2016-04-19,367.4,100,117.3,292.0,1,2.6155279,-2.0501404,284.07126,283.45264,282.85583,275.3251,273.79184,2.0,0.0,0.30336118,0.31768084,0.33216333,0.3323945
57.2504,-117.2117,54.459,-115.133,D,2016,04,19,2016-04-19,305.7,62,6.0,291.6,0,2.6155279,-2.0501404,284.07126,283.45264,282.85583,275.3251,273.79184,2.0,0.0,0.30336118,0.31768084,0.33216333,0.3323945
57.2539,-117.2301,54.459,-115.133,D,2016,04,19,2016-04-19,304.3,59,4.9,291.6,0,2.6155279,-2.0501404,284.07126,283.45264,282.85583,275.3251,273.79184,2.0,0.0,0.30336118,0.31768084,0.33216333,0.3323945
58.5619,-118.3822,54.459,-115.133,D,2016,04,19,2016-04-19,391.4,100,222.5,295.0,1,2.6155279,-2.0501404,284.07126,283.45264,282.85583,275.3251,273.79184,2.0,0.0,0.30336118,0.31768084,0.33216333,0.3323945
56.0983,-120.6463,54.459,-115.133,D,2016,04,19,2016-04-19,336.4,89,35.9,291.4,0,2.6155279,-2.0501404,284.07126,283.45264,282.85583,275.3251,273.79184,2.0,0.0,0.30336118,0.31768084,0.33216333,0.3323945
56.0921,-120.6669,54.459,-115.133,D,2016,04,19,2016-04-19,344.0,93,48.2,293.4,1,2.6155279,-2.0501404,284.07126,283.45264,282.85583,275.3251,273.79184,2.0,0.0,0.30336118,0.31768084,0.33216333,0.3323945
56.0895,-120.6509,54.459,-115.133,D,2016,04,19,2016-04-19,373.7,100,131.0,295.9,1,2.6155279,-2.0501404,284.07126,283.45264,282.85583,275.3251,273.79184,2.0,0.0,0.30336118,0.31768084,0.33216333,0.3323945
56.0869,-120.635,54.459,-115.133,D,2016,04,19,2016-04-19,302.3,40,3.7,289.8,0,2.6155279,-2.0501404,284.07126,283.45264,282.85583,275.3251,273.79184,2.0,0.0,0.30336118,0.31768084,0.33216333,0.3323945
56.0859,-120.6873,54.459,-115.133,D,2016,04,19,2016-04-19,319.7,50,14.7,291.3,0,2.6155279,-2.0501404,284.07126,283.45264,282.85583,275.3251,273.79184,2.0,0.0,0.30336118,0.31768084,0.33216333,0.3323945
55.9803,-121.3178,54.459,-115.133,D,2016,04,19,2016-04-19,353.7,97,68.4,297.2,1,2.6155279,-2.0501404,284.07126,283.45264,282.85583,275.3251,273.79184,2.0,0.0,0.30336118,0.31768084,0.33216333,0.3323945
55.9778,-121.3021,54.459,-115.133,D,2016,04,19,2016-04-19,317.0,74,11.9,292.5,0,2.6155279,-2.0501404,284.07126,283.45264,282.85583,275.3251,273.79184,2.0,0.0,0.30336118,0.31768084,0.33216333,0.3323945
55.9715,-121.3222,54.459,-115.133,D,2016,04,19,2016-04-19,351.9,97,64.0,295.1,1,2.6155279,-2.0501404,284.07126,283.45264,282.85583,275.3251,273.79184,2.0,0.0,0.30336118,0.31768084,0.33216333,0.3323945
55.969,-121.3065,54.459,-115.133,D,2016,04,19,2016-04-19,316.5,72,11.4,292.7,0,2.6155279,-2.0501404,284.07126,283.45264,282.85583,275.3251,273.79184,2.0,0.0,0.30336118,0.31768084,0.33216333,0.3323945
55.6727,-120.7021,54.459,-115.133,D,2016,04,19,2016-04-19,308.4,67,7.0,295.0,0,2.6155279,-2.0501404,284.07126,283.45264,282.85583,275.3251,273.79184,2.0,0.0,0.30336118,0.31768084,0.33216333,0.3323945
55.7376,-121.2146,54.459,-115.133,D,2016,04,19,2016-04-19,313.5,60,10.3,289.0,0,2.6155279,-2.0501404,284.07126,283.45264,282.85583,275.3251,273.79184,2.0,0.0,0.30336118,0.31768084,0.33216333,0.3323945
55.7351,-121.1989,54.459,-115.133,D,2016,04,19,2016-04-19,310.7,45,7.9,288.6,0,2.6155279,-2.0501404,284.07126,283.45264,282.85583,275.3251,273.79184,2.0,0.0,0.30336118,0.31768084,0.33216333,0.3323945
55.728,-121.209,54.459,-115.133,D,2016,04,19,2016-04-19,315.0,73,12.4,291.5,0,2.6155279,-2.0501404,284.07126,283.45264,282.85583,275.3251,273.79184,2.0,0.0,0.30336118,0.31768084,0.33216333,0.3323945
55.7192,-121.2132,54.459,-115.133,D,2016,04,19,2016-04-19,310.7,59,9.3,289.7,0,2.6155279,-2.0501404,284.07126,283.45264,282.85583,275.3251,273.79184,2.0,0.0,0.30336118,0.31768084,0.33216333,0.3323945
55.6179,-121.405,54.459,-115.133,D,2016,04,19,2016-04-19,316.9,77,14.1,291.9,0,2.6155279,-2.0501404,284.07126,283.45264,282.85583,275.3251,273.79184,2.0,0.0,0.30336118,0.31768084,0.33216333,0.3323945
55.6154,-121.3894,54.459,-115.133,D,2016,04,19,2016-04-19,312.0,72,9.7,293.2,0,2.6155279,-2.0501404,284.07126,283.45264,282.85583,275.3251,273.79184,2.0,0.0,0.30336118,0.31768084,0.33216333,0.3323945
54.8785,-123.8864,54.459,-115.133,D,2016,04,19,2016-04-19,376.3,87,142.9,291.7,0,2.6155279,-2.0501404,284.07126,283.45264,282.85583,275.3251,273.79184,2.0,0.0,0.30336118,0.31768084,0.33216333,0.3323945
54.8763,-123.8711,54.459,-115.133,D,2016,04,19,2016-04-19,310.5,59,12.1,284.7,0,2.6155279,-2.0501404,284.07126,283.45264,282.85583,275.3251,273.79184,2.0,0.0,0.30336118,0.31768084,0.33216333,0.3323945
56.3062,-121.06,54.459,-115.133,D,2016,04,19,2016-04-19,312.5,55,13.4,276.8,0,2.6155279,-2.0501404,284.07126,283.45264,282.85583,275.3251,273.79184,2.0,0.0,0.30336118,0.31768084,0.33216333,0.3323945
56.3087,-121.0759,54.459,-115.133,D,2016,04,19,2016-04-19,312.9,0,13.3,273.2,0,2.6155279,-2.0501404,284.07126,283.45264,282.85583,275.3251,273.79184,2.0,0.0,0.30336118,0.31768084,0.33216333,0.3323945
56.5738,-121.1447,54.459,-115.133,D,2016,04,19,2016-04-19,309.0,45,10.5,274.8,0,2.6155279,-2.0501404,284.07126,283.45264,282.85583,275.3251,273.79184,2.0,0.0,0.30336118,0.31768084,0.33216333,0.3323945
56.528,-120.3889,54.459,-115.133,D,2016,04,19,2016-04-19,308.3,67,11.8,273.1,0,2.6155279,-2.0501404,284.07126,283.45264,282.85583,275.3251,273.79184,2.0,0.0,0.30336118,0.31768084,0.33216333,0.3323945
56.5332,-120.4211,54.459,-115.133,D,2016,04,19,2016-04-19,308.3,67,11.4,272.9,0,2.6155279,-2.0501404,284.07126,283.45264,282.85583,275.3251,273.79184,2.0,0.0,0.30336118,0.31768084,0.33216333,0.3323945
56.6474,-121.0724,54.459,-115.133,D,2016,04,19,2016-04-19,300.3,17,4.7,284.0,0,2.6155279,-2.0501404,284.07126,283.45264,282.85583,275.3251,273.79184,2.0,0.0,0.30336118,0.31768084,0.33216333,0.3323945
56.155,-118.1678,54.459,-115.133,D,2016,04,19,2016-04-19,302.4,52,6.5,285.8,0,2.6155279,-2.0501404,284.07126,283.45264,282.85583,275.3251,273.79184,2.0,0.0,0.30336118,0.31768084,0.33216333,0.3323945
57.0005,-121.4694,54.459,-115.133,D,2016,04,19,2016-04-19,338.7,91,42.7,276.5,1,2.6155279,-2.0501404,284.07126,283.45264,282.85583,275.3251,273.79184,2.0,0.0,0.30336118,0.31768084,0.33216333,0.3323945
57.0029,-121.4853,54.459,-115.133,D,2016,04,19,2016-04-19,313.4,74,13.1,273.2,0,2.6155279,-2.0501404,284.07126,283.45264,282.85583,275.3251,273.79184,2.0,0.0,0.30336118,0.31768084,0.33216333,0.3323945
56.1185,-120.1405,54.459,-115.133,D,2016,04,19,2016-04-19,320.0,69,17.5,293.0,0,2.6155279,-2.0501404,284.07126,283.45264,282.85583,275.3251,273.79184,2.0,0.0,0.30336118,0.31768084,0.33216333,0.3323945
56.2452,-121.3873,54.459,-115.133,D,2016,04,19,2016-04-19,300.3,0,5.7,275.5,0,2.6155279,-2.0501404,284.07126,283.45264,282.85583,275.3251,273.79184,2.0,0.0,0.30336118,0.31768084,0.33216333,0.3323945
56.1035,-120.678,54.459,-115.133,D,2016,04,19,2016-04-19,319.5,26,14.5,292.5,0,2.6155279,-2.0501404,284.07126,283.45264,282.85583,275.3251,273.79184,2.0,0.0,0.30336118,0.31768084,0.33216333,0.3323945
56.1009,-120.6622,54.459,-115.133,D,2016,04,19,2016-04-19,358.6,99,82.2,295.2,1,2.6155279,-2.0501404,284.07126,283.45264,282.85583,275.3251,273.79184,2.0,0.0,0.30336118,0.31768084,0.33216333,0.3323945
56.1274,-120.1471,54.459,-115.133,D,2016,04,19,2016-04-19,322.3,69,18.1,291.1,0,2.6155279,-2.0501404,284.07126,283.45264,282.85583,275.3251,273.79184,2.0,0.0,0.30336118,0.31768084,0.33216333,0.3323945
56.1212,-120.1568,54.459,-115.133,D,2016,04,19,2016-04-19,321.8,77,18.9,292.3,0,2.6155279,-2.0501404,284.07126,283.45264,282.85583,275.3251,273.79184,2.0,0.0,0.30336118,0.31768084,0.33216333,0.3323945
55.7275,-121.198,54.459,-115.133,D,2016,04,19,2016-04-19,307.4,65,63.4,283.9,0,2.6155279,-2.0501404,284.07126,283.45264,282.85583,275.3251,273.79184,2.0,0.0,0.30336118,0.31768084,0.33216333,0.3323945
55.7424,-121.2108,54.459,-115.133,D,2016,04,19,2016-04-19,307.2,65,60.6,282.5,0,2.6155279,-2.0501404,284.07126,283.45264,282.85583,275.3251,273.79184,2.0,0.0,0.30336118,0.31768084,0.33216333,0.3323945
55.7333,-121.2047,54.459,-115.133,D,2016,04,19,2016-04-19,317.6,78,116.5,283.9,0,2.6155279,-2.0501404,284.07126,283.45264,282.85583,275.3251,273.79184,2.0,0.0,0.30336118,0.31768084,0.33216333,0.3323945
56.0947,-120.6911,54.459,-115.133,D,2016,04,19,2016-04-19,306.9,37,50.7,279.4,0,2.6155279,-2.0501404,284.07126,283.45264,282.85583,275.3251,273.79184,2.0,0.0,0.30336118,0.31768084,0.33216333,0.3323945
58.546,-118.4038,54.459,-115.133,D,2016,04,19,2016-04-19,301.6,47,21.0,284.5,0,2.6155279,-2.0501404,284.07126,283.45264,282.85583,275.3251,273.79184,2.0,0.0,0.30336118,0.31768084,0.33216333,0.3323945
58.5674,-118.3804,54.459,-115.133,D,2016,04,19,2016-04-19,335.3,89,127.4,284.6,0,2.6155279,-2.0501404,284.07126,283.45264,282.85583,275.3251,273.79184,2.0,0.0,0.30336118,0.31768084,0.33216333,0.3323945
58.5578,-118.4156,54.459,-115.133,D,2016,04,19,2016-04-19,338.9,91,147.2,287.7,1,2.6155279,-2.0501404,284.07126,283.45264,282.85583,275.3251,273.79184,2.0,0.0,0.30336118,0.31768084,0.33216333,0.3323945
55.9725,-121.317,54.459,-115.133,D,2016,04,19,2016-04-19,313.5,74,85.5,288.4,0,2.6155279,-2.0501404,284.07126,283.45264,282.85583,275.3251,273.79184,2.0,0.0,0.30336118,0.31768084,0.33216333,0.3323945
55.9558,-121.37,54.459,-115.133,D,2016,04,19,2016-04-19,300.8,18,28.6,288.8,0,2.6155279,-2.0501404,284.07126,283.45264,282.85583,275.3251,273.79184,2.0,0.0,0.30336118,0.31768084,0.33216333,0.3323945
55.9641,-121.3105,54.459,-115.133,D,2016,04,19,2016-04-19,302.9,44,35.9,288.1,0,2.6155279,-2.0501404,284.07126,283.45264,282.85583,275.3251,273.79184,2.0,0.0,0.30336118,0.31768084,0.33216333,0.3323945
58.559,-118.3644,54.459,-115.133,D,2016,04,19,2016-04-19,321.7,81,68.9,282.5,0,2.6155279,-2.0501404,284.07126,283.45264,282.85583,275.3251,273.79184,2.0,0.0,0.30336118,0.31768084,0.33216333,0.3323945
55.9784,-121.325,54.459,-115.133,D,2016,04,19,2016-04-19,307.2,65,55.7,287.9,0,2.6155279,-2.0501404,284.07126,283.45264,282.85583,275.3251,273.79184,2.0,0.0,0.30336118,0.31768084,0.33216333,0.3323945
58.5496,-118.3995,54.459,-115.133,D,2016,04,19,2016-04-19,344.5,94,178.5,286.3,1,2.6155279,-2.0501404,284.07126,283.45264,282.85583,275.3251,273.79184,2.0,0.0,0.30336118,0.31768084,0.33216333,0.3323945
58.5614,-118.4113,54.459,-115.133,D,2016,04,19,2016-04-19,315.8,70,50.6,286.4,0,2.6155279,-2.0501404,284.07126,283.45264,282.85583,275.3251,273.79184,2.0,0.0,0.30336118,0.31768084,0.33216333,0.3323945
58.5555,-118.3688,54.459,-115.133,D,2016,04,19,2016-04-19,303.1,55,23.6,282.2,0,2.6155279,-2.0501404,284.07126,283.45264,282.85583,275.3251,273.79184,2.0,0.0,0.30336118,0.31768084,0.33216333,0.3323945
56.0811,-120.668,54.459,-115.133,D,2016,04,19,2016-04-19,316.5,77,21.4,286.1,0,2.6155279,-2.0501404,284.07126,283.45264,282.85583,275.3251,273.79184,2.0,0.0,0.30336118,0.31768084,0.33216333,0.3323945
56.0938,-120.6467,54.459,-115.133,D,2016,04,19,2016-04-19,332.5,88,51.3,287.2,0,2.6155279,-2.0501404,284.07126,283.45264,282.85583,275.3251,273.79184,2.0,0.0,0.30336118,0.31768084,0.33216333,0.3323945
56.0918,-120.6706,54.459,-115.133,D,2016,04,19,2016-04-19,328.4,77,40.6,290.6,0,2.6155279,-2.0501404,284.07126,283.45264,282.85583,275.3251,273.79184,2.0,0.0,0.30336118,0.31768084,0.33216333,0.3323945
56.0899,-120.6938,54.459,-115.133,D,2016,04,19,2016-04-19,325.5,73,35.0,292.0,0,2.6155279,-2.0501404,284.07126,283.45264,282.85583,275.3251,273.79184,2.0,0.0,0.30336118,0.31768084,0.33216333,0.3323945
56.1046,-120.6492,54.459,-115.133,D,2016,04,19,2016-04-19,347.6,95,95.8,287.2,1,2.6155279,-2.0501404,284.07126,283.45264,282.85583,275.3251,273.79184,2.0,0.0,0.30336118,0.31768084,0.33216333,0.3323945
56.1026,-120.6729,54.459,-115.133,D,2016,04,19,2016-04-19,340.7,92,71.9,289.7,1,2.6155279,-2.0501404,284.07126,283.45264,282.85583,275.3251,273.79184,2.0,0.0,0.30336118,0.31768084,0.33216333,0.3323945
56.1007,-120.696,54.459,-115.133,D,2016,04,19,2016-04-19,326.9,63,37.3,291.7,0,2.6155279,-2.0501404,284.07126,283.45264,282.85583,275.3251,273.79184,2.0,0.0,0.30336118,0.31768084,0.33216333,0.3323945
56.2812,-121.0931,54.459,-115.133,D,2016,04,19,2016-04-19,313.5,74,16.7,292.8,0,2.6155279,-2.0501404,284.07126,283.45264,282.85583,275.3251,273.79184,2.0,0.0,0.30336118,0.31768084,0.33216333,0.3323945
56.2759,-121.3925,54.459,-115.133,D,2016,04,19,2016-04-19,309.5,62,10.6,292.8,0,2.6155279,-2.0501404,284.07126,283.45264,282.85583,275.3251,273.79184,2.0,0.0,0.30336118,0.31768084,0.33216333,0.3323945
56.2738,-121.4152,54.459,-115.133,D,2016,04,19,2016-04-19,309.3,63,10.9,292.7,0,2.6155279,-2.0501404,284.07126,283.45264,282.85583,275.3251,273.79184,2.0,0.0,0.30336118,0.31768084,0.33216333,0.3323945
56.2534,-121.6361,54.459,-115.133,D,2016,04,19,2016-04-19,330.9,87,46.8,289.8,0,2.6155279,-2.0501404,284.07126,283.45264,282.85583,275.3251,273.79184,2.0,0.0,0.30336118,0.31768084,0.33216333,0.3323945
56.28,-121.3987,54.459,-115.133,D,2016,04,19,2016-04-19,317.0,77,20.2,294.8,0,2.6155279,-2.0501404,284.07126,283.45264,282.85583,275.3251,273.79184,2.0,0.0,0.30336118,0.31768084,0.33216333,0.3323945
56.2781,-121.4212,54.459,-115.133,D,2016,04,19,2016-04-19,313.0,67,14.8,294.1,0,2.6155279,-2.0501404,284.07126,283.45264,282.85583,275.3251,273.79184,2.0,0.0,0.30336118,0.31768084,0.33216333,0.3323945
56.2604,-121.6202,54.459,-115.133,D,2016,04,19,2016-04-19,304.2,53,8.0,290.3,0,2.6155279,-2.0501404,284.07126,283.45264,282.85583,275.3251,273.79184,2.0,0.0,0.30336118,0.31768084,0.33216333,0.3323945
56.2584,-121.643,54.459,-115.133,D,2016,04,19,2016-04-19,327.3,85,40.0,290.4,0,2.6155279,-2.0501404,284.07126,283.45264,282.85583,275.3251,273.79184,2.0,0.0,0.30336118,0.31768084,0.33216333,0.3323945
56.3405,-121.4403,54.459,-115.133,D,2016,04,19,2016-04-19,306.8,38,7.5,291.3,0,2.6155279,-2.0501404,284.07126,283.45264,282.85583,275.3251,273.79184,2.0,0.0,0.30336118,0.31768084,0.33216333,0.3323945
56.3385,-121.4624,54.459,-115.133,D,2016,04,19,2016-04-19,311.1,71,13.5,291.8,0,2.6155279,-2.0501404,284.07126,283.45264,282.85583,275.3251,273.79184,2.0,0.0,0.30336118,0.31768084,0.33216333,0.3323945
56.3365,-121.4844,54.459,-115.133,D,2016,04,19,2016-04-19,313.2,73,16.0,290.3,0,2.6155279,-2.0501404,284.07126,283.45264,282.85583,275.3251,273.79184,2.0,0.0,0.30336118,0.31768084,0.33216333,0.3323945
56.5247,-120.3639,54.459,-115.133,D,2016,04,19,2016-04-19,370.8,100,226.8,285.6,1,2.6155279,-2.0501404,284.07126,283.45264,282.85583,275.3251,273.79184,2.0,0.0,0.30336118,0.31768084,0.33216333,0.3323945
56.5227,-120.3884,54.459,-115.133,D,2016,04,19,2016-04-19,391.7,100,390.6,292.6,1,2.6155279,-2.0501404,284.07126,283.45264,282.85583,275.3251,273.79184,2.0,0.0,0.30336118,0.31768084,0.33216333,0.3323945
56.5599,-121.1431,54.459,-115.133,D,2016,04,19,2016-04-19,322.0,79,32.9,288.2,0,2.6155279,-2.0501404,284.07126,283.45264,282.85583,275.3251,273.79184,2.0,0.0,0.30336118,0.31768084,0.33216333,0.3323945
56.5558,-121.1896,54.459,-115.133,D,2016,04,19,2016-04-19,327.9,79,41.6,279.9,0,2.6155279,-2.0501404,284.07126,283.45264,282.85583,275.3251,273.79184,2.0,0.0,0.30336118,0.31768084,0.33216333,0.3323945
56.5538,-121.2128,54.459,-115.133,D,2016,04,19,2016-04-19,312.3,64,18.3,277.7,0,2.6155279,-2.0501404,284.07126,283.45264,282.85583,275.3251,273.79184,2.0,0.0,0.30336118,0.31768084,0.33216333,0.3323945
56.5705,-121.1459,54.459,-115.133,D,2016,04,19,2016-04-19,314.1,35,19.9,283.2,0,2.6155279,-2.0501404,284.07126,283.45264,282.85583,275.3251,273.79184,2.0,0.0,0.30336118,0.31768084,0.33216333,0.3323945
56.5684,-121.1694,54.459,-115.133,D,2016,04,19,2016-04-19,325.7,59,37.7,284.8,0,2.6155279,-2.0501404,284.07126,283.45264,282.85583,275.3251,273.79184,2.0,0.0,0.30336118,0.31768084,0.33216333,0.3323945
56.5664,-121.1927,54.459,-115.133,D,2016,04,19,2016-04-19,391.0,100,340.2,290.2,1,2.6155279,-2.0501404,284.07126,283.45264,282.85583,275.3251,273.79184,2.0,0.0,0.30336118,0.31768084,0.33216333,0.3323945
56.5643,-121.2159,54.459,-115.133,D,2016,04,19,2016-04-19,348.9,95,100.2,289.3,1,2.6155279,-2.0501404,284.07126,283.45264,282.85583,275.3251,273.79184,2.0,0.0,0.30336118,0.31768084,0.33216333,0.3323945
56.6485,-121.0548,54.459,-115.133,D,2016,04,19,2016-04-19,313.5,74,21.3,285.2,0,2.6155279,-2.0501404,284.07126,283.45264,282.85583,275.3251,273.79184,2.0,0.0,0.30336118,0.31768084,0.33216333,0.3323945
56.6465,-121.0784,54.459,-115.133,D,2016,04,19,2016-04-19,330.0,87,50.5,284.6,0,2.6155279,-2.0501404,284.07126,283.45264,282.85583,275.3251,273.79184,2.0,0.0,0.30336118,0.31768084,0.33216333,0.3323945
56.998,-121.4686,54.459,-115.133,D,2016,04,19,2016-04-19,323.0,82,34.9,291.7,0,2.6155279,-2.0501404,284.07126,283.45264,282.85583,275.3251,273.79184,2.0,0.0,0.30336118,0.31768084,0.33216333,0.3323945
56.996,-121.4916,54.459,-115.133,D,2016,04,19,2016-04-19,317.1,77,24.9,292.6,0,2.6155279,-2.0501404,284.07126,283.45264,282.85583,275.3251,273.79184,2.0,0.0,0.30336118,0.31768084,0.33216333,0.3323945
57.0502,-121.8888,54.459,-115.133,D,2016,04,19,2016-04-19,327.0,85,38.7,288.7,0,2.6155279,-2.0501404,284.07126,283.45264,282.85583,275.3251,273.79184,2.0,0.0,0.30336118,0.31768084,0.33216333,0.3323945
57.0585,-121.9145,54.459,-115.133,D,2016,04,19,2016-04-19,309.3,46,13.4,290.3,0,2.6155279,-2.0501404,284.07126,283.45264,282.85583,275.3251,273.79184,2.0,0.0,0.30336118,0.31768084,0.33216333,0.3323945
57.0564,-121.8976,54.459,-115.133,D,2016,04,19,2016-04-19,325.8,84,38.3,289.4,0,2.6155279,-2.0501404,284.07126,283.45264,282.85583,275.3251,273.79184,2.0,0.0,0.30336118,0.31768084,0.33216333,0.3323945
56.2843,-121.418,54.459,-115.133,D,2016,04,19,2016-04-19,311.4,51,12.9,295.0,0,2.6155279,-2.0501404,284.07126,283.45264,282.85583,275.3251,273.79184,2.0,0.0,0.30336118,0.31768084,0.33216333,0.3323945
54.8803,-123.8787,54.459,-115.133,D,2016,04,19,2016-04-19,332.9,88,40.4,290.8,0,2.6155279,-2.0501404,284.07126,283.45264,282.85583,275.3251,273.79184,2.0,0.0,0.30336118,0.31768084,0.33216333,0.3323945
54.8783,-123.8959,54.459,-115.133,D,2016,04,19,2016-04-19,354.0,97,85.7,293.8,1,2.6155279,-2.0501404,284.07126,283.45264,282.85583,275.3251,273.79184,2.0,0.0,0.30336118,0.31768084,0.33216333,0.3323945
55.6197,-120.5808,54.459,-115.133,D,2016,04,19,2016-04-19,313.7,74,19.5,291.6,0,2.6155279,-2.0501404,284.07126,283.45264,282.85583,275.3251,273.79184,2.0,0.0,0.30336118,0.31768084,0.33216333,0.3323945
55.6177,-120.6044,54.459,-115.133,D,2016,04,19,2016-04-19,303.6,56,7.5,290.6,0,2.6155279,-2.0501404,284.07126,283.45264,282.85583,275.3251,273.79184,2.0,0.0,0.30336118,0.31768084,0.33216333,0.3323945
55.6218,-120.5867,54.459,-115.133,D,2016,04,19,2016-04-19,317.4,78,23.8,291.8,0,2.6155279,-2.0501404,284.07126,283.45264,282.85583,275.3251,273.79184,2.0,0.0,0.30336118,0.31768084,0.33216333,0.3323945
55.6059,-121.3821,54.459,-115.133,D,2016,04,19,2016-04-19,311.1,64,12.3,293.6,0,2.6155279,-2.0501404,284.07126,283.45264,282.85583,275.3251,273.79184,2.0,0.0,0.30336118,0.31768084,0.33216333,0.3323945
55.6039,-121.4036,54.459,-115.133,D,2016,04,19,2016-04-19,320.9,80,25.6,294.0,0,2.6155279,-2.0501404,284.07126,283.45264,282.85583,275.3251,273.79184,2.0,0.0,0.30336118,0.31768084,0.33216333,0.3323945
55.6781,-120.6954,54.459,-115.133,D,2016,04,19,2016-04-19,307.3,65,10.0,291.7,0,2.6155279,-2.0501404,284.07126,283.45264,282.85583,275.3251,273.79184,2.0,0.0,0.30336118,0.31768084,0.33216333,0.3323945
55.676,-120.7185,54.459,-115.133,D,2016,04,19,2016-04-19,311.5,71,15.2,290.7,0,2.6155279,-2.0501404,284.07126,283.45264,282.85583,275.3251,273.79184,2.0,0.0,0.30336118,0.31768084,0.33216333,0.3323945
55.6162,-121.3859,54.459,-115.133,D,2016,04,19,2016-04-19,385.5,100,275.5,297.8,1,2.6155279,-2.0501404,284.07126,283.45264,282.85583,275.3251,273.79184,2.0,0.0,0.30336118,0.31768084,0.33216333,0.3323945
55.6142,-121.4071,54.459,-115.133,D,2016,04,19,2016-04-19,394.0,100,341.3,304.3,1,2.6155279,-2.0501404,284.07126,283.45264,282.85583,275.3251,273.79184,2.0,0.0,0.30336118,0.31768084,0.33216333,0.3323945
55.6264,-121.3899,54.459,-115.133,D,2016,04,19,2016-04-19,389.0,100,302.3,294.1,1,2.6155279,-2.0501404,284.07126,283.45264,282.85583,275.3251,273.79184,2.0,0.0,0.30336118,0.31768084,0.33216333,0.3323945
55.6244,-121.4113,54.459,-115.133,D,2016,04,19,2016-04-19,387.2,100,288.2,298.2,1,2.6155279,-2.0501404,284.07126,283.45264,282.85583,275.3251,273.79184,2.0,0.0,0.30336118,0.31768084,0.33216333,0.3323945
55.7377,-121.1799,54.459,-115.133,D,2016,04,19,2016-04-19,307.5,32,8.5,293.2,0,2.6155279,-2.0501404,284.07126,283.45264,282.85583,275.3251,273.79184,2.0,0.0,0.30336118,0.31768084,0.33216333,0.3323945
55.7357,-121.2014,54.459,-115.133,D,2016,04,19,2016-04-19,344.4,94,79.7,295.6,1,2.6155279,-2.0501404,284.07126,283.45264,282.85583,275.3251,273.79184,2.0,0.0,0.30336118,0.31768084,0.33216333,0.3323945
55.7337,-121.224,54.459,-115.133,D,2016,04,19,2016-04-19,312.3,72,13.8,294.1,0,2.6155279,-2.0501404,284.07126,283.45264,282.85583,275.3251,273.79184,2.0,0.0,0.30336118,0.31768084,0.33216333,0.3323945
55.8656,-121.6541,54.459,-115.133,D,2016,04,19,2016-04-19,307.8,65,10.6,295.4,0,2.6155279,-2.0501404,284.07126,283.45264,282.85583,275.3251,273.79184,2.0,0.0,0.30336118,0.31768084,0.33216333,0.3323945
56.1211,-118.994,54.459,-115.133,D,2016,04,19,2016-04-19,307.7,64,14.6,290.9,0,2.6155279,-2.0501404,284.07126,283.45264,282.85583,275.3251,273.79184,2.0,0.0,0.30336118,0.31768084,0.33216333,0.3323945
56.1162,-118.9981,54.459,-115.133,D,2016,04,19,2016-04-19,304.8,60,11.3,290.8,0,2.6155279,-2.0501404,284.07126,283.45264,282.85583,275.3251,273.79184,2.0,0.0,0.30336118,0.31768084,0.33216333,0.3323945
55.977,-121.3108,54.459,-115.133,D,2016,04,19,2016-04-19,308.5,67,8.8,294.5,0,2.6155279,-2.0501404,284.07126,283.45264,282.85583,275.3251,273.79184,2.0,0.0,0.30336118,0.31768084,0.33216333,0.3323945
55.975,-121.3329,54.459,-115.133,D,2016,04,19,2016-04-19,317.2,77,19.8,295.8,0,2.6155279,-2.0501404,284.07126,283.45264,282.85583,275.3251,273.79184,2.0,0.0,0.30336118,0.31768084,0.33216333,0.3323945
56.121,-120.1488,54.459,-115.133,D,2016,04,19,2016-04-19,314.1,70,20.6,286.2,0,2.6155279,-2.0501404,284.07126,283.45264,282.85583,275.3251,273.79184,2.0,0.0,0.30336118,0.31768084,0.33216333,0.3323945
56.1223,-120.1565,54.459,-115.133,D,2016,04,19,2016-04-19,314.2,74,22.3,286.4,0,2.6155279,-2.0501404,284.07126,283.45264,282.85583,275.3251,273.79184,2.0,0.0,0.30336118,0.31768084,0.33216333,0.3323945
56.083,-120.6441,54.459,-115.133,D,2016,04,19,2016-04-19,318.8,79,26.1,287.1,0,2.6155279,-2.0501404,284.07126,283.45264,282.85583,275.3251,273.79184,2.0,0.0,0.30336118,0.31768084,0.33216333,0.3323945
58.5608,-118.3836,54.459,-115.133,D,2016,04,19,2016-04-19,380.7,100,420.5,288.2,1,2.6155279,-2.0501404,284.07126,283.45264,282.85583,275.3251,273.79184,2.0,0.0,0.30336118,0.31768084,0.33216333,0.3323945
58.5465,-118.4149,54.459,-115.133,D,2016,04,19,2016-04-19,301.2,22,11.9,278.1,0,2.6155279,-2.0501404,284.07126,283.45264,282.85583,275.3251,273.79184,2.0,0.0,0.30336118,0.31768084,0.33216333,0.3323945
58.5588,-118.4175,54.459,-115.133,D,2016,04,19,2016-04-19,356.8,98,209.4,290.1,1,2.6155279,-2.0501404,284.07126,283.45264,282.85583,275.3251,273.79184,2.0,0.0,0.30336118,0.31768084,0.33216333,0.3323945
58.5731,-118.3862,54.459,-115.133,D,2016,04,19,2016-04-19,302.0,12,13.6,276.5,0,2.6155279,-2.0501404,284.07126,283.45264,282.85583,275.3251,273.79184,2.0,0.0,0.30336118,0.31768084,0.33216333,0.3323945
56.5477,-121.189,56.598,-121.008,N,2016,04,20,2016-04-20,333.8,33,77.4,281.0,0,-2.5841818,2.0905132,285.71048,281.33023,277.14606,272.56613,273.39496,2.0,0.0,0.26189524,0.2840599,0.2640955,0.25540704
56.5411,-121.2162,56.598,-121.008,N,2016,04,20,2016-04-20,320.8,0,45.2,277.9,0,-2.5841818,2.0905132,285.71048,281.33023,277.14606,272.56613,273.39496,2.0,0.0,0.26189524,0.2840599,0.2640955,0.25540704
56.5586,-121.1976,56.598,-121.008,N,2016,04,20,2016-04-20,321.4,0,47.4,279.0,0,-2.5841818,2.0905132,285.71048,281.33023,277.14606,272.56613,273.39496,2.0,0.0,0.26189524,0.2840599,0.2640955,0.25540704
56.5531,-121.1883,56.598,-121.008,N,2016,04,20,2016-04-20,322.8,0,48.4,279.7,0,-2.5841818,2.0905132,285.71048,281.33023,277.14606,272.56613,273.39496,2.0,0.0,0.26189524,0.2840599,0.2640955,0.25540704
56.5421,-121.1798,56.598,-121.008,N,2016,04,20,2016-04-20,337.1,65,95.5,281.1,0,-2.5841818,2.0905132,285.71048,281.33023,277.14606,272.56613,273.39496,2.0,0.0,0.26189524,0.2840599,0.2640955,0.25540704
56.5357,-121.2071,56.598,-121.008,N,2016,04,20,2016-04-20,324.6,83,60.2,279.0,0,-2.5841818,2.0905132,285.71048,281.33023,277.14606,272.56613,273.39496,2.0,0.0,0.26189524,0.2840599,0.2640955,0.25540704
56.5281,-121.1823,56.598,-121.008,N,2016,04,20,2016-04-20,307.3,27,56.9,275.6,0,-2.5841818,2.0905132,285.71048,281.33023,277.14606,272.56613,273.39496,2.0,0.0,0.26189524,0.2840599,0.2640955,0.25540704
56.543,-121.1839,56.598,-121.008,N,2016,04,20,2016-04-20,317.1,51,90.6,276.6,0,-2.5841818,2.0905132,285.71048,281.33023,277.14606,272.56613,273.39496,2.0,0.0,0.26189524,0.2840599,0.2640955,0.25540704
56.5425,-121.1911,56.598,-121.008,N,2016,04,20,2016-04-20,323.2,40,115.9,277.0,0,-2.5841818,2.0905132,285.71048,281.33023,277.14606,272.56613,273.39496,2.0,0.0,0.26189524,0.2840599,0.2640955,0.25540704
56.5765,-121.1593,51.974,-110.413,D,2016,04,20,2016-04-20,300.5,34,18.6,282.7,0,-0.22780988,-3.9349775,279.69952,280.15442,281.46356,272.98495,273.4968,2.0,0.0,0.23309541,0.22737157,0.27506104,0.24197574
56.537,-121.2051,51.974,-110.413,D,2016,04,20,2016-04-20,328.1,85,108.4,283.8,0,-0.22780988,-3.9349775,279.69952,280.15442,281.46356,272.98495,273.4968,2.0,0.0,0.23309541,0.22737157,0.27506104,0.24197574
55.6243,-121.4252,51.974,-110.413,D,2016,04,20,2016-04-20,340.2,92,173.1,283.7,1,-0.22780988,-3.9349775,279.69952,280.15442,281.46356,272.98495,273.4968,2.0,0.0,0.23309541,0.22737157,0.27506104,0.24197574
55.6226,-121.3849,51.974,-110.413,D,2016,04,20,2016-04-20,323.0,82,83.0,286.8,0,-0.22780988,-3.9349775,279.69952,280.15442,281.46356,272.98495,273.4968,2.0,0.0,0.23309541,0.22737157,0.27506104,0.24197574
55.6188,-121.4348,51.974,-110.413,D,2016,04,20,2016-04-20,305.1,27,25.2,282.3,0,-0.22780988,-3.9349775,279.69952,280.15442,281.46356,272.98495,273.4968,2.0,0.0,0.23309541,0.22737157,0.27506104,0.24197574
55.617,-121.3946,51.974,-110.413,D,2016,04,20,2016-04-20,316.0,72,54.4,287.0,0,-0.22780988,-3.9349775,279.69952,280.15442,281.46356,272.98495,273.4968,2.0,0.0,0.23309541,0.22737157,0.27506104,0.24197574
56.999,-121.4744,51.974,-110.413,D,2016,04,20,2016-04-20,314.5,75,41.9,281.5,0,-0.22780988,-3.9349775,279.69952,280.15442,281.46356,272.98495,273.4968,2.0,0.0,0.23309541,0.22737157,0.27506104,0.24197574
56.5212,-120.3845,51.974,-110.413,D,2016,04,20,2016-04-20,304.7,51,22.7,287.2,0,-0.22780988,-3.9349775,279.69952,280.15442,281.46356,272.98495,273.4968,2.0,0.0,0.23309541,0.22737157,0.27506104,0.24197574
56.5368,-121.2194,51.974,-110.413,D,2016,04,20,2016-04-20,302.5,47,16.5,285.8,0,-0.22780988,-3.9349775,279.69952,280.15442,281.46356,272.98495,273.4968,2.0,0.0,0.23309541,0.22737157,0.27506104,0.24197574
56.5485,-121.2098,51.974,-110.413,D,2016,04,20,2016-04-20,300.8,29,13.6,284.5,0,-0.22780988,-3.9349775,279.69952,280.15442,281.46356,272.98495,273.4968,2.0,0.0,0.23309541,0.22737157,0.27506104,0.24197574
56.5362,-121.2126,51.974,-110.413,D,2016,04,20,2016-04-20,306.9,46,22.9,286.2,0,-0.22780988,-3.9349775,279.69952,280.15442,281.46356,272.98495,273.4968,2.0,0.0,0.23309541,0.22737157,0.27506104,0.24197574
56.5125,-120.3514,51.974,-110.413,D,2016,04,20,2016-04-20,300.2,20,16.2,284.2,0,-0.22780988,-3.9349775,279.69952,280.15442,281.46356,272.98495,273.4968,2.0,0.0,0.23309541,0.22737157,0.27506104,0.24197574
55.6188,-121.4129,51.974,-110.413,D,2016,04,20,2016-04-20,369.7,100,377.8,289.5,1,-0.22780988,-3.9349775,279.69952,280.15442,281.46356,272.98495,273.4968,2.0,0.0,0.23309541,0.22737157,0.27506104,0.24197574
55.6316,-121.4065,51.974,-110.413,D,2016,04,20,2016-04-20,351.2,96,213.9,285.8,1,-0.22780988,-3.9349775,279.69952,280.15442,281.46356,272.98495,273.4968,2.0,0.0,0.23309541,0.22737157,0.27506104,0.24197574
55.6131,-121.3847,51.974,-110.413,D,2016,04,20,2016-04-20,321.9,68,58.5,289.9,0,-0.22780988,-3.9349775,279.69952,280.15442,281.46356,272.98495,273.4968,2.0,0.0,0.23309541,0.22737157,0.27506104,0.24197574
52.482,-116.4298,51.974,-110.413,D,2016,04,20,2016-04-20,408.8,100,2971.3,283.4,1,-0.22780988,-3.9349775,279.69952,280.15442,281.46356,272.98495,273.4968,2.0,0.0,0.23309541,0.22737157,0.27506104,0.24197574
52.5055,-116.5004,51.974,-110.413,D,2016,04,20,2016-04-20,304.3,53,73.7,279.5,0,-0.22780988,-3.9349775,279.69952,280.15442,281.46356,272.98495,273.4968,2.0,0.0,0.23309541,0.22737157,0.27506104,0.24197574
52.4841,-116.4356,51.974,-110.413,D,2016,04,20,2016-04-20,406.8,100,2849.6,284.1,1,-0.22780988,-3.9349775,279.69952,280.15442,281.46356,272.98495,273.4968,2.0,0.0,0.23309541,0.22737157,0.27506104,0.24197574
55.6218,-121.4184,51.974,-110.413,D,2016,04,20,2016-04-20,364.9,100,323.8,288.9,1,-0.22780988,-3.9349775,279.69952,280.15442,281.46356,272.98495,273.4968,2.0,0.0,0.23309541,0.22737157,0.27506104,0.24197574
55.6101,-121.3794,51.974,-110.413,D,2016,04,20,2016-04-20,312.9,61,37.1,289.1,0,-0.22780988,-3.9349775,279.69952,280.15442,281.46356,272.98495,273.4968,2.0,0.0,0.23309541,0.22737157,0.27506104,0.24197574
52.5035,-116.494,51.974,-110.413,D,2016,04,20,2016-04-20,322.5,78,200.7,280.4,0,-0.22780988,-3.9349775,279.69952,280.15442,281.46356,272.98495,273.4968,2.0,0.0,0.23309541,0.22737157,0.27506104,0.24197574
56.5278,-120.3708,51.974,-110.413,D,2016,04,20,2016-04-20,315.2,45,17.1,289.8,0,-0.22780988,-3.9349775,279.69952,280.15442,281.46356,272.98495,273.4968,2.0,0.0,0.23309541,0.22737157,0.27506104,0.24197574
56.3345,-121.4343,51.974,-110.413,D,2016,04,20,2016-04-20,315.9,76,19.9,291.1,0,-0.22780988,-3.9349775,279.69952,280.15442,281.46356,272.98495,273.4968,2.0,0.0,0.23309541,0.22737157,0.27506104,0.24197574
56.339,-121.444,51.974,-110.413,D,2016,04,20,2016-04-20,320.6,80,27.2,292.6,0,-0.22780988,-3.9349775,279.69952,280.15442,281.46356,272.98495,273.4968,2.0,0.0,0.23309541,0.22737157,0.27506104,0.24197574
56.5383,-121.2203,51.974,-110.413,D,2016,04,20,2016-04-20,308.4,63,12.8,286.4,0,-0.22780988,-3.9349775,279.69952,280.15442,281.46356,272.98495,273.4968,2.0,0.0,0.23309541,0.22737157,0.27506104,0.24197574
56.5791,-121.1295,51.974,-110.413,D,2016,04,20,2016-04-20,314.9,63,19.1,285.3,0,-0.22780988,-3.9349775,279.69952,280.15442,281.46356,272.98495,273.4968,2.0,0.0,0.23309541,0.22737157,0.27506104,0.24197574
56.5749,-121.1502,51.974,-110.413,D,2016,04,20,2016-04-20,311.0,37,14.6,286.4,0,-0.22780988,-3.9349775,279.69952,280.15442,281.46356,272.98495,273.4968,2.0,0.0,0.23309541,0.22737157,0.27506104,0.24197574
56.5852,-121.1402,51.974,-110.413,D,2016,04,20,2016-04-20,317.8,66,22.1,284.8,0,-0.22780988,-3.9349775,279.69952,280.15442,281.46356,272.98495,273.4968,2.0,0.0,0.23309541,0.22737157,0.27506104,0.24197574
56.9986,-121.4787,51.974,-110.413,D,2016,04,20,2016-04-20,309.9,48,16.1,286.2,0,-0.22780988,-3.9349775,279.69952,280.15442,281.46356,272.98495,273.4968,2.0,0.0,0.23309541,0.22737157,0.27506104,0.24197574
56.5426,-121.1992,51.974,-110.413,D,2016,04,20,2016-04-20,312.1,71,16.7,287.4,0,-0.22780988,-3.9349775,279.69952,280.15442,281.46356,272.98495,273.4968,2.0,0.0,0.23309541,0.22737157,0.27506104,0.24197574
55.6088,-121.3955,51.974,-110.413,D,2016,04,20,2016-04-20,314.6,75,21.8,289.4,0,-0.22780988,-3.9349775,279.69952,280.15442,281.46356,272.98495,273.4968,2.0,0.0,0.23309541,0.22737157,0.27506104,0.24197574
55.6041,-121.4176,51.974,-110.413,D,2016,04,20,2016-04-20,326.3,84,42.0,284.4,0,-0.22780988,-3.9349775,279.69952,280.15442,281.46356,272.98495,273.4968,2.0,0.0,0.23309541,0.22737157,0.27506104,0.24197574
55.6191,-121.4014,51.974,-110.413,D,2016,04,20,2016-04-20,359.2,99,147.7,290.3,1,-0.22780988,-3.9349775,279.69952,280.15442,281.46356,272.98495,273.4968,2.0,0.0,0.23309541,0.22737157,0.27506104,0.24197574
55.6143,-121.4241,51.974,-110.413,D,2016,04,20,2016-04-20,395.7,100,403.1,295.6,1,-0.22780988,-3.9349775,279.69952,280.15442,281.46356,272.98495,273.4968,2.0,0.0,0.23309541,0.22737157,0.27506104,0.24197574
55.6296,-121.4065,51.974,-110.413,D,2016,04,20,2016-04-20,351.4,96,116.2,282.9,1,-0.22780988,-3.9349775,279.69952,280.15442,281.46356,272.98495,273.4968,2.0,0.0,0.23309541,0.22737157,0.27506104,0.24197574
55.6246,-121.4299,51.974,-110.413,D,2016,04,20,2016-04-20,366.5,100,186.6,287.8,1,-0.22780988,-3.9349775,279.69952,280.15442,281.46356,272.98495,273.4968,2.0,0.0,0.23309541,0.22737157,0.27506104,0.24197574
56.5182,-120.3644,51.974,-110.413,D,2016,04,20,2016-04-20,322.3,82,28.5,289.5,0,-0.22780988,-3.9349775,279.69952,280.15442,281.46356,272.98495,273.4968,2.0,0.0,0.23309541,0.22737157,0.27506104,0.24197574
56.5142,-120.3845,51.974,-110.413,D,2016,04,20,2016-04-20,320.3,80,25.2,290.8,0,-0.22780988,-3.9349775,279.69952,280.15442,281.46356,272.98495,273.4968,2.0,0.0,0.23309541,0.22737157,0.27506104,0.24197574
53.8473,-125.6543,51.447,-123.116,N,2016,04,21,2016-04-21,304.4,60,12.8,279.1,0,2.3459759,3.3942013,285.1335,280.45627,277.49332,274.8397,273.88074,2.0,6.8209465e-07,0.35632974,0.34162474,0.3341512,0.31865332
52.8988,-105.6744,51.582,-100.22,D,2016,04,21,2016-04-21,301.5,30,9.1,285.3,0,-0.6938281,-4.0902767,270.17505,272.86255,275.8506,272.1982,273.4172,2.0,0.0,0.29033002,0.29562163,0.28245312,0.25196958
52.8876,-107.8778,51.582,-100.22,D,2016,04,21,2016-04-21,306.7,60,22.8,288.6,0,-0.6938281,-4.0902767,270.17505,272.86255,275.8506,272.1982,273.4172,2.0,0.0,0.29033002,0.29562163,0.28245312,0.25196958
52.8858,-107.8411,51.582,-100.22,D,2016,04,21,2016-04-21,311.7,72,35.6,288.6,0,-0.6938281,-4.0902767,270.17505,272.86255,275.8506,272.1982,273.4172,2.0,0.0,0.29033002,0.29562163,0.28245312,0.25196958
51.4808,-104.5962,51.582,-100.22,D,2016,04,21,2016-04-21,315.1,75,21.8,294.1,0,-0.6938281,-4.0902767,270.17505,272.86255,275.8506,272.1982,273.4172,2.0,0.0,0.29033002,0.29562163,0.28245312,0.25196958
56.5371,-120.373,51.582,-100.22,D,2016,04,21,2016-04-21,330.3,72,25.4,293.6,0,-0.6938281,-4.0902767,270.17505,272.86255,275.8506,272.1982,273.4172,2.0,0.0,0.29033002,0.29562163,0.28245312,0.25196958
56.5349,-120.3568,51.582,-100.22,D,2016,04,21,2016-04-21,325.9,61,20.8,292.2,0,-0.6938281,-4.0902767,270.17505,272.86255,275.8506,272.1982,273.4172,2.0,0.0,0.29033002,0.29562163,0.28245312,0.25196958
56.5217,-120.397,51.582,-100.22,D,2016,04,21,2016-04-21,334.1,81,30.7,291.3,0,-0.6938281,-4.0902767,270.17505,272.86255,275.8506,272.1982,273.4172,2.0,0.0,0.29033002,0.29562163,0.28245312,0.25196958
56.5172,-120.3647,51.582,-100.22,D,2016,04,21,2016-04-21,333.5,88,32.1,295.0,0,-0.6938281,-4.0902767,270.17505,272.86255,275.8506,272.1982,273.4172,2.0,0.0,0.29033002,0.29562163,0.28245312,0.25196958
56.515,-120.417,51.582,-100.22,D,2016,04,21,2016-04-21,324.9,68,19.9,290.0,0,-0.6938281,-4.0902767,270.17505,272.86255,275.8506,272.1982,273.4172,2.0,0.0,0.29033002,0.29562163,0.28245312,0.25196958
56.5128,-120.4009,51.582,-100.22,D,2016,04,21,2016-04-21,367.9,100,108.1,294.5,1,-0.6938281,-4.0902767,270.17505,272.86255,275.8506,272.1982,273.4172,2.0,0.0,0.29033002,0.29562163,0.28245312,0.25196958
56.5106,-120.3848,51.582,-100.22,D,2016,04,21,2016-04-21,328.0,29,22.2,290.7,0,-0.6938281,-4.0902767,270.17505,272.86255,275.8506,272.1982,273.4172,2.0,0.0,0.29033002,0.29562163,0.28245312,0.25196958
58.2803,-121.7315,51.582,-100.22,D,2016,04,21,2016-04-21,313.6,74,16.2,282.4,0,-0.6938281,-4.0902767,270.17505,272.86255,275.8506,272.1982,273.4172,2.0,0.0,0.29033002,0.29562163,0.28245312,0.25196958
52.7924,-107.8806,51.582,-100.22,D,2016,04,21,2016-04-21,333.3,88,137.3,290.9,0,-0.6938281,-4.0902767,270.17505,272.86255,275.8506,272.1982,273.4172,2.0,0.0,0.29033002,0.29562163,0.28245312,0.25196958
52.7892,-107.9266,51.582,-100.22,D,2016,04,21,2016-04-21,308.5,67,29.0,290.4,0,-0.6938281,-4.0902767,270.17505,272.86255,275.8506,272.1982,273.4172,2.0,0.0,0.29033002,0.29562163,0.28245312,0.25196958
52.7792,-107.8899,51.582,-100.22,D,2016,04,21,2016-04-21,337.0,90,160.5,291.9,1,-0.6938281,-4.0902767,270.17505,272.86255,275.8506,272.1982,273.4172,2.0,0.0,0.29033002,0.29562163,0.28245312,0.25196958
51.618,-107.6893,51.582,-100.22,D,2016,04,21,2016-04-21,310.9,67,34.6,292.5,0,-0.6938281,-4.0902767,270.17505,272.86255,275.8506,272.1982,273.4172,2.0,0.0,0.29033002,0.29562163,0.28245312,0.25196958
51.6065,-107.6485,51.582,-100.22,D,2016,04,21,2016-04-21,306.2,56,18.8,292.5,0,-0.6938281,-4.0902767,270.17505,272.86255,275.8506,272.1982,273.4172,2.0,0.0,0.29033002,0.29562163,0.28245312,0.25196958
53.0992,-121.0872,51.582,-100.22,D,2016,04,21,2016-04-21,306.8,31,8.5,296.0,0,-0.6938281,-4.0902767,270.17505,272.86255,275.8506,272.1982,273.4172,2.0,0.0,0.29033002,0.29562163,0.28245312,0.25196958
52.8022,-107.9172,51.582,-100.22,D,2016,04,21,2016-04-21,309.5,68,32.5,290.3,0,-0.6938281,-4.0902767,270.17505,272.86255,275.8506,272.1982,273.4172,2.0,0.0,0.29033002,0.29562163,0.28245312,0.25196958
51.4636,-102.9347,51.582,-100.22,D,2016,04,21,2016-04-21,301.3,46,4.8,289.2,0,-0.6938281,-4.0902767,270.17505,272.86255,275.8506,272.1982,273.4172,2.0,0.0,0.29033002,0.29562163,0.28245312,0.25196958
51.5961,-104.9259,51.582,-100.22,D,2016,04,21,2016-04-21,309.5,66,9.4,293.9,0,-0.6938281,-4.0902767,270.17505,272.86255,275.8506,272.1982,273.4172,2.0,0.0,0.29033002,0.29562163,0.28245312,0.25196958
51.5789,-105.0083,51.582,-100.22,D,2016,04,21,2016-04-21,308.3,63,9.1,294.4,0,-0.6938281,-4.0902767,270.17505,272.86255,275.8506,272.1982,273.4172,2.0,0.0,0.29033002,0.29562163,0.28245312,0.25196958
51.4668,-105.76,51.582,-100.22,D,2016,04,21,2016-04-21,308.2,61,12.3,292.1,0,-0.6938281,-4.0902767,270.17505,272.86255,275.8506,272.1982,273.4172,2.0,0.0,0.29033002,0.29562163,0.28245312,0.25196958
51.4706,-105.7443,51.582,-100.22,D,2016,04,21,2016-04-21,307.1,59,11.8,291.0,0,-0.6938281,-4.0902767,270.17505,272.86255,275.8506,272.1982,273.4172,2.0,0.0,0.29033002,0.29562163,0.28245312,0.25196958
51.4657,-105.7665,51.582,-100.22,D,2016,04,21,2016-04-21,303.8,42,7.2,292.3,0,-0.6938281,-4.0902767,270.17505,272.86255,275.8506,272.1982,273.4172,2.0,0.0,0.29033002,0.29562163,0.28245312,0.25196958
51.9068,-104.9782,51.582,-100.22,D,2016,04,21,2016-04-21,314.8,75,18.9,292.3,0,-0.6938281,-4.0902767,270.17505,272.86255,275.8506,272.1982,273.4172,2.0,0.0,0.29033002,0.29562163,0.28245312,0.25196958
51.9134,-104.9644,51.582,-100.22,D,2016,04,21,2016-04-21,308.0,55,8.8,291.4,0,-0.6938281,-4.0902767,270.17505,272.86255,275.8506,272.1982,273.4172,2.0,0.0,0.29033002,0.29562163,0.28245312,0.25196958
51.9091,-104.9847,51.582,-100.22,D,2016,04,21,2016-04-21,312.5,73,14.7,292.5,0,-0.6938281,-4.0902767,270.17505,272.86255,275.8506,272.1982,273.4172,2.0,0.0,0.29033002,0.29562163,0.28245312,0.25196958
51.6161,-107.6779,51.582,-100.22,D,2016,04,21,2016-04-21,324.4,82,49.6,293.6,0,-0.6938281,-4.0902767,270.17505,272.86255,275.8506,272.1982,273.4172,2.0,0.0,0.29033002,0.29562163,0.28245312,0.25196958
51.6073,-107.6798,51.582,-100.22,D,2016,04,21,2016-04-21,318.8,77,34.4,294.2,0,-0.6938281,-4.0902767,270.17505,272.86255,275.8506,272.1982,273.4172,2.0,0.0,0.29033002,0.29562163,0.28245312,0.25196958
51.6189,-107.6868,51.582,-100.22,D,2016,04,21,2016-04-21,312.8,70,20.2,293.3,0,-0.6938281,-4.0902767,270.17505,272.86255,275.8506,272.1982,273.4172,2.0,0.0,0.29033002,0.29562163,0.28245312,0.25196958
52.7808,-107.9152,51.582,-100.22,D,2016,04,21,2016-04-21,367.8,100,265.8,297.6,1,-0.6938281,-4.0902767,270.17505,272.86255,275.8506,272.1982,273.4172,2.0,0.0,0.29033002,0.29562163,0.28245312,0.25196958
52.5609,-107.0163,51.582,-100.22,D,2016,04,21,2016-04-21,307.7,63,11.5,293.8,0,-0.6938281,-4.0902767,270.17505,272.86255,275.8506,272.1982,273.4172,2.0,0.0,0.29033002,0.29562163,0.28245312,0.25196958
52.8968,-105.6319,51.582,-100.22,D,2016,04,21,2016-04-21,307.1,28,10.1,288.8,0,-0.6938281,-4.0902767,270.17505,272.86255,275.8506,272.1982,273.4172,2.0,0.0,0.29033002,0.29562163,0.28245312,0.25196958
52.8939,-105.7006,51.582,-100.22,D,2016,04,21,2016-04-21,304.7,59,8.6,288.2,0,-0.6938281,-4.0902767,270.17505,272.86255,275.8506,272.1982,273.4172,2.0,0.0,0.29033002,0.29562163,0.28245312,0.25196958
52.9215,-105.623,51.582,-100.22,D,2016,04,21,2016-04-21,314.8,75,19.8,290.3,0,-0.6938281,-4.0902767,270.17505,272.86255,275.8506,272.1982,273.4172,2.0,0.0,0.29033002,0.29562163,0.28245312,0.25196958
52.9172,-105.6438,51.582,-100.22,D,2016,04,21,2016-04-21,309.8,69,13.6,288.4,0,-0.6938281,-4.0902767,270.17505,272.86255,275.8506,272.1982,273.4172,2.0,0.0,0.29033002,0.29562163,0.28245312,0.25196958
52.924,-105.6289,51.582,-100.22,D,2016,04,21,2016-04-21,319.5,79,26.0,290.2,0,-0.6938281,-4.0902767,270.17505,272.86255,275.8506,272.1982,273.4172,2.0,0.0,0.29033002,0.29562163,0.28245312,0.25196958
52.6285,-108.2632,51.582,-100.22,D,2016,04,21,2016-04-21,303.5,56,9.1,291.0,0,-0.6938281,-4.0902767,270.17505,272.86255,275.8506,272.1982,273.4172,2.0,0.0,0.29033002,0.29562163,0.28245312,0.25196958
52.7869,-107.8889,51.582,-100.22,D,2016,04,21,2016-04-21,358.4,99,197.8,294.3,1,-0.6938281,-4.0902767,270.17505,272.86255,275.8506,272.1982,273.4172,2.0,0.0,0.29033002,0.29562163,0.28245312,0.25196958
56.5094,-120.4112,51.582,-100.22,D,2016,04,21,2016-04-21,319.2,79,148.0,287.2,0,-0.6938281,-4.0902767,270.17505,272.86255,275.8506,272.1982,273.4172,2.0,0.0,0.29033002,0.29562163,0.28245312,0.25196958
56.4965,-120.3981,51.582,-100.22,D,2016,04,21,2016-04-21,304.7,34,52.3,285.6,0,-0.6938281,-4.0902767,270.17505,272.86255,275.8506,272.1982,273.4172,2.0,0.0,0.29033002,0.29562163,0.28245312,0.25196958
56.5111,-120.4152,51.582,-100.22,D,2016,04,21,2016-04-21,315.3,76,117.2,287.0,0,-0.6938281,-4.0902767,270.17505,272.86255,275.8506,272.1982,273.4172,2.0,0.0,0.29033002,0.29562163,0.28245312,0.25196958
52.552,-107.0198,51.582,-100.22,D,2016,04,21,2016-04-21,306.5,63,42.3,289.9,0,-0.6938281,-4.0902767,270.17505,272.86255,275.8506,272.1982,273.4172,2.0,0.0,0.29033002,0.29562163,0.28245312,0.25196958
52.689,-107.4571,51.582,-100.22,D,2016,04,21,2016-04-21,304.8,58,33.6,287.7,0,-0.6938281,-4.0902767,270.17505,272.86255,275.8506,272.1982,273.4172,2.0,0.0,0.29033002,0.29562163,0.28245312,0.25196958
56.2515,-121.6349,51.582,-100.22,D,2016,04,21,2016-04-21,307.3,54,8.2,291.3,0,-0.6938281,-4.0902767,270.17505,272.86255,275.8506,272.1982,273.4172,2.0,0.0,0.29033002,0.29562163,0.28245312,0.25196958
56.5121,-120.3667,51.582,-100.22,D,2016,04,21,2016-04-21,373.8,100,164.8,296.6,1,-0.6938281,-4.0902767,270.17505,272.86255,275.8506,272.1982,273.4172,2.0,0.0,0.29033002,0.29562163,0.28245312,0.25196958
56.5101,-120.3858,51.582,-100.22,D,2016,04,21,2016-04-21,339.7,84,50.2,292.5,0,-0.6938281,-4.0902767,270.17505,272.86255,275.8506,272.1982,273.4172,2.0,0.0,0.29033002,0.29562163,0.28245312,0.25196958
56.5081,-120.4049,51.582,-100.22,D,2016,04,21,2016-04-21,349.2,96,75.1,292.6,1,-0.6938281,-4.0902767,270.17505,272.86255,275.8506,272.1982,273.4172,2.0,0.0,0.29033002,0.29562163,0.28245312,0.25196958
56.5061,-120.4242,51.582,-100.22,D,2016,04,21,2016-04-21,323.7,83,25.1,289.7,0,-0.6938281,-4.0902767,270.17505,272.86255,275.8506,272.1982,273.4172,2.0,0.0,0.29033002,0.29562163,0.28245312,0.25196958
56.5335,-120.3544,51.582,-100.22,D,2016,04,21,2016-04-21,311.9,24,10.8,291.1,0,-0.6938281,-4.0902767,270.17505,272.86255,275.8506,272.1982,273.4172,2.0,0.0,0.29033002,0.29562163,0.28245312,0.25196958
56.5315,-120.3734,51.582,-100.22,D,2016,04,21,2016-04-21,349.6,96,75.8,295.6,1,-0.6938281,-4.0902767,270.17505,272.86255,275.8506,272.1982,273.4172,2.0,0.0,0.29033002,0.29562163,0.28245312,0.25196958
50.676,-105.1935,50.468,-102.981,D,2016,04,22,2016-04-22,305.5,55,7.2,284.3,0,-4.2645874,2.4334393,274.22852,276.1388,277.18896,272.09225,273.42203,2.0,0.0,0.33879095,0.343886,0.33377886,0.3021556
52.894,-105.6919,50.468,-102.981,D,2016,04,22,2016-04-22,302.1,36,6.0,284.6,0,-4.2645874,2.4334393,274.22852,276.1388,277.18896,272.09225,273.42203,2.0,0.0,0.33879095,0.343886,0.33377886,0.3021556
53.0887,-104.8404,50.468,-102.981,D,2016,04,22,2016-04-22,310.4,70,12.5,288.0,0,-4.2645874,2.4334393,274.22852,276.1388,277.18896,272.09225,273.42203,2.0,0.0,0.33879095,0.343886,0.33377886,0.3021556
50.8705,-103.3758,49.841,-97.723,D,2016,04,25,2016-04-25,313.7,74,61.7,279.0,0,-5.186674,-4.0023212,274.9157,276.49112,278.0092,275.31357,274.38135,4.0,0.0,0.45399523,0.45610413,0.46663162,0.4284004
50.8712,-103.3682,49.841,-97.723,D,2016,04,25,2016-04-25,314.1,74,67.5,279.7,0,-5.186674,-4.0023212,274.9157,276.49112,278.0092,275.31357,274.38135,4.0,0.0,0.45399523,0.45610413,0.46663162,0.4284004
50.0832,-102.7636,49.841,-97.723,D,2016,04,25,2016-04-25,323.0,82,86.2,282.5,0,-5.186674,-4.0023212,274.9157,276.49112,278.0092,275.31357,274.38135,4.0,0.0,0.45399523,0.45610413,0.46663162,0.4284004
50.8718,-103.391,49.841,-97.723,D,2016,04,25,2016-04-25,333.8,89,156.0,275.8,0,-5.186674,-4.0023212,274.9157,276.49112,278.0092,275.31357,274.38135,4.0,0.0,0.45399523,0.45610413,0.46663162,0.4284004
51.7661,-106.6481,49.841,-97.723,D,2016,04,25,2016-04-25,308.9,64,16.5,289.1,0,-5.186674,-4.0023212,274.9157,276.49112,278.0092,275.31357,274.38135,4.0,0.0,0.45399523,0.45610413,0.46663162,0.4284004
50.8624,-103.3553,49.841,-97.723,D,2016,04,25,2016-04-25,318.1,59,79.6,271.9,0,-5.186674,-4.0023212,274.9157,276.49112,278.0092,275.31357,274.38135,4.0,0.0,0.45399523,0.45610413,0.46663162,0.4284004
50.8757,-103.3835,49.841,-97.723,D,2016,04,25,2016-04-25,338.6,91,183.1,277.1,1,-5.186674,-4.0023212,274.9157,276.49112,278.0092,275.31357,274.38135,4.0,0.0,0.45399523,0.45610413,0.46663162,0.4284004
50.8661,-103.348,49.841,-97.723,D,2016,04,25,2016-04-25,311.5,61,52.0,272.1,0,-5.186674,-4.0023212,274.9157,276.49112,278.0092,275.31357,274.38135,4.0,0.0,0.45399523,0.45610413,0.46663162,0.4284004
50.8628,-103.3797,49.841,-97.723,D,2016,04,25,2016-04-25,335.5,84,151.2,282.0,0,-5.186674,-4.0023212,274.9157,276.49112,278.0092,275.31357,274.38135,4.0,0.0,0.45399523,0.45610413,0.46663162,0.4284004
51.5574,-99.3613,49.841,-97.723,D,2016,04,25,2016-04-25,309.3,65,21.8,278.5,0,-5.186674,-4.0023212,274.9157,276.49112,278.0092,275.31357,274.38135,4.0,0.0,0.45399523,0.45610413,0.46663162,0.4284004
50.8683,-103.3909,49.841,-97.723,D,2016,04,25,2016-04-25,339.7,69,178.3,282.0,0,-5.186674,-4.0023212,274.9157,276.49112,278.0092,275.31357,274.38135,4.0,0.0,0.45399523,0.45610413,0.46663162,0.4284004
53.9567,-115.1557,50.354,-101.08,D,2016,04,26,2016-04-26,318.0,78,30.9,295.4,0,-2.5885587,-1.5207291,271.74625,273.1386,276.11435,273.06708,273.6521,2.0,0.0,0.3272371,0.34043294,0.35778415,0.3284804
52.0389,-105.8371,52.125,-104.669,D,2016,04,27,2016-04-27,303.3,43,7.5,275.3,0,-2.4638677,1.8706713,275.86856,276.4562,276.4665,271.97314,273.17758,3.0,0.0,0.2994283,0.2982805,0.32712647,0.2891044
54.4804,-108.4022,52.125,-104.669,D,2016,04,27,2016-04-27,304.0,0,5.1,293.0,0,-2.4638677,1.8706713,275.86856,276.4562,276.4665,271.97314,273.17758,3.0,0.0,0.2994283,0.2982805,0.32712647,0.2891044
55.3642,-115.8444,52.125,-104.669,D,2016,04,27,2016-04-27,304.3,40,5.6,292.5,0,-2.4638677,1.8706713,275.86856,276.4562,276.4665,271.97314,273.17758,3.0,0.0,0.2994283,0.2982805,0.32712647,0.2891044
54.1459,-114.6079,52.125,-104.669,D,2016,04,27,2016-04-27,324.0,64,23.0,295.2,0,-2.4638677,1.8706713,275.86856,276.4562,276.4665,271.97314,273.17758,3.0,0.0,0.2994283,0.2982805,0.32712647,0.2891044
53.475,-110.5315,52.125,-104.669,D,2016,04,27,2016-04-27,306.8,42,3.8,292.5,0,-2.4638677,1.8706713,275.86856,276.4562,276.4665,271.97314,273.17758,3.0,0.0,0.2994283,0.2982805,0.32712647,0.2891044
52.0953,-105.0009,52.125,-104.669,D,2016,04,27,2016-04-27,325.5,84,42.4,279.8,0,-2.4638677,1.8706713,275.86856,276.4562,276.4665,271.97314,273.17758,3.0,0.0,0.2994283,0.2982805,0.32712647,0.2891044
52.0909,-104.98,52.125,-104.669,D,2016,04,27,2016-04-27,308.4,67,14.9,278.5,0,-2.4638677,1.8706713,275.86856,276.4562,276.4665,271.97314,273.17758,3.0,0.0,0.2994283,0.2982805,0.32712647,0.2891044
52.094,-105.6931,52.125,-104.669,D,2016,04,27,2016-04-27,319.9,80,29.6,276.7,0,-2.4638677,1.8706713,275.86856,276.4562,276.4665,271.97314,273.17758,3.0,0.0,0.2994283,0.2982805,0.32712647,0.2891044
52.0899,-105.6733,52.125,-104.669,D,2016,04,27,2016-04-27,303.5,56,8.9,275.6,0,-2.4638677,1.8706713,275.86856,276.4562,276.4665,271.97314,273.17758,3.0,0.0,0.2994283,0.2982805,0.32712647,0.2891044
52.0436,-105.829,52.125,-104.669,D,2016,04,27,2016-04-27,336.3,90,61.4,276.8,1,-2.4638677,1.8706713,275.86856,276.4562,276.4665,271.97314,273.17758,3.0,0.0,0.2994283,0.2982805,0.32712647,0.2891044
52.0395,-105.8095,52.125,-104.669,D,2016,04,27,2016-04-27,305.6,49,10.1,275.7,0,-2.4638677,1.8706713,275.86856,276.4562,276.4665,271.97314,273.17758,3.0,0.0,0.2994283,0.2982805,0.32712647,0.2891044
52.6151,-120.0631,52.125,-104.669,D,2016,04,27,2016-04-27,300.2,12,11.7,287.0,0,-2.4638677,1.8706713,275.86856,276.4562,276.4665,271.97314,273.17758,3.0,0.0,0.2994283,0.2982805,0.32712647,0.2891044
52.219,-107.5607,52.125,-104.669,D,2016,04,27,2016-04-27,309.5,65,9.1,288.7,0,-2.4638677,1.8706713,275.86856,276.4562,276.4665,271.97314,273.17758,3.0,0.0,0.2994283,0.2982805,0.32712647,0.2891044
52.3677,-105.0262,52.125,-104.669,D,2016,04,27,2016-04-27,310.5,68,18.3,287.2,0,-2.4638677,1.8706713,275.86856,276.4562,276.4665,271.97314,273.17758,3.0,0.0,0.2994283,0.2982805,0.32712647,0.2891044
52.9244,-105.4921,52.125,-104.669,D,2016,04,27,2016-04-27,323.4,82,44.4,283.6,0,-2.4638677,1.8706713,275.86856,276.4562,276.4665,271.97314,273.17758,3.0,0.0,0.2994283,0.2982805,0.32712647,0.2891044
52.9225,-105.5185,52.125,-104.669,D,2016,04,27,2016-04-27,315.7,76,26.8,284.4,0,-2.4638677,1.8706713,275.86856,276.4562,276.4665,271.97314,273.17758,3.0,0.0,0.2994283,0.2982805,0.32712647,0.2891044
52.9302,-105.4983,52.125,-104.669,D,2016,04,27,2016-04-27,321.7,81,36.8,283.4,0,-2.4638677,1.8706713,275.86856,276.4562,276.4665,271.97314,273.17758,3.0,0.0,0.2994283,0.2982805,0.32712647,0.2891044
58.185,-115.9784,52.125,-104.669,D,2016,04,27,2016-04-27,310.9,71,7.9,292.6,0,-2.4638677,1.8706713,275.86856,276.4562,276.4665,271.97314,273.17758,3.0,0.0,0.2994283,0.2982805,0.32712647,0.2891044
58.1665,-116.1117,52.125,-104.669,D,2016,04,27,2016-04-27,304.5,25,3.3,292.2,0,-2.4638677,1.8706713,275.86856,276.4562,276.4665,271.97314,273.17758,3.0,0.0,0.2994283,0.2982805,0.32712647,0.2891044
53.455,-107.0551,50.752,-102.344,D,2016,04,28,2016-04-28,308.2,66,16.8,288.2,0,-2.1874576,-1.3134401,272.33932,274.64804,277.43707,272.2755,273.4214,2.0,0.0,0.29683343,0.29822952,0.31773448,0.28876823
53.457,-107.084,50.752,-102.344,D,2016,04,28,2016-04-28,303.3,53,8.7,286.3,0,-2.1874576,-1.3134401,272.33932,274.64804,277.43707,272.2755,273.4214,2.0,0.0,0.29683343,0.29822952,0.31773448,0.28876823
52.7718,-105.6236,50.752,-102.344,D,2016,04,28,2016-04-28,312.9,69,15.0,295.5,0,-2.1874576,-1.3134401,272.33932,274.64804,277.43707,272.2755,273.4214,2.0,0.0,0.29683343,0.29822952,0.31773448,0.28876823
52.6983,-106.9008,50.752,-102.344,D,2016,04,28,2016-04-28,343.1,81,108.4,296.4,0,-2.1874576,-1.3134401,272.33932,274.64804,277.43707,272.2755,273.4214,2.0,0.0,0.29683343,0.29822952,0.31773448,0.28876823
52.6964,-106.8734,50.752,-102.344,D,2016,04,28,2016-04-28,310.8,57,13.7,295.9,0,-2.1874576,-1.3134401,272.33932,274.64804,277.43707,272.2755,273.4214,2.0,0.0,0.29683343,0.29822952,0.31773448,0.28876823
51.7705,-102.4595,50.752,-102.344,D,2016,04,28,2016-04-28,317.2,77,14.8,292.6,0,-2.1874576,-1.3134401,272.33932,274.64804,277.43707,272.2755,273.4214,2.0,0.0,0.29683343,0.29822952,0.31773448,0.28876823
51.7686,-102.4426,50.752,-102.344,D,2016,04,28,2016-04-28,330.7,82,34.0,293.7,0,-2.1874576,-1.3134401,272.33932,274.64804,277.43707,272.2755,273.4214,2.0,0.0,0.29683343,0.29822952,0.31773448,0.28876823
51.7131,-102.389,50.752,-102.344,D,2016,04,28,2016-04-28,315.2,75,12.3,293.4,0,-2.1874576,-1.3134401,272.33932,274.64804,277.43707,272.2755,273.4214,2.0,0.0,0.29683343,0.29822952,0.31773448,0.28876823
51.9981,-105.7235,50.752,-102.344,D,2016,04,28,2016-04-28,327.2,85,46.5,288.2,0,-2.1874576,-1.3134401,272.33932,274.64804,277.43707,272.2755,273.4214,2.0,0.0,0.29683343,0.29822952,0.31773448,0.28876823
51.7097,-105.6632,50.752,-102.344,D,2016,04,28,2016-04-28,314.8,75,22.8,283.6,0,-2.1874576,-1.3134401,272.33932,274.64804,277.43707,272.2755,273.4214,2.0,0.0,0.29683343,0.29822952,0.31773448,0.28876823
51.7078,-105.6404,50.752,-102.344,D,2016,04,28,2016-04-28,307.4,64,12.5,283.3,0,-2.1874576,-1.3134401,272.33932,274.64804,277.43707,272.2755,273.4214,2.0,0.0,0.29683343,0.29822952,0.31773448,0.28876823
51.144,-104.0142,50.752,-102.344,D,2016,04,28,2016-04-28,303.7,56,8.1,279.7,0,-2.1874576,-1.3134401,272.33932,274.64804,277.43707,272.2755,273.4214,2.0,0.0,0.29683343,0.29822952,0.31773448,0.28876823
50.9345,-102.6298,50.752,-102.344,D,2016,04,28,2016-04-28,317.7,77,16.2,290.6,0,-2.1874576,-1.3134401,272.33932,274.64804,277.43707,272.2755,273.4214,2.0,0.0,0.29683343,0.29822952,0.31773448,0.28876823
51.1979,-105.5078,50.752,-102.344,D,2016,04,28,2016-04-28,317.2,77,22.1,288.3,0,-2.1874576,-1.3134401,272.33932,274.64804,277.43707,272.2755,273.4214,2.0,0.0,0.29683343,0.29822952,0.31773448,0.28876823
51.2079,-105.5126,50.752,-102.344,D,2016,04,28,2016-04-28,307.2,45,8.0,287.7,0,-2.1874576,-1.3134401,272.33932,274.64804,277.43707,272.2755,273.4214,2.0,0.0,0.29683343,0.29822952,0.31773448,0.28876823
51.1969,-105.5149,50.752,-102.344,D,2016,04,28,2016-04-28,307.7,53,9.1,288.0,0,-2.1874576,-1.3134401,272.33932,274.64804,277.43707,272.2755,273.4214,2.0,0.0,0.29683343,0.29822952,0.31773448,0.28876823
51.2214,-106.0584,50.752,-102.344,D,2016,04,28,2016-04-28,317.5,78,28.3,283.8,0,-2.1874576,-1.3134401,272.33932,274.64804,277.43707,272.2755,273.4214,2.0,0.0,0.29683343,0.29822952,0.31773448,0.28876823
50.8946,-103.7686,50.752,-102.344,D,2016,04,28,2016-04-28,308.3,65,8.0,290.6,0,-2.1874576,-1.3134401,272.33932,274.64804,277.43707,272.2755,273.4214,2.0,0.0,0.29683343,0.29822952,0.31773448,0.28876823
52.9191,-105.4469,50.752,-102.344,D,2016,04,28,2016-04-28,315.0,75,72.8,293.6,0,-2.1874576,-1.3134401,272.33932,274.64804,277.43707,272.2755,273.4214,2.0,0.0,0.29683343,0.29822952,0.31773448,0.28876823
52.9157,-105.4575,50.752,-102.344,D,2016,04,28,2016-04-28,316.4,77,83.4,293.8,0,-2.1874576,-1.3134401,272.33932,274.64804,277.43707,272.2755,273.4214,2.0,0.0,0.29683343,0.29822952,0.31773448,0.28876823
52.9487,-107.4698,50.752,-102.344,D,2016,04,28,2016-04-28,306.5,59,28.9,292.1,0,-2.1874576,-1.3134401,272.33932,274.64804,277.43707,272.2755,273.4214,2.0,0.0,0.29683343,0.29822952,0.31773448,0.28876823
50.7437,-103.6398,50.752,-102.344,D,2016,04,28,2016-04-28,325.1,62,24.5,297.7,0,-2.1874576,-1.3134401,272.33932,274.64804,277.43707,272.2755,273.4214,2.0,0.0,0.29683343,0.29822952,0.31773448,0.28876823
51.1352,-104.0123,50.752,-102.344,D,2016,04,28,2016-04-28,303.4,42,4.4,288.6,0,-2.1874576,-1.3134401,272.33932,274.64804,277.43707,272.2755,273.4214,2.0,0.0,0.29683343,0.29822952,0.31773448,0.28876823
50.7643,-106.0412,50.752,-102.344,D,2016,04,28,2016-04-28,305.1,59,8.6,287.9,0,-2.1874576,-1.3134401,272.33932,274.64804,277.43707,272.2755,273.4214,2.0,0.0,0.29683343,0.29822952,0.31773448,0.28876823
51.2118,-106.0549,50.752,-102.344,D,2016,04,28,2016-04-28,307.2,40,8.8,284.9,0,-2.1874576,-1.3134401,272.33932,274.64804,277.43707,272.2755,273.4214,2.0,0.0,0.29683343,0.29822952,0.31773448,0.28876823
51.2077,-106.075,50.752,-102.344,D,2016,04,28,2016-04-28,310.7,68,12.8,283.4,0,-2.1874576,-1.3134401,272.33932,274.64804,277.43707,272.2755,273.4214,2.0,0.0,0.29683343,0.29822952,0.31773448,0.28876823
51.215,-106.0633,50.752,-102.344,D,2016,04,28,2016-04-28,311.5,69,15.3,284.5,0,-2.1874576,-1.3134401,272.33932,274.64804,277.43707,272.2755,273.4214,2.0,0.0,0.29683343,0.29822952,0.31773448,0.28876823
51.2108,-106.0834,50.752,-102.344,D,2016,04,28,2016-04-28,304.5,53,6.5,282.4,0,-2.1874576,-1.3134401,272.33932,274.64804,277.43707,272.2755,273.4214,2.0,0.0,0.29683343,0.29822952,0.31773448,0.28876823
51.7672,-104.2384,50.752,-102.344,D,2016,04,28,2016-04-28,310.2,67,7.2,294.7,0,-2.1874576,-1.3134401,272.33932,274.64804,277.43707,272.2755,273.4214,2.0,0.0,0.29683343,0.29822952,0.31773448,0.28876823
51.7665,-105.0674,50.752,-102.344,D,2016,04,28,2016-04-28,323.7,82,26.7,292.1,0,-2.1874576,-1.3134401,272.33932,274.64804,277.43707,272.2755,273.4214,2.0,0.0,0.29683343,0.29822952,0.31773448,0.28876823
51.763,-105.0855,50.752,-102.344,D,2016,04,28,2016-04-28,329.8,86,37.1,294.8,0,-2.1874576,-1.3134401,272.33932,274.64804,277.43707,272.2755,273.4214,2.0,0.0,0.29683343,0.29822952,0.31773448,0.28876823
52.0198,-103.8221,50.752,-102.344,D,2016,04,28,2016-04-28,306.4,41,5.0,292.6,0,-2.1874576,-1.3134401,272.33932,274.64804,277.43707,272.2755,273.4214,2.0,0.0,0.29683343,0.29822952,0.31773448,0.28876823
52.0168,-103.8385,50.752,-102.344,D,2016,04,28,2016-04-28,310.3,68,8.2,291.0,0,-2.1874576,-1.3134401,272.33932,274.64804,277.43707,272.2755,273.4214,2.0,0.0,0.29683343,0.29822952,0.31773448,0.28876823
52.0222,-103.8299,50.752,-102.344,D,2016,04,28,2016-04-28,311.7,71,9.5,292.0,0,-2.1874576,-1.3134401,272.33932,274.64804,277.43707,272.2755,273.4214,2.0,0.0,0.29683343,0.29822952,0.31773448,0.28876823
51.6637,-105.7387,50.752,-102.344,D,2016,04,28,2016-04-28,304.8,44,8.0,285.7,0,-2.1874576,-1.3134401,272.33932,274.64804,277.43707,272.2755,273.4214,2.0,0.0,0.29683343,0.29822952,0.31773448,0.28876823
51.8854,-105.8048,50.752,-102.344,D,2016,04,28,2016-04-28,310.7,67,12.1,287.7,0,-2.1874576,-1.3134401,272.33932,274.64804,277.43707,272.2755,273.4214,2.0,0.0,0.29683343,0.29822952,0.31773448,0.28876823
52.0639,-105.0604,50.752,-102.344,D,2016,04,28,2016-04-28,308.1,62,6.7,292.5,0,-2.1874576,-1.3134401,272.33932,274.64804,277.43707,272.2755,273.4214,2.0,0.0,0.29683343,0.29822952,0.31773448,0.28876823
52.4235,-104.3833,50.752,-102.344,D,2016,04,28,2016-04-28,313.8,71,10.3,296.5,0,-2.1874576,-1.3134401,272.33932,274.64804,277.43707,272.2755,273.4214,2.0,0.0,0.29683343,0.29822952,0.31773448,0.28876823
52.7595,-104.6154,50.752,-102.344,D,2016,04,28,2016-04-28,310.2,65,6.4,295.1,0,-2.1874576,-1.3134401,272.33932,274.64804,277.43707,272.2755,273.4214,2.0,0.0,0.29683343,0.29822952,0.31773448,0.28876823
53.5642,-103.3994,50.752,-102.344,D,2016,04,28,2016-04-28,334.4,67,31.3,298.9,0,-2.1874576,-1.3134401,272.33932,274.64804,277.43707,272.2755,273.4214,2.0,0.0,0.29683343,0.29822952,0.31773448,0.28876823
53.5759,-103.3881,50.752,-102.344,D,2016,04,28,2016-04-28,317.7,53,10.5,297.0,0,-2.1874576,-1.3134401,272.33932,274.64804,277.43707,272.2755,273.4214,2.0,0.0,0.29683343,0.29822952,0.31773448,0.28876823
53.4452,-104.2503,50.752,-102.344,D,2016,04,28,2016-04-28,311.2,69,7.7,295.9,0,-2.1874576,-1.3134401,272.33932,274.64804,277.43707,272.2755,273.4214,2.0,0.0,0.29683343,0.29822952,0.31773448,0.28876823
53.3078,-105.3473,50.752,-102.344,D,2016,04,28,2016-04-28,312.0,67,9.6,291.9,0,-2.1874576,-1.3134401,272.33932,274.64804,277.43707,272.2755,273.4214,2.0,0.0,0.29683343,0.29822952,0.31773448,0.28876823
52.9466,-107.5014,50.752,-102.344,D,2016,04,28,2016-04-28,324.4,82,34.5,295.7,0,-2.1874576,-1.3134401,272.33932,274.64804,277.43707,272.2755,273.4214,2.0,0.0,0.29683343,0.29822952,0.31773448,0.28876823
52.957,-107.5075,50.752,-102.344,D,2016,04,28,2016-04-28,309.9,32,9.4,294.0,0,-2.1874576,-1.3134401,272.33932,274.64804,277.43707,272.2755,273.4214,2.0,0.0,0.29683343,0.29822952,0.31773448,0.28876823
53.414,-106.9137,50.752,-102.344,D,2016,04,28,2016-04-28,311.5,57,11.4,294.8,0,-2.1874576,-1.3134401,272.33932,274.64804,277.43707,272.2755,273.4214,2.0,0.0,0.29683343,0.29822952,0.31773448,0.28876823
53.4224,-106.9011,50.752,-102.344,D,2016,04,28,2016-04-28,306.6,35,5.9,293.9,0,-2.1874576,-1.3134401,272.33932,274.64804,277.43707,272.2755,273.4214,2.0,0.0,0.29683343,0.29822952,0.31773448,0.28876823
53.5669,-103.3837,50.752,-102.344,D,2016,04,28,2016-04-28,317.7,61,10.6,298.5,0,-2.1874576,-1.3134401,272.33932,274.64804,277.43707,272.2755,273.4214,2.0,0.0,0.29683343,0.29822952,0.31773448,0.28876823
58.1847,-115.9695,50.752,-102.344,D,2016,04,28,2016-04-28,302.6,53,8.7,290.6,0,-2.1874576,-1.3134401,272.33932,274.64804,277.43707,272.2755,273.4214,2.0,0.0,0.29683343,0.29822952,0.31773448,0.28876823
56.5106,-120.3849,50.752,-102.344,D,2016,04,28,2016-04-28,307.7,43,12.5,277.2,0,-2.1874576,-1.3134401,272.33932,274.64804,277.43707,272.2755,273.4214,2.0,0.0,0.29683343,0.29822952,0.31773448,0.28876823
52.8391,-106.29,51.399,-103.131,D,2016,04,29,2016-04-29,332.4,65,30.6,299.9,0,-1.650808,1.5190268,270.28888,272.63855,276.53967,271.9908,273.26944,2.0,0.0,0.28190985,0.27841178,0.31942296,0.2681399
52.0514,-103.8289,51.399,-103.131,D,2016,04,29,2016-04-29,312.0,67,11.9,294.3,0,-1.650808,1.5190268,270.28888,272.63855,276.53967,271.9908,273.26944,2.0,0.0,0.28190985,0.27841178,0.31942296,0.2681399
52.0479,-103.8111,51.399,-103.131,D,2016,04,29,2016-04-29,309.1,60,9.0,294.1,0,-1.650808,1.5190268,270.28888,272.63855,276.53967,271.9908,273.26944,2.0,0.0,0.28190985,0.27841178,0.31942296,0.2681399
52.5414,-107.0339,51.399,-103.131,D,2016,04,29,2016-04-29,319.5,74,11.9,300.2,0,-1.650808,1.5190268,270.28888,272.63855,276.53967,271.9908,273.26944,2.0,0.0,0.28190985,0.27841178,0.31942296,0.2681399
52.5326,-107.0378,51.399,-103.131,D,2016,04,29,2016-04-29,313.2,48,5.9,297.5,0,-1.650808,1.5190268,270.28888,272.63855,276.53967,271.9908,273.26944,2.0,0.0,0.28190985,0.27841178,0.31942296,0.2681399
51.8348,-104.9537,51.399,-103.131,D,2016,04,29,2016-04-29,320.3,77,16.7,296.8,0,-1.650808,1.5190268,270.28888,272.63855,276.53967,271.9908,273.26944,2.0,0.0,0.28190985,0.27841178,0.31942296,0.2681399
51.8334,-104.9611,51.399,-103.131,D,2016,04,29,2016-04-29,316.6,72,13.3,296.4,0,-1.650808,1.5190268,270.28888,272.63855,276.53967,271.9908,273.26944,2.0,0.0,0.28190985,0.27841178,0.31942296,0.2681399
51.5287,-103.5902,51.399,-103.131,D,2016,04,29,2016-04-29,312.3,67,11.5,295.6,0,-1.650808,1.5190268,270.28888,272.63855,276.53967,271.9908,273.26944,2.0,0.0,0.28190985,0.27841178,0.31942296,0.2681399
52.1122,-107.219,51.399,-103.131,D,2016,04,29,2016-04-29,310.9,59,5.2,297.0,0,-1.650808,1.5190268,270.28888,272.63855,276.53967,271.9908,273.26944,2.0,0.0,0.28190985,0.27841178,0.31942296,0.2681399
53.5163,-104.3844,51.399,-103.131,D,2016,04,29,2016-04-29,320.1,80,16.7,297.1,0,-1.650808,1.5190268,270.28888,272.63855,276.53967,271.9908,273.26944,2.0,0.0,0.28190985,0.27841178,0.31942296,0.2681399
53.1986,-103.6369,51.399,-103.131,D,2016,04,29,2016-04-29,322.9,61,18.5,300.4,0,-1.650808,1.5190268,270.28888,272.63855,276.53967,271.9908,273.26944,2.0,0.0,0.28190985,0.27841178,0.31942296,0.2681399
53.1979,-104.255,51.399,-103.131,D,2016,04,29,2016-04-29,306.9,48,4.3,295.5,0,-1.650808,1.5190268,270.28888,272.63855,276.53967,271.9908,273.26944,2.0,0.0,0.28190985,0.27841178,0.31942296,0.2681399
53.3543,-105.4529,51.399,-103.131,D,2016,04,29,2016-04-29,322.2,79,19.1,294.0,0,-1.650808,1.5190268,270.28888,272.63855,276.53967,271.9908,273.26944,2.0,0.0,0.28190985,0.27841178,0.31942296,0.2681399
53.3516,-105.4372,51.399,-103.131,D,2016,04,29,2016-04-29,327.6,84,26.4,295.7,0,-1.650808,1.5190268,270.28888,272.63855,276.53967,271.9908,273.26944,2.0,0.0,0.28190985,0.27841178,0.31942296,0.2681399
53.3453,-105.4573,51.399,-103.131,D,2016,04,29,2016-04-29,334.2,88,35.0,294.5,0,-1.650808,1.5190268,270.28888,272.63855,276.53967,271.9908,273.26944,2.0,0.0,0.28190985,0.27841178,0.31942296,0.2681399
53.3425,-105.4416,51.399,-103.131,D,2016,04,29,2016-04-29,326.7,83,24.2,293.9,0,-1.650808,1.5190268,270.28888,272.63855,276.53967,271.9908,273.26944,2.0,0.0,0.28190985,0.27841178,0.31942296,0.2681399
53.4802,-106.9219,51.399,-103.131,D,2016,04,29,2016-04-29,308.9,47,6.1,295.4,0,-1.650808,1.5190268,270.28888,272.63855,276.53967,271.9908,273.26944,2.0,0.0,0.28190985,0.27841178,0.31942296,0.2681399
53.1227,-105.4124,51.399,-103.131,D,2016,04,29,2016-04-29,310.1,59,7.2,293.0,0,-1.650808,1.5190268,270.28888,272.63855,276.53967,271.9908,273.26944,2.0,0.0,0.28190985,0.27841178,0.31942296,0.2681399
52.5109,-104.3522,51.399,-103.131,D,2016,04,29,2016-04-29,309.6,0,8.2,293.0,0,-1.650808,1.5190268,270.28888,272.63855,276.53967,271.9908,273.26944,2.0,0.0,0.28190985,0.27841178,0.31942296,0.2681399
53.5106,-104.3836,51.399,-103.131,D,2016,04,29,2016-04-29,305.8,62,37.6,293.4,0,-1.650808,1.5190268,270.28888,272.63855,276.53967,271.9908,273.26944,2.0,0.0,0.28190985,0.27841178,0.31942296,0.2681399
53.3417,-105.4574,51.399,-103.131,D,2016,04,29,2016-04-29,315.3,76,118.7,291.1,0,-1.650808,1.5190268,270.28888,272.63855,276.53967,271.9908,273.26944,2.0,0.0,0.28190985,0.27841178,0.31942296,0.2681399
53.3402,-105.4644,51.399,-103.131,D,2016,04,29,2016-04-29,315.2,76,118.1,291.0,0,-1.650808,1.5190268,270.28888,272.63855,276.53967,271.9908,273.26944,2.0,0.0,0.28190985,0.27841178,0.31942296,0.2681399
53.1917,-103.6426,51.399,-103.131,D,2016,04,29,2016-04-29,309.2,58,42.6,294.6,0,-1.650808,1.5190268,270.28888,272.63855,276.53967,271.9908,273.26944,2.0,0.0,0.28190985,0.27841178,0.31942296,0.2681399
53.1957,-103.6485,51.399,-103.131,D,2016,04,29,2016-04-29,309.1,55,43.6,294.3,0,-1.650808,1.5190268,270.28888,272.63855,276.53967,271.9908,273.26944,2.0,0.0,0.28190985,0.27841178,0.31942296,0.2681399
56.518,-120.3729,51.399,-103.131,D,2016,04,29,2016-04-29,317.2,77,40.7,293.8,0,-1.650808,1.5190268,270.28888,272.63855,276.53967,271.9908,273.26944,2.0,0.0,0.28190985,0.27841178,0.31942296,0.2681399
51.5932,-105.3029,51.399,-103.131,D,2016,04,29,2016-04-29,311.3,54,7.4,299.1,0,-1.650808,1.5190268,270.28888,272.63855,276.53967,271.9908,273.26944,2.0,0.0,0.28190985,0.27841178,0.31942296,0.2681399
51.4685,-103.5464,51.399,-103.131,D,2016,04,29,2016-04-29,315.6,68,16.4,295.8,0,-1.650808,1.5190268,270.28888,272.63855,276.53967,271.9908,273.26944,2.0,0.0,0.28190985,0.27841178,0.31942296,0.2681399
51.4715,-103.5303,51.399,-103.131,D,2016,04,29,2016-04-29,312.8,66,13.2,296.1,0,-1.650808,1.5190268,270.28888,272.63855,276.53967,271.9908,273.26944,2.0,0.0,0.28190985,0.27841178,0.31942296,0.2681399
51.4697,-103.552,51.399,-103.131,D,2016,04,29,2016-04-29,311.5,63,11.4,295.7,0,-1.650808,1.5190268,270.28888,272.63855,276.53967,271.9908,273.26944,2.0,0.0,0.28190985,0.27841178,0.31942296,0.2681399
51.533,-105.6867,51.399,-103.131,D,2016,04,29,2016-04-29,311.0,55,8.9,294.9,0,-1.650808,1.5190268,270.28888,272.63855,276.53967,271.9908,273.26944,2.0,0.0,0.28190985,0.27841178,0.31942296,0.2681399
51.5351,-105.6764,51.399,-103.131,D,2016,04,29,2016-04-29,310.6,54,8.0,295.2,0,-1.650808,1.5190268,270.28888,272.63855,276.53967,271.9908,273.26944,2.0,0.0,0.28190985,0.27841178,0.31942296,0.2681399
51.4396,-107.6132,51.399,-103.131,D,2016,04,29,2016-04-29,313.6,43,5.7,299.6,0,-1.650808,1.5190268,270.28888,272.63855,276.53967,271.9908,273.26944,2.0,0.0,0.28190985,0.27841178,0.31942296,0.2681399
51.8325,-104.9348,51.399,-103.131,D,2016,04,29,2016-04-29,339.7,90,58.1,301.3,1,-1.650808,1.5190268,270.28888,272.63855,276.53967,271.9908,273.26944,2.0,0.0,0.28190985,0.27841178,0.31942296,0.2681399
51.8306,-104.954,51.399,-103.131,D,2016,04,29,2016-04-29,337.9,89,53.3,301.1,0,-1.650808,1.5190268,270.28888,272.63855,276.53967,271.9908,273.26944,2.0,0.0,0.28190985,0.27841178,0.31942296,0.2681399
52.0219,-105.2876,51.399,-103.131,D,2016,04,29,2016-04-29,308.1,50,7.0,293.8,0,-1.650808,1.5190268,270.28888,272.63855,276.53967,271.9908,273.26944,2.0,0.0,0.28190985,0.27841178,0.31942296,0.2681399
52.0848,-104.8172,51.399,-103.131,D,2016,04,29,2016-04-29,330.3,85,37.4,297.5,0,-1.650808,1.5190268,270.28888,272.63855,276.53967,271.9908,273.26944,2.0,0.0,0.28190985,0.27841178,0.31942296,0.2681399
52.083,-104.8369,51.399,-103.131,D,2016,04,29,2016-04-29,328.7,84,34.3,298.7,0,-1.650808,1.5190268,270.28888,272.63855,276.53967,271.9908,273.26944,2.0,0.0,0.28190985,0.27841178,0.31942296,0.2681399
52.3014,-104.2758,51.399,-103.131,D,2016,04,29,2016-04-29,315.4,68,16.7,294.4,0,-1.650808,1.5190268,270.28888,272.63855,276.53967,271.9908,273.26944,2.0,0.0,0.28190985,0.27841178,0.31942296,0.2681399
52.2995,-104.2967,51.399,-103.131,D,2016,04,29,2016-04-29,317.4,75,19.6,294.6,0,-1.650808,1.5190268,270.28888,272.63855,276.53967,271.9908,273.26944,2.0,0.0,0.28190985,0.27841178,0.31942296,0.2681399
52.3424,-104.461,51.399,-103.131,D,2016,04,29,2016-04-29,310.8,65,9.6,295.4,0,-1.650808,1.5190268,270.28888,272.63855,276.53967,271.9908,273.26944,2.0,0.0,0.28190985,0.27841178,0.31942296,0.2681399
52.6832,-103.2748,51.399,-103.131,D,2016,04,29,2016-04-29,331.2,86,51.4,298.1,0,-1.650808,1.5190268,270.28888,272.63855,276.53967,271.9908,273.26944,2.0,0.0,0.28190985,0.27841178,0.31942296,0.2681399
52.6814,-103.2985,51.399,-103.131,D,2016,04,29,2016-04-29,341.5,92,82.4,300.1,1,-1.650808,1.5190268,270.28888,272.63855,276.53967,271.9908,273.26944,2.0,0.0,0.28190985,0.27841178,0.31942296,0.2681399
53.0776,-104.2521,51.399,-103.131,D,2016,04,29,2016-04-29,321.3,78,22.2,298.8,0,-1.650808,1.5190268,270.28888,272.63855,276.53967,271.9908,273.26944,2.0,0.0,0.28190985,0.27841178,0.31942296,0.2681399
53.0757,-104.274,51.399,-103.131,D,2016,04,29,2016-04-29,320.7,78,21.1,298.9,0,-1.650808,1.5190268,270.28888,272.63855,276.53967,271.9908,273.26944,2.0,0.0,0.28190985,0.27841178,0.31942296,0.2681399
52.9482,-107.4604,51.399,-103.131,D,2016,04,29,2016-04-29,311.8,59,8.2,295.9,0,-1.650808,1.5190268,270.28888,272.63855,276.53967,271.9908,273.26944,2.0,0.0,0.28190985,0.27841178,0.31942296,0.2681399
53.355,-105.4345,51.399,-103.131,D,2016,04,29,2016-04-29,309.6,61,8.8,296.6,0,-1.650808,1.5190268,270.28888,272.63855,276.53967,271.9908,273.26944,2.0,0.0,0.28190985,0.27841178,0.31942296,0.2681399
53.3531,-105.4544,51.399,-103.131,D,2016,04,29,2016-04-29,312.6,67,11.8,295.5,0,-1.650808,1.5190268,270.28888,272.63855,276.53967,271.9908,273.26944,2.0,0.0,0.28190985,0.27841178,0.31942296,0.2681399
54.3389,-109.5259,51.399,-103.131,D,2016,04,29,2016-04-29,318.6,75,12.0,298.6,0,-1.650808,1.5190268,270.28888,272.63855,276.53967,271.9908,273.26944,2.0,0.0,0.28190985,0.27841178,0.31942296,0.2681399
54.3608,-109.6496,51.399,-103.131,D,2016,04,29,2016-04-29,315.6,72,9.3,297.0,0,-1.650808,1.5190268,270.28888,272.63855,276.53967,271.9908,273.26944,2.0,0.0,0.28190985,0.27841178,0.31942296,0.2681399
56.5189,-120.3618,51.399,-103.131,D,2016,04,29,2016-04-29,304.5,45,8.4,293.8,0,-1.650808,1.5190268,270.28888,272.63855,276.53967,271.9908,273.26944,2.0,0.0,0.28190985,0.27841178,0.31942296,0.2681399
59.0326,-117.7148,51.399,-103.131,D,2016,04,29,2016-04-29,306.1,60,5.1,295.6,0,-1.650808,1.5190268,270.28888,272.63855,276.53967,271.9908,273.26944,2.0,0.0,0.28190985,0.27841178,0.31942296,0.2681399
58.187,-115.9715,51.399,-103.131,D,2016,04,29,2016-04-29,313.4,68,6.0,299.5,0,-1.650808,1.5190268,270.28888,272.63855,276.53967,271.9908,273.26944,2.0,0.0,0.28190985,0.27841178,0.31942296,0.2681399
56.5141,-120.3844,51.399,-103.131,D,2016,04,29,2016-04-29,314.9,75,20.7,297.1,0,-1.650808,1.5190268,270.28888,272.63855,276.53967,271.9908,273.26944,2.0,0.0,0.28190985,0.27841178,0.31942296,0.2681399
53.1389,-106.8914,52.336,-106.914,N,2016,04,30,2016-04-30,302.0,46,36.8,278.6,0,0.33325186,3.2660246,292.74094,288.77536,281.00565,272.7738,273.33707,2.0,0.0,0.2270236,0.21899313,0.27738684,0.28400323
53.1243,-108.2073,52.336,-106.914,N,2016,04,30,2016-04-30,310.6,80,73.1,276.0,0,0.33325186,3.2660246,292.74094,288.77536,281.00565,272.7738,273.33707,2.0,0.0,0.2270236,0.21899313,0.27738684,0.28400323
53.1236,-108.2115,52.336,-106.914,N,2016,04,30,2016-04-30,308.3,74,64.5,275.7,0,0.33325186,3.2660246,292.74094,288.77536,281.00565,272.7738,273.33707,2.0,0.0,0.2270236,0.21899313,0.27738684,0.28400323
53.1272,-108.1933,52.336,-106.914,N,2016,04,30,2016-04-30,308.5,75,40.7,274.4,0,0.33325186,3.2660246,292.74094,288.77536,281.00565,272.7738,273.33707,2.0,0.0,0.2270236,0.21899313,0.27738684,0.28400323
53.1259,-108.1985,52.336,-106.914,N,2016,04,30,2016-04-30,310.7,70,42.6,274.5,0,0.33325186,3.2660246,292.74094,288.77536,281.00565,272.7738,273.33707,2.0,0.0,0.2270236,0.21899313,0.27738684,0.28400323
53.1187,-108.1872,52.336,-106.914,N,2016,04,30,2016-04-30,304.8,61,13.9,271.7,0,0.33325186,3.2660246,292.74094,288.77536,281.00565,272.7738,273.33707,2.0,0.0,0.2270236,0.21899313,0.27738684,0.28400323
53.1418,-108.1913,52.516,-105.067,D,2016,04,30,2016-04-30,316.4,57,49.1,293.5,0,-1.5866346,3.4514856,274.15726,275.11862,278.2442,272.43945,273.29263,2.0,0.0,0.26573992,0.26869074,0.32317674,0.29167104
53.1268,-108.1925,52.516,-105.067,D,2016,04,30,2016-04-30,322.3,78,77.9,296.7,0,-1.5866346,3.4514856,274.15726,275.11862,278.2442,272.43945,273.29263,2.0,0.0,0.26573992,0.26869074,0.32317674,0.29167104
53.442,-107.0103,52.516,-105.067,D,2016,04,30,2016-04-30,308.1,46,16.9,294.7,0,-1.5866346,3.4514856,274.15726,275.11862,278.2442,272.43945,273.29263,2.0,0.0,0.26573992,0.26869074,0.32317674,0.29167104
52.8541,-106.0464,52.516,-105.067,D,2016,04,30,2016-04-30,315.1,63,46.6,295.0,0,-1.5866346,3.4514856,274.15726,275.11862,278.2442,272.43945,273.29263,2.0,0.0,0.26573992,0.26869074,0.32317674,0.29167104
52.7443,-105.9511,52.516,-105.067,D,2016,04,30,2016-04-30,314.8,71,41.1,298.7,0,-1.5866346,3.4514856,274.15726,275.11862,278.2442,272.43945,273.29263,2.0,0.0,0.26573992,0.26869074,0.32317674,0.29167104
52.7994,-106.3225,52.516,-105.067,D,2016,04,30,2016-04-30,310.3,18,25.9,295.5,0,-1.5866346,3.4514856,274.15726,275.11862,278.2442,272.43945,273.29263,2.0,0.0,0.26573992,0.26869074,0.32317674,0.29167104
52.743,-105.9568,52.516,-105.067,D,2016,04,30,2016-04-30,314.5,65,38.9,298.2,0,-1.5866346,3.4514856,274.15726,275.11862,278.2442,272.43945,273.29263,2.0,0.0,0.26573992,0.26869074,0.32317674,0.29167104
52.7967,-106.3296,52.516,-105.067,D,2016,04,30,2016-04-30,318.2,71,56.2,294.8,0,-1.5866346,3.4514856,274.15726,275.11862,278.2442,272.43945,273.29263,2.0,0.0,0.26573992,0.26869074,0.32317674,0.29167104
55.3354,-119.2169,52.516,-105.067,D,2016,04,30,2016-04-30,308.1,48,4.3,294.5,0,-1.5866346,3.4514856,274.15726,275.11862,278.2442,272.43945,273.29263,2.0,0.0,0.26573992,0.26869074,0.32317674,0.29167104
53.1502,-108.1732,52.516,-105.067,D,2016,04,30,2016-04-30,351.3,96,193.5,294.4,1,-1.5866346,3.4514856,274.15726,275.11862,278.2442,272.43945,273.29263,2.0,0.0,0.26573992,0.26869074,0.32317674,0.29167104
53.1382,-108.1817,52.516,-105.067,D,2016,04,30,2016-04-30,362.8,100,281.9,295.9,1,-1.5866346,3.4514856,274.15726,275.11862,278.2442,272.43945,273.29263,2.0,0.0,0.26573992,0.26869074,0.32317674,0.29167104
53.1141,-108.1984,52.516,-105.067,D,2016,04,30,2016-04-30,325.8,79,58.5,296.8,0,-1.5866346,3.4514856,274.15726,275.11862,278.2442,272.43945,273.29263,2.0,0.0,0.26573992,0.26869074,0.32317674,0.29167104
53.1159,-108.2023,52.516,-105.067,D,2016,04,30,2016-04-30,328.6,78,66.4,297.4,0,-1.5866346,3.4514856,274.15726,275.11862,278.2442,272.43945,273.29263,2.0,0.0,0.26573992,0.26869074,0.32317674,0.29167104
52.5983,-106.4445,52.516,-105.067,D,2016,04,30,2016-04-30,314.9,70,32.0,298.7,0,-1.5866346,3.4514856,274.15726,275.11862,278.2442,272.43945,273.29263,2.0,0.0,0.26573992,0.26869074,0.32317674,0.29167104
52.5965,-106.4571,52.516,-105.067,D,2016,04,30,2016-04-30,316.5,68,20.1,301.5,0,-1.5866346,3.4514856,274.15726,275.11862,278.2442,272.43945,273.29263,2.0,0.0,0.26573992,0.26869074,0.32317674,0.29167104
52.7196,-106.034,52.516,-105.067,D,2016,04,30,2016-04-30,314.1,64,18.5,297.4,0,-1.5866346,3.4514856,274.15726,275.11862,278.2442,272.43945,273.29263,2.0,0.0,0.26573992,0.26869074,0.32317674,0.29167104
52.7477,-105.9656,52.516,-105.067,D,2016,04,30,2016-04-30,357.2,98,171.0,302.0,1,-1.5866346,3.4514856,274.15726,275.11862,278.2442,272.43945,273.29263,2.0,0.0,0.26573992,0.26869074,0.32317674,0.29167104
52.742,-105.9908,52.516,-105.067,D,2016,04,30,2016-04-30,329.0,83,50.0,296.0,0,-1.5866346,3.4514856,274.15726,275.11862,278.2442,272.43945,273.29263,2.0,0.0,0.26573992,0.26869074,0.32317674,0.29167104
52.7485,-105.9451,52.516,-105.067,D,2016,04,30,2016-04-30,314.2,52,14.8,300.8,0,-1.5866346,3.4514856,274.15726,275.11862,278.2442,272.43945,273.29263,2.0,0.0,0.26573992,0.26869074,0.32317674,0.29167104
52.7427,-105.9702,52.516,-105.067,D,2016,04,30,2016-04-30,359.6,99,186.4,302.1,1,-1.5866346,3.4514856,274.15726,275.11862,278.2442,272.43945,273.29263,2.0,0.0,0.26573992,0.26869074,0.32317674,0.29167104
52.8482,-106.0409,52.516,-105.067,D,2016,04,30,2016-04-30,316.2,66,24.0,296.5,0,-1.5866346,3.4514856,274.15726,275.11862,278.2442,272.43945,273.29263,2.0,0.0,0.26573992,0.26869074,0.32317674,0.29167104
52.8424,-106.0661,52.516,-105.067,D,2016,04,30,2016-04-30,314.7,51,21.1,298.4,0,-1.5866346,3.4514856,274.15726,275.11862,278.2442,272.43945,273.29263,2.0,0.0,0.26573992,0.26869074,0.32317674,0.29167104
52.7949,-106.3268,52.516,-105.067,D,2016,04,30,2016-04-30,313.2,61,19.7,296.1,0,-1.5866346,3.4514856,274.15726,275.11862,278.2442,272.43945,273.29263,2.0,0.0,0.26573992,0.26869074,0.32317674,0.29167104
52.7889,-106.3526,52.516,-105.067,D,2016,04,30,2016-04-30,317.9,72,29.7,295.6,0,-1.5866346,3.4514856,274.15726,275.11862,278.2442,272.43945,273.29263,2.0,0.0,0.26573992,0.26869074,0.32317674,0.29167104
53.0155,-105.6788,52.516,-105.067,D,2016,04,30,2016-04-30,308.6,0,9.7,294.9,0,-1.5866346,3.4514856,274.15726,275.11862,278.2442,272.43945,273.29263,2.0,0.0,0.26573992,0.26869074,0.32317674,0.29167104
52.9037,-107.451,52.516,-105.067,D,2016,04,30,2016-04-30,309.2,58,14.2,295.8,0,-1.5866346,3.4514856,274.15726,275.11862,278.2442,272.43945,273.29263,2.0,0.0,0.26573992,0.26869074,0.32317674,0.29167104
53.1102,-108.2001,52.516,-105.067,D,2016,04,30,2016-04-30,325.8,43,54.3,295.5,0,-1.5866346,3.4514856,274.15726,275.11862,278.2442,272.43945,273.29263,2.0,0.0,0.26573992,0.26869074,0.32317674,0.29167104
53.1297,-108.1782,52.516,-105.067,D,2016,04,30,2016-04-30,343.4,93,134.0,287.7,1,-1.5866346,3.4514856,274.15726,275.11862,278.2442,272.43945,273.29263,2.0,0.0,0.26573992,0.26869074,0.32317674,0.29167104
53.1491,-108.1564,52.516,-105.067,D,2016,04,30,2016-04-30,330.4,53,71.6,290.5,0,-1.5866346,3.4514856,274.15726,275.11862,278.2442,272.43945,273.29263,2.0,0.0,0.26573992,0.26869074,0.32317674,0.29167104
53.1416,-108.1864,52.516,-105.067,D,2016,04,30,2016-04-30,366.2,100,304.9,290.3,1,-1.5866346,3.4514856,274.15726,275.11862,278.2442,272.43945,273.29263,2.0,0.0,0.26573992,0.26869074,0.32317674,0.29167104
56.2678,-121.652,52.516,-105.067,D,2016,04,30,2016-04-30,301.3,40,42.2,286.4,0,-1.5866346,3.4514856,274.15726,275.11862,278.2442,272.43945,273.29263,2.0,0.0,0.26573992,0.26869074,0.32317674,0.29167104
52.8478,-106.0679,52.516,-105.067,D,2016,04,30,2016-04-30,337.0,76,253.1,295.5,0,-1.5866346,3.4514856,274.15726,275.11862,278.2442,272.43945,273.29263,2.0,0.0,0.26573992,0.26869074,0.32317674,0.29167104
52.8439,-106.064,52.516,-105.067,D,2016,04,30,2016-04-30,335.9,87,241.6,295.7,0,-1.5866346,3.4514856,274.15726,275.11862,278.2442,272.43945,273.29263,2.0,0.0,0.26573992,0.26869074,0.32317674,0.29167104
55.7802,-120.2413,52.516,-105.067,D,2016,04,30,2016-04-30,313.8,72,8.5,297.0,0,-1.5866346,3.4514856,274.15726,275.11862,278.2442,272.43945,273.29263,2.0,0.0,0.26573992,0.26869074,0.32317674,0.29167104
53.4416,-106.9793,52.516,-105.067,D,2016,04,30,2016-04-30,315.3,64,62.1,294.8,0,-1.5866346,3.4514856,274.15726,275.11862,278.2442,272.43945,273.29263,2.0,0.0,0.26573992,0.26869074,0.32317674,0.29167104
53.4309,-107.0241,52.516,-105.067,D,2016,04,30,2016-04-30,310.0,56,37.1,295.3,0,-1.5866346,3.4514856,274.15726,275.11862,278.2442,272.43945,273.29263,2.0,0.0,0.26573992,0.26869074,0.32317674,0.29167104
55.7782,-120.2581,52.516,-105.067,D,2016,04,30,2016-04-30,311.6,69,6.5,296.3,0,-1.5866346,3.4514856,274.15726,275.11862,278.2442,272.43945,273.29263,2.0,0.0,0.26573992,0.26869074,0.32317674,0.29167104
56.1117,-121.9314,52.516,-105.067,D,2016,04,30,2016-04-30,337.2,90,37.3,291.0,1,-1.5866346,3.4514856,274.15726,275.11862,278.2442,272.43945,273.29263,2.0,0.0,0.26573992,0.26869074,0.32317674,0.29167104
56.253,-121.6401,52.516,-105.067,D,2016,04,30,2016-04-30,357.1,99,79.4,298.2,1,-1.5866346,3.4514856,274.15726,275.11862,278.2442,272.43945,273.29263,2.0,0.0,0.26573992,0.26869074,0.32317674,0.29167104
56.5173,-120.4141,52.516,-105.067,D,2016,04,30,2016-04-30,344.2,94,52.4,296.5,1,-1.5866346,3.4514856,274.15726,275.11862,278.2442,272.43945,273.29263,2.0,0.0,0.26573992,0.26869074,0.32317674,0.29167104
56.5288,-120.3709,52.516,-105.067,D,2016,04,30,2016-04-30,310.7,52,8.6,296.9,0,-1.5866346,3.4514856,274.15726,275.11862,278.2442,272.43945,273.29263,2.0,0.0,0.26573992,0.26869074,0.32317674,0.29167104
56.5247,-120.4056,52.516,-105.067,D,2016,04,30,2016-04-30,327.8,85,25.5,294.6,0,-1.5866346,3.4514856,274.15726,275.11862,278.2442,272.43945,273.29263,2.0,0.0,0.26573992,0.26869074,0.32317674,0.29167104
56.5227,-120.423,52.516,-105.067,D,2016,04,30,2016-04-30,322.7,82,19.6,296.4,0,-1.5866346,3.4514856,274.15726,275.11862,278.2442,272.43945,273.29263,2.0,0.0,0.26573992,0.26869074,0.32317674,0.29167104
56.592,-120.4865,52.516,-105.067,D,2016,04,30,2016-04-30,303.3,42,4.6,292.7,0,-1.5866346,3.4514856,274.15726,275.11862,278.2442,272.43945,273.29263,2.0,0.0,0.26573992,0.26869074,0.32317674,0.29167104
55.9582,-121.3266,52.516,-105.067,D,2016,04,30,2016-04-30,310.0,69,7.0,296.8,0,-1.5866346,3.4514856,274.15726,275.11862,278.2442,272.43945,273.29263,2.0,0.0,0.26573992,0.26869074,0.32317674,0.29167104
56.5008,-117.8739,52.516,-105.067,D,2016,04,30,2016-04-30,325.9,83,29.7,295.5,0,-1.5866346,3.4514856,274.15726,275.11862,278.2442,272.43945,273.29263,2.0,0.0,0.26573992,0.26869074,0.32317674,0.29167104
56.4988,-117.8944,52.516,-105.067,D,2016,04,30,2016-04-30,328.8,85,34.5,297.5,0,-1.5866346,3.4514856,274.15726,275.11862,278.2442,272.43945,273.29263,2.0,0.0,0.26573992,0.26869074,0.32317674,0.29167104
56.7375,-115.8927,52.516,-105.067,D,2016,04,30,2016-04-30,318.4,78,31.2,289.1,0,-1.5866346,3.4514856,274.15726,275.11862,278.2442,272.43945,273.29263,2.0,0.0,0.26573992,0.26869074,0.32317674,0.29167104
56.7355,-115.9175,52.516,-105.067,D,2016,04,30,2016-04-30,350.8,96,119.2,292.7,1,-1.5866346,3.4514856,274.15726,275.11862,278.2442,272.43945,273.29263,2.0,0.0,0.26573992,0.26869074,0.32317674,0.29167104
56.1007,-121.9436,52.516,-105.067,D,2016,04,30,2016-04-30,328.4,86,24.7,292.1,0,-1.5866346,3.4514856,274.15726,275.11862,278.2442,272.43945,273.29263,2.0,0.0,0.26573992,0.26869074,0.32317674,0.29167104
56.2551,-121.6236,52.516,-105.067,D,2016,04,30,2016-04-30,309.3,65,6.0,294.5,0,-1.5866346,3.4514856,274.15726,275.11862,278.2442,272.43945,273.29263,2.0,0.0,0.26573992,0.26869074,0.32317674,0.29167104
56.5229,-120.3369,54.976,-114.986,N,2016,05,01,2016-05-01,326.0,100,112.6,268.3,1,3.2475376,-1.7001276,296.6493,288.8789,280.6434,273.60803,273.52765,2.0,0.0,0.28837603,0.29417065,0.3141401,0.34356105
56.5278,-120.3485,54.976,-114.986,N,2016,05,01,2016-05-01,327.7,100,121.3,268.0,1,3.2475376,-1.7001276,296.6493,288.8789,280.6434,273.60803,273.52765,2.0,0.0,0.28837603,0.29417065,0.3141401,0.34356105
56.5388,-120.3638,54.976,-114.986,N,2016,05,01,2016-05-01,306.2,59,28.9,273.3,0,3.2475376,-1.7001276,296.6493,288.8789,280.6434,273.60803,273.52765,2.0,0.0,0.28837603,0.29417065,0.3141401,0.34356105
56.5263,-120.3615,54.976,-114.986,N,2016,05,01,2016-05-01,332.4,100,98.6,275.5,1,3.2475376,-1.7001276,296.6493,288.8789,280.6434,273.60803,273.52765,2.0,0.0,0.28837603,0.29417065,0.3141401,0.34356105
56.5283,-120.3286,54.976,-114.986,N,2016,05,01,2016-05-01,353.0,100,204.1,278.7,1,3.2475376,-1.7001276,296.6493,288.8789,280.6434,273.60803,273.52765,2.0,0.0,0.28837603,0.29417065,0.3141401,0.34356105
56.5273,-120.3667,54.976,-114.986,N,2016,05,01,2016-05-01,322.0,100,65.4,274.3,1,3.2475376,-1.7001276,296.6493,288.8789,280.6434,273.60803,273.52765,2.0,0.0,0.28837603,0.29417065,0.3141401,0.34356105
56.5291,-120.334,54.976,-114.986,N,2016,05,01,2016-05-01,354.3,100,214.3,279.2,1,3.2475376,-1.7001276,296.6493,288.8789,280.6434,273.60803,273.52765,2.0,0.0,0.28837603,0.29417065,0.3141401,0.34356105
57.8602,-123.0769,54.395,-112.638,D,2016,05,01,2016-05-01,328.2,36,26.3,295.2,0,2.320321,1.8884344,276.37955,277.0475,280.13483,274.42676,273.66705,4.0,0.0,0.3647976,0.36057025,0.34586263,0.34742874
57.8545,-123.1015,54.395,-112.638,D,2016,05,01,2016-05-01,321.9,57,18.8,293.7,0,2.320321,1.8884344,276.37955,277.0475,280.13483,274.42676,273.66705,4.0,0.0,0.3647976,0.36057025,0.34586263,0.34742874
57.851,-123.083,54.395,-112.638,D,2016,05,01,2016-05-01,321.6,60,18.3,296.1,0,2.320321,1.8884344,276.37955,277.0475,280.13483,274.42676,273.66705,4.0,0.0,0.3647976,0.36057025,0.34586263,0.34742874
57.8454,-123.1075,54.395,-112.638,D,2016,05,01,2016-05-01,337.8,48,40.0,297.0,0,2.320321,1.8884344,276.37955,277.0475,280.13483,274.42676,273.66705,4.0,0.0,0.3647976,0.36057025,0.34586263,0.34742874
57.8419,-123.0891,54.395,-112.638,D,2016,05,01,2016-05-01,337.3,69,39.8,297.9,0,2.320321,1.8884344,276.37955,277.0475,280.13483,274.42676,273.66705,4.0,0.0,0.3647976,0.36057025,0.34586263,0.34742874
57.8431,-123.1147,54.395,-112.638,D,2016,05,01,2016-05-01,344.9,89,59.8,297.9,0,2.320321,1.8884344,276.37955,277.0475,280.13483,274.42676,273.66705,4.0,0.0,0.3647976,0.36057025,0.34586263,0.34742874
57.8396,-123.0963,54.395,-112.638,D,2016,05,01,2016-05-01,344.7,94,61.2,299.4,1,2.320321,1.8884344,276.37955,277.0475,280.13483,274.42676,273.66705,4.0,0.0,0.3647976,0.36057025,0.34586263,0.34742874
57.8409,-123.158,54.395,-112.638,D,2016,05,01,2016-05-01,305.6,0,5.9,282.9,0,2.320321,1.8884344,276.37955,277.0475,280.13483,274.42676,273.66705,4.0,0.0,0.3647976,0.36057025,0.34586263,0.34742874
57.8374,-123.1392,54.395,-112.638,D,2016,05,01,2016-05-01,363.9,75,116.7,290.0,0,2.320321,1.8884344,276.37955,277.0475,280.13483,274.42676,273.66705,4.0,0.0,0.3647976,0.36057025,0.34586263,0.34742874
57.834,-123.1208,54.395,-112.638,D,2016,05,01,2016-05-01,351.9,91,77.7,291.9,1,2.320321,1.8884344,276.37955,277.0475,280.13483,274.42676,273.66705,4.0,0.0,0.3647976,0.36057025,0.34586263,0.34742874
57.8306,-123.1025,54.395,-112.638,D,2016,05,01,2016-05-01,326.0,84,26.5,293.1,0,2.320321,1.8884344,276.37955,277.0475,280.13483,274.42676,273.66705,4.0,0.0,0.3647976,0.36057025,0.34586263,0.34742874
57.8283,-123.1453,54.395,-112.638,D,2016,05,01,2016-05-01,367.4,94,127.7,297.5,1,2.320321,1.8884344,276.37955,277.0475,280.13483,274.42676,273.66705,4.0,0.0,0.3647976,0.36057025,0.34586263,0.34742874
57.8249,-123.127,54.395,-112.638,D,2016,05,01,2016-05-01,343.9,93,56.3,293.4,1,2.320321,1.8884344,276.37955,277.0475,280.13483,274.42676,273.66705,4.0,0.0,0.3647976,0.36057025,0.34586263,0.34742874
57.8226,-123.1698,54.395,-112.638,D,2016,05,01,2016-05-01,338.9,79,48.2,295.4,0,2.320321,1.8884344,276.37955,277.0475,280.13483,274.42676,273.66705,4.0,0.0,0.3647976,0.36057025,0.34586263,0.34742874
57.8192,-123.1513,54.395,-112.638,D,2016,05,01,2016-05-01,365.5,94,121.8,301.4,1,2.320321,1.8884344,276.37955,277.0475,280.13483,274.42676,273.66705,4.0,0.0,0.3647976,0.36057025,0.34586263,0.34742874
57.8158,-123.1331,54.395,-112.638,D,2016,05,01,2016-05-01,356.0,98,89.7,297.6,1,2.320321,1.8884344,276.37955,277.0475,280.13483,274.42676,273.66705,4.0,0.0,0.3647976,0.36057025,0.34586263,0.34742874
57.8101,-123.1574,54.395,-112.638,D,2016,05,01,2016-05-01,309.8,43,10.1,294.6,0,2.320321,1.8884344,276.37955,277.0475,280.13483,274.42676,273.66705,4.0,0.0,0.3647976,0.36057025,0.34586263,0.34742874
57.8066,-123.1392,54.395,-112.638,D,2016,05,01,2016-05-01,309.8,53,9.7,292.6,0,2.320321,1.8884344,276.37955,277.0475,280.13483,274.42676,273.66705,4.0,0.0,0.3647976,0.36057025,0.34586263,0.34742874
56.6,-120.4751,54.395,-112.638,D,2016,05,01,2016-05-01,306.5,48,8.1,293.6,0,2.320321,1.8884344,276.37955,277.0475,280.13483,274.42676,273.66705,4.0,0.0,0.3647976,0.36057025,0.34586263,0.34742874
56.5951,-120.4525,54.395,-112.638,D,2016,05,01,2016-05-01,306.2,37,7.2,293.2,0,2.320321,1.8884344,276.37955,277.0475,280.13483,274.42676,273.66705,4.0,0.0,0.3647976,0.36057025,0.34586263,0.34742874
56.5497,-120.3529,54.395,-112.638,D,2016,05,01,2016-05-01,388.4,100,341.3,301.2,1,2.320321,1.8884344,276.37955,277.0475,280.13483,274.42676,273.66705,4.0,0.0,0.3647976,0.36057025,0.34586263,0.34742874
56.5446,-120.33,54.395,-112.638,D,2016,05,01,2016-05-01,383.4,100,302.8,297.8,1,2.320321,1.8884344,276.37955,277.0475,280.13483,274.42676,273.66705,4.0,0.0,0.3647976,0.36057025,0.34586263,0.34742874
56.5395,-120.307,54.395,-112.638,D,2016,05,01,2016-05-01,324.5,81,35.7,292.3,0,2.320321,1.8884344,276.37955,277.0475,280.13483,274.42676,273.66705,4.0,0.0,0.3647976,0.36057025,0.34586263,0.34742874
56.5344,-120.2837,54.395,-112.638,D,2016,05,01,2016-05-01,349.2,95,109.8,293.0,1,2.320321,1.8884344,276.37955,277.0475,280.13483,274.42676,273.66705,4.0,0.0,0.3647976,0.36057025,0.34586263,0.34742874
56.5394,-120.3601,54.395,-112.638,D,2016,05,01,2016-05-01,359.7,99,145.2,297.6,1,2.320321,1.8884344,276.37955,277.0475,280.13483,274.42676,273.66705,4.0,0.0,0.3647976,0.36057025,0.34586263,0.34742874
56.5344,-120.3373,54.395,-112.638,D,2016,05,01,2016-05-01,385.6,100,316.6,299.9,1,2.320321,1.8884344,276.37955,277.0475,280.13483,274.42676,273.66705,4.0,0.0,0.3647976,0.36057025,0.34586263,0.34742874
56.5189,-120.3746,54.395,-112.638,D,2016,05,01,2016-05-01,314.3,40,14.9,296.9,0,2.320321,1.8884344,276.37955,277.0475,280.13483,274.42676,273.66705,4.0,0.0,0.3647976,0.36057025,0.34586263,0.34742874
56.5293,-120.3143,54.395,-112.638,D,2016,05,01,2016-05-01,367.1,100,189.1,297.2,1,2.320321,1.8884344,276.37955,277.0475,280.13483,274.42676,273.66705,4.0,0.0,0.3647976,0.36057025,0.34586263,0.34742874
56.5241,-120.2911,54.395,-112.638,D,2016,05,01,2016-05-01,344.3,93,88.8,295.1,1,2.320321,1.8884344,276.37955,277.0475,280.13483,274.42676,273.66705,4.0,0.0,0.3647976,0.36057025,0.34586263,0.34742874
56.5242,-120.3446,54.395,-112.638,D,2016,05,01,2016-05-01,348.5,95,97.0,294.7,1,2.320321,1.8884344,276.37955,277.0475,280.13483,274.42676,273.66705,4.0,0.0,0.3647976,0.36057025,0.34586263,0.34742874
56.519,-120.3216,54.395,-112.638,D,2016,05,01,2016-05-01,341.0,92,74.4,293.9,1,2.320321,1.8884344,276.37955,277.0475,280.13483,274.42676,273.66705,4.0,0.0,0.3647976,0.36057025,0.34586263,0.34742874
56.524,-120.3973,54.395,-112.638,D,2016,05,01,2016-05-01,317.7,76,19.3,295.9,0,2.320321,1.8884344,276.37955,277.0475,280.13483,274.42676,273.66705,4.0,0.0,0.3647976,0.36057025,0.34586263,0.34742874
57.8146,-123.1713,54.395,-112.638,D,2016,05,01,2016-05-01,344.5,81,153.7,290.5,0,2.320321,1.8884344,276.37955,277.0475,280.13483,274.42676,273.66705,4.0,0.0,0.3647976,0.36057025,0.34586263,0.34742874
56.5354,-120.337,54.395,-112.638,D,2016,05,01,2016-05-01,379.8,100,375.7,298.8,1,2.320321,1.8884344,276.37955,277.0475,280.13483,274.42676,273.66705,4.0,0.0,0.3647976,0.36057025,0.34586263,0.34742874
56.5284,-120.366,54.395,-112.638,D,2016,05,01,2016-05-01,342.8,93,107.8,298.3,1,2.320321,1.8884344,276.37955,277.0475,280.13483,274.42676,273.66705,4.0,0.0,0.3647976,0.36057025,0.34586263,0.34742874
56.5465,-120.346,54.395,-112.638,D,2016,05,01,2016-05-01,399.9,100,631.0,298.8,1,2.320321,1.8884344,276.37955,277.0475,280.13483,274.42676,273.66705,4.0,0.0,0.3647976,0.36057025,0.34586263,0.34742874
56.5394,-120.3751,54.395,-112.638,D,2016,05,01,2016-05-01,353.5,97,164.4,298.9,1,2.320321,1.8884344,276.37955,277.0475,280.13483,274.42676,273.66705,4.0,0.0,0.3647976,0.36057025,0.34586263,0.34742874
57.8047,-123.1537,54.395,-112.638,D,2016,05,01,2016-05-01,317.9,66,42.8,287.7,0,2.320321,1.8884344,276.37955,277.0475,280.13483,274.42676,273.66705,4.0,0.0,0.3647976,0.36057025,0.34586263,0.34742874
57.8119,-123.1267,54.395,-112.638,D,2016,05,01,2016-05-01,316.4,31,39.6,291.0,0,2.320321,1.8884344,276.37955,277.0475,280.13483,274.42676,273.66705,4.0,0.0,0.3647976,0.36057025,0.34586263,0.34742874
57.8435,-123.1162,54.395,-112.638,D,2016,05,01,2016-05-01,376.3,71,420.5,296.1,0,2.320321,1.8884344,276.37955,277.0475,280.13483,274.42676,273.66705,4.0,0.0,0.3647976,0.36057025,0.34586263,0.34742874
57.803,-123.1603,54.395,-112.638,D,2016,05,01,2016-05-01,315.0,75,39.2,287.2,0,2.320321,1.8884344,276.37955,277.0475,280.13483,274.42676,273.66705,4.0,0.0,0.3647976,0.36057025,0.34586263,0.34742874
57.8321,-123.105,54.395,-112.638,D,2016,05,01,2016-05-01,338.8,81,117.8,293.3,0,2.320321,1.8884344,276.37955,277.0475,280.13483,274.42676,273.66705,4.0,0.0,0.3647976,0.36057025,0.34586263,0.34742874
56.5273,-120.2887,54.395,-112.638,D,2016,05,01,2016-05-01,377.8,100,361.4,295.4,1,2.320321,1.8884344,276.37955,277.0475,280.13483,274.42676,273.66705,4.0,0.0,0.3647976,0.36057025,0.34586263,0.34742874
57.8233,-123.1382,54.395,-112.638,D,2016,05,01,2016-05-01,367.9,87,331.5,298.5,0,2.320321,1.8884344,276.37955,277.0475,280.13483,274.42676,273.66705,4.0,0.0,0.3647976,0.36057025,0.34586263,0.34742874
56.5205,-120.3172,54.395,-112.638,D,2016,05,01,2016-05-01,367.7,100,267.7,298.1,1,2.320321,1.8884344,276.37955,277.0475,280.13483,274.42676,273.66705,4.0,0.0,0.3647976,0.36057025,0.34586263,0.34742874
56.5136,-120.3459,54.395,-112.638,D,2016,05,01,2016-05-01,326.9,75,53.7,295.2,0,2.320321,1.8884344,276.37955,277.0475,280.13483,274.42676,273.66705,4.0,0.0,0.3647976,0.36057025,0.34586263,0.34742874
56.5131,-120.3192,54.395,-112.638,D,2016,05,01,2016-05-01,319.7,38,35.6,293.4,0,2.320321,1.8884344,276.37955,277.0475,280.13483,274.42676,273.66705,4.0,0.0,0.3647976,0.36057025,0.34586263,0.34742874
56.5243,-120.3281,54.395,-112.638,D,2016,05,01,2016-05-01,369.9,100,283.1,298.5,1,2.320321,1.8884344,276.37955,277.0475,280.13483,274.42676,273.66705,4.0,0.0,0.3647976,0.36057025,0.34586263,0.34742874
56.5312,-120.2997,54.395,-112.638,D,2016,05,01,2016-05-01,386.1,100,448.7,295.9,1,2.320321,1.8884344,276.37955,277.0475,280.13483,274.42676,273.66705,4.0,0.0,0.3647976,0.36057025,0.34586263,0.34742874
56.5172,-120.3569,54.395,-112.638,D,2016,05,01,2016-05-01,333.5,73,71.7,297.2,0,2.320321,1.8884344,276.37955,277.0475,280.13483,274.42676,273.66705,4.0,0.0,0.3647976,0.36057025,0.34586263,0.34742874
56.5337,-120.3839,54.395,-112.638,D,2016,05,01,2016-05-01,339.7,92,175.6,297.6,1,2.320321,1.8884344,276.37955,277.0475,280.13483,274.42676,273.66705,4.0,0.0,0.3647976,0.36057025,0.34586263,0.34742874
56.5196,-120.2822,54.395,-112.638,D,2016,05,01,2016-05-01,310.5,70,36.3,290.3,0,2.320321,1.8884344,276.37955,277.0475,280.13483,274.42676,273.66705,4.0,0.0,0.3647976,0.36057025,0.34586263,0.34742874
56.5181,-120.3286,54.395,-112.638,D,2016,05,01,2016-05-01,351.5,97,285.6,294.9,1,2.320321,1.8884344,276.37955,277.0475,280.13483,274.42676,273.66705,4.0,0.0,0.3647976,0.36057025,0.34586263,0.34742874
56.5166,-120.3741,54.395,-112.638,D,2016,05,01,2016-05-01,340.9,92,188.8,297.2,1,2.320321,1.8884344,276.37955,277.0475,280.13483,274.42676,273.66705,4.0,0.0,0.3647976,0.36057025,0.34586263,0.34742874
56.5357,-120.2368,54.395,-112.638,D,2016,05,01,2016-05-01,347.5,90,249.8,290.9,1,2.320321,1.8884344,276.37955,277.0475,280.13483,274.42676,273.66705,4.0,0.0,0.3647976,0.36057025,0.34586263,0.34742874
56.5342,-120.2835,54.395,-112.638,D,2016,05,01,2016-05-01,383.6,100,759.3,294.8,1,2.320321,1.8884344,276.37955,277.0475,280.13483,274.42676,273.66705,4.0,0.0,0.3647976,0.36057025,0.34586263,0.34742874
56.5326,-120.3301,54.395,-112.638,D,2016,05,01,2016-05-01,375.9,100,606.6,297.2,1,2.320321,1.8884344,276.37955,277.0475,280.13483,274.42676,273.66705,4.0,0.0,0.3647976,0.36057025,0.34586263,0.34742874
56.5311,-120.3755,54.395,-112.638,D,2016,05,01,2016-05-01,349.9,96,262.3,297.8,1,2.320321,1.8884344,276.37955,277.0475,280.13483,274.42676,273.66705,4.0,0.0,0.3647976,0.36057025,0.34586263,0.34742874
56.5503,-120.2382,54.395,-112.638,D,2016,05,01,2016-05-01,375.8,94,610.7,282.7,1,2.320321,1.8884344,276.37955,277.0475,280.13483,274.42676,273.66705,4.0,0.0,0.3647976,0.36057025,0.34586263,0.34742874
56.5488,-120.2849,54.395,-112.638,D,2016,05,01,2016-05-01,404.8,100,1272.8,293.9,1,2.320321,1.8884344,276.37955,277.0475,280.13483,274.42676,273.66705,4.0,0.0,0.3647976,0.36057025,0.34586263,0.34742874
56.5472,-120.3316,54.395,-112.638,D,2016,05,01,2016-05-01,426.1,100,2023.2,304.0,1,2.320321,1.8884344,276.37955,277.0475,280.13483,274.42676,273.66705,4.0,0.0,0.3647976,0.36057025,0.34586263,0.34742874
56.5457,-120.3767,54.395,-112.638,D,2016,05,01,2016-05-01,354.0,97,299.6,297.5,1,2.320321,1.8884344,276.37955,277.0475,280.13483,274.42676,273.66705,4.0,0.0,0.3647976,0.36057025,0.34586263,0.34742874
56.5219,-120.2908,54.395,-112.638,D,2016,05,01,2016-05-01,347.6,95,250.1,291.4,1,2.320321,1.8884344,276.37955,277.0475,280.13483,274.42676,273.66705,4.0,0.0,0.3647976,0.36057025,0.34586263,0.34742874
56.5205,-120.3372,54.395,-112.638,D,2016,05,01,2016-05-01,367.3,100,474.8,296.1,1,2.320321,1.8884344,276.37955,277.0475,280.13483,274.42676,273.66705,4.0,0.0,0.3647976,0.36057025,0.34586263,0.34742874
56.5192,-120.3825,54.395,-112.638,D,2016,05,01,2016-05-01,335.1,89,146.9,297.4,0,2.320321,1.8884344,276.37955,277.0475,280.13483,274.42676,273.66705,4.0,0.0,0.3647976,0.36057025,0.34586263,0.34742874
56.5378,-120.2453,54.395,-112.638,D,2016,05,01,2016-05-01,385.1,100,791.4,292.2,1,2.320321,1.8884344,276.37955,277.0475,280.13483,274.42676,273.66705,4.0,0.0,0.3647976,0.36057025,0.34586263,0.34742874
56.5364,-120.2921,54.395,-112.638,D,2016,05,01,2016-05-01,391.1,100,915.5,295.6,1,2.320321,1.8884344,276.37955,277.0475,280.13483,274.42676,273.66705,4.0,0.0,0.3647976,0.36057025,0.34586263,0.34742874
56.5351,-120.3387,54.395,-112.638,D,2016,05,01,2016-05-01,393.7,100,970.8,299.5,1,2.320321,1.8884344,276.37955,277.0475,280.13483,274.42676,273.66705,4.0,0.0,0.3647976,0.36057025,0.34586263,0.34742874
56.5524,-120.2468,54.395,-112.638,D,2016,05,01,2016-05-01,364.6,100,437.6,281.7,1,2.320321,1.8884344,276.37955,277.0475,280.13483,274.42676,273.66705,4.0,0.0,0.3647976,0.36057025,0.34586263,0.34742874
56.551,-120.2936,54.395,-112.638,D,2016,05,01,2016-05-01,389.6,100,876.6,293.5,1,2.320321,1.8884344,276.37955,277.0475,280.13483,274.42676,273.66705,4.0,0.0,0.3647976,0.36057025,0.34586263,0.34742874
56.5496,-120.3401,54.395,-112.638,D,2016,05,01,2016-05-01,403.5,100,1228.5,302.2,1,2.320321,1.8884344,276.37955,277.0475,280.13483,274.42676,273.66705,4.0,0.0,0.3647976,0.36057025,0.34586263,0.34742874
56.5483,-120.3853,54.395,-112.638,D,2016,05,01,2016-05-01,327.7,85,95.9,295.9,0,2.320321,1.8884344,276.37955,277.0475,280.13483,274.42676,273.66705,4.0,0.0,0.3647976,0.36057025,0.34586263,0.34742874
56.567,-120.2483,54.395,-112.638,D,2016,05,01,2016-05-01,318.8,56,58.6,276.7,0,2.320321,1.8884344,276.37955,277.0475,280.13483,274.42676,273.66705,4.0,0.0,0.3647976,0.36057025,0.34586263,0.34742874
57.8024,-123.1827,54.395,-112.638,D,2016,05,01,2016-05-01,321.0,62,50.1,286.0,0,2.320321,1.8884344,276.37955,277.0475,280.13483,274.42676,273.66705,4.0,0.0,0.3647976,0.36057025,0.34586263,0.34742874
57.8172,-123.1473,54.395,-112.638,D,2016,05,01,2016-05-01,340.9,65,125.9,291.6,0,2.320321,1.8884344,276.37955,277.0475,280.13483,274.42676,273.66705,4.0,0.0,0.3647976,0.36057025,0.34586263,0.34742874
57.8471,-123.076,54.395,-112.638,D,2016,05,01,2016-05-01,351.0,79,191.0,291.1,0,2.320321,1.8884344,276.37955,277.0475,280.13483,274.42676,273.66705,4.0,0.0,0.3647976,0.36057025,0.34586263,0.34742874
57.8455,-123.0837,54.395,-112.638,D,2016,05,01,2016-05-01,352.4,83,199.1,292.9,0,2.320321,1.8884344,276.37955,277.0475,280.13483,274.42676,273.66705,4.0,0.0,0.3647976,0.36057025,0.34586263,0.34742874
56.5356,-120.3596,55.178,-113.442,D,2016,05,02,2016-05-02,343.8,93,60.2,295.7,1,1.0667505,-0.8956479,277.58328,276.92746,280.15402,272.85703,273.31345,3.0,0.0,0.2784863,0.29180253,0.3001269,0.29459733
56.7403,-115.8926,55.178,-113.442,D,2016,05,02,2016-05-02,313.5,66,8.2,303.2,0,1.0667505,-0.8956479,277.58328,276.92746,280.15402,272.85703,273.31345,3.0,0.0,0.2784863,0.29180253,0.3001269,0.29459733
56.5831,-120.216,55.178,-113.442,D,2016,05,02,2016-05-02,338.9,85,53.1,294.8,0,1.0667505,-0.8956479,277.58328,276.92746,280.15402,272.85703,273.31345,3.0,0.0,0.2784863,0.29180253,0.3001269,0.29459733
56.5731,-120.2192,55.178,-113.442,D,2016,05,02,2016-05-02,341.7,81,58.1,297.1,0,1.0667505,-0.8956479,277.58328,276.92746,280.15402,272.85703,273.31345,3.0,0.0,0.2784863,0.29180253,0.3001269,0.29459733
56.5456,-120.3563,55.178,-113.442,D,2016,05,02,2016-05-02,346.3,94,67.2,297.8,1,1.0667505,-0.8956479,277.58328,276.92746,280.15402,272.85703,273.31345,3.0,0.0,0.2784863,0.29180253,0.3001269,0.29459733
56.5376,-120.3806,55.178,-113.442,D,2016,05,02,2016-05-02,322.2,44,17.3,295.4,0,1.0667505,-0.8956479,277.58328,276.92746,280.15402,272.85703,273.31345,3.0,0.0,0.2784863,0.29180253,0.3001269,0.29459733
56.5239,-120.4341,55.178,-113.442,D,2016,05,02,2016-05-02,315.1,39,10.5,299.9,0,1.0667505,-0.8956479,277.58328,276.92746,280.15402,272.85703,273.31345,3.0,0.0,0.2784863,0.29180253,0.3001269,0.29459733
56.5218,-120.4133,55.178,-113.442,D,2016,05,02,2016-05-02,328.7,83,29.6,301.4,0,1.0667505,-0.8956479,277.58328,276.92746,280.15402,272.85703,273.31345,3.0,0.0,0.2784863,0.29180253,0.3001269,0.29459733
56.5155,-120.3506,55.178,-113.442,D,2016,05,02,2016-05-02,347.9,95,74.8,298.4,1,1.0667505,-0.8956479,277.58328,276.92746,280.15402,272.85703,273.31345,3.0,0.0,0.2784863,0.29180253,0.3001269,0.29459733
56.5134,-120.3299,55.178,-113.442,D,2016,05,02,2016-05-02,328.7,76,31.5,293.8,0,1.0667505,-0.8956479,277.58328,276.92746,280.15402,272.85703,273.31345,3.0,0.0,0.2784863,0.29180253,0.3001269,0.29459733
58.3926,-116.7163,55.178,-113.442,D,2016,05,02,2016-05-02,323.3,80,138.1,298.1,0,1.0667505,-0.8956479,277.58328,276.92746,280.15402,272.85703,273.31345,3.0,0.0,0.2784863,0.29180253,0.3001269,0.29459733
56.5614,-120.2597,55.178,-113.442,D,2016,05,02,2016-05-02,352.2,97,455.4,298.3,1,1.0667505,-0.8956479,277.58328,276.92746,280.15402,272.85703,273.31345,3.0,0.0,0.2784863,0.29180253,0.3001269,0.29459733
56.5872,-120.2408,55.178,-113.442,D,2016,05,02,2016-05-02,372.0,100,887.2,295.8,1,1.0667505,-0.8956479,277.58328,276.92746,280.15402,272.85703,273.31345,3.0,0.0,0.2784863,0.29180253,0.3001269,0.29459733
56.5692,-120.1861,55.178,-113.442,D,2016,05,02,2016-05-02,328.6,85,179.3,291.7,0,1.0667505,-0.8956479,277.58328,276.92746,280.15402,272.85703,273.31345,3.0,0.0,0.2784863,0.29180253,0.3001269,0.29459733
56.5727,-120.2562,55.178,-113.442,D,2016,05,02,2016-05-02,374.4,100,941.9,298.1,1,1.0667505,-0.8956479,277.58328,276.92746,280.15402,272.85703,273.31345,3.0,0.0,0.2784863,0.29180253,0.3001269,0.29459733
56.5546,-120.2011,55.178,-113.442,D,2016,05,02,2016-05-02,332.1,80,202.1,295.2,0,1.0667505,-0.8956479,277.58328,276.92746,280.15402,272.85703,273.31345,3.0,0.0,0.2784863,0.29180253,0.3001269,0.29459733
56.5583,-120.2717,55.178,-113.442,D,2016,05,02,2016-05-02,344.4,94,340.5,298.4,1,1.0667505,-0.8956479,277.58328,276.92746,280.15402,272.85703,273.31345,3.0,0.0,0.2784863,0.29180253,0.3001269,0.29459733
56.5797,-120.3144,55.178,-113.442,D,2016,05,02,2016-05-02,336.7,84,231.5,296.7,0,1.0667505,-0.8956479,277.58328,276.92746,280.15402,272.85703,273.31345,3.0,0.0,0.2784863,0.29180253,0.3001269,0.29459733
56.5431,-120.3664,55.178,-113.442,D,2016,05,02,2016-05-02,334.5,78,211.0,300.1,0,1.0667505,-0.8956479,277.58328,276.92746,280.15402,272.85703,273.31345,3.0,0.0,0.2784863,0.29180253,0.3001269,0.29459733
56.5904,-120.229,55.178,-113.442,D,2016,05,02,2016-05-02,330.9,87,201.3,291.5,0,1.0667505,-0.8956479,277.58328,276.92746,280.15402,272.85703,273.31345,3.0,0.0,0.2784863,0.29180253,0.3001269,0.29459733
56.5575,-120.1896,55.178,-113.442,D,2016,05,02,2016-05-02,330.5,75,187.8,294.2,0,1.0667505,-0.8956479,277.58328,276.92746,280.15402,272.85703,273.31345,3.0,0.0,0.2784863,0.29180253,0.3001269,0.29459733
56.5759,-120.2445,55.178,-113.442,D,2016,05,02,2016-05-02,397.3,100,1729.7,299.1,1,1.0667505,-0.8956479,277.58328,276.92746,280.15402,272.85703,273.31345,3.0,0.0,0.2784863,0.29180253,0.3001269,0.29459733
56.5722,-120.1744,55.178,-113.442,D,2016,05,02,2016-05-02,308.4,41,44.5,289.4,0,1.0667505,-0.8956479,277.58328,276.92746,280.15402,272.85703,273.31345,3.0,0.0,0.2784863,0.29180253,0.3001269,0.29459733
56.5478,-120.3581,55.178,-113.442,D,2016,05,02,2016-05-02,338.9,87,256.1,300.0,0,1.0667505,-0.8956479,277.58328,276.92746,280.15402,272.85703,273.31345,3.0,0.0,0.2784863,0.29180253,0.3001269,0.29459733
56.5323,-120.3339,55.178,-113.442,D,2016,05,02,2016-05-02,326.8,47,13.6,303.9,0,1.0667505,-0.8956479,277.58328,276.92746,280.15402,272.85703,273.31345,3.0,0.0,0.2784863,0.29180253,0.3001269,0.29459733
56.5277,-120.3656,55.178,-113.442,D,2016,05,02,2016-05-02,337.3,87,26.5,305.2,0,1.0667505,-0.8956479,277.58328,276.92746,280.15402,272.85703,273.31345,3.0,0.0,0.2784863,0.29180253,0.3001269,0.29459733
56.5456,-120.3064,55.178,-113.442,D,2016,05,02,2016-05-02,338.5,86,29.1,305.1,0,1.0667505,-0.8956479,277.58328,276.92746,280.15402,272.85703,273.31345,3.0,0.0,0.2784863,0.29180253,0.3001269,0.29459733
56.5433,-120.3222,55.178,-113.442,D,2016,05,02,2016-05-02,346.9,94,43.2,305.6,1,1.0667505,-0.8956479,277.58328,276.92746,280.15402,272.85703,273.31345,3.0,0.0,0.2784863,0.29180253,0.3001269,0.29459733
56.541,-120.3381,55.178,-113.442,D,2016,05,02,2016-05-02,349.1,95,49.4,304.9,1,1.0667505,-0.8956479,277.58328,276.92746,280.15402,272.85703,273.31345,3.0,0.0,0.2784863,0.29180253,0.3001269,0.29459733
56.5387,-120.3539,55.178,-113.442,D,2016,05,02,2016-05-02,354.1,97,60.6,304.4,1,1.0667505,-0.8956479,277.58328,276.92746,280.15402,272.85703,273.31345,3.0,0.0,0.2784863,0.29180253,0.3001269,0.29459733
56.5364,-120.3697,55.178,-113.442,D,2016,05,02,2016-05-02,381.9,100,150.6,311.6,1,1.0667505,-0.8956479,277.58328,276.92746,280.15402,272.85703,273.31345,3.0,0.0,0.2784863,0.29180253,0.3001269,0.29459733
56.568,-120.2154,55.178,-113.442,D,2016,05,02,2016-05-02,334.1,68,28.0,291.9,0,1.0667505,-0.8956479,277.58328,276.92746,280.15402,272.85703,273.31345,3.0,0.0,0.2784863,0.29180253,0.3001269,0.29459733
56.5657,-120.2312,55.178,-113.442,D,2016,05,02,2016-05-02,349.1,84,50.7,296.4,0,1.0667505,-0.8956479,277.58328,276.92746,280.15402,272.85703,273.31345,3.0,0.0,0.2784863,0.29180253,0.3001269,0.29459733
56.5634,-120.2471,55.178,-113.442,D,2016,05,02,2016-05-02,358.3,99,67.2,303.1,1,1.0667505,-0.8956479,277.58328,276.92746,280.15402,272.85703,273.31345,3.0,0.0,0.2784863,0.29180253,0.3001269,0.29459733
56.5611,-120.2629,55.178,-113.442,D,2016,05,02,2016-05-02,342.5,92,32.6,302.8,1,1.0667505,-0.8956479,277.58328,276.92746,280.15402,272.85703,273.31345,3.0,0.0,0.2784863,0.29180253,0.3001269,0.29459733
56.5589,-120.2788,55.178,-113.442,D,2016,05,02,2016-05-02,364.3,100,84.7,306.7,1,1.0667505,-0.8956479,277.58328,276.92746,280.15402,272.85703,273.31345,3.0,0.0,0.2784863,0.29180253,0.3001269,0.29459733
56.5566,-120.2947,55.178,-113.442,D,2016,05,02,2016-05-02,349.4,95,48.7,305.4,1,1.0667505,-0.8956479,277.58328,276.92746,280.15402,272.85703,273.31345,3.0,0.0,0.2784863,0.29180253,0.3001269,0.29459733
56.5543,-120.3105,55.178,-113.442,D,2016,05,02,2016-05-02,360.3,100,76.3,304.1,1,1.0667505,-0.8956479,277.58328,276.92746,280.15402,272.85703,273.31345,3.0,0.0,0.2784863,0.29180253,0.3001269,0.29459733
56.5497,-120.3422,55.178,-113.442,D,2016,05,02,2016-05-02,327.5,75,17.3,301.0,0,1.0667505,-0.8956479,277.58328,276.92746,280.15402,272.85703,273.31345,3.0,0.0,0.2784863,0.29180253,0.3001269,0.29459733
56.5475,-120.3581,55.178,-113.442,D,2016,05,02,2016-05-02,367.2,100,98.6,306.0,1,1.0667505,-0.8956479,277.58328,276.92746,280.15402,272.85703,273.31345,3.0,0.0,0.2784863,0.29180253,0.3001269,0.29459733
56.5767,-120.2195,55.178,-113.442,D,2016,05,02,2016-05-02,352.3,97,62.9,296.1,1,1.0667505,-0.8956479,277.58328,276.92746,280.15402,272.85703,273.31345,3.0,0.0,0.2784863,0.29180253,0.3001269,0.29459733
56.5744,-120.2354,55.178,-113.442,D,2016,05,02,2016-05-02,417.0,100,364.1,315.3,1,1.0667505,-0.8956479,277.58328,276.92746,280.15402,272.85703,273.31345,3.0,0.0,0.2784863,0.29180253,0.3001269,0.29459733
56.5722,-120.2512,55.178,-113.442,D,2016,05,02,2016-05-02,434.3,100,519.4,323.9,1,1.0667505,-0.8956479,277.58328,276.92746,280.15402,272.85703,273.31345,3.0,0.0,0.2784863,0.29180253,0.3001269,0.29459733
56.5699,-120.2671,55.178,-113.442,D,2016,05,02,2016-05-02,383.4,100,157.3,310.0,1,1.0667505,-0.8956479,277.58328,276.92746,280.15402,272.85703,273.31345,3.0,0.0,0.2784863,0.29180253,0.3001269,0.29459733
56.5676,-120.283,55.178,-113.442,D,2016,05,02,2016-05-02,434.3,100,519.1,315.9,1,1.0667505,-0.8956479,277.58328,276.92746,280.15402,272.85703,273.31345,3.0,0.0,0.2784863,0.29180253,0.3001269,0.29459733
56.5653,-120.2988,55.178,-113.442,D,2016,05,02,2016-05-02,347.7,95,48.2,301.7,1,1.0667505,-0.8956479,277.58328,276.92746,280.15402,272.85703,273.31345,3.0,0.0,0.2784863,0.29180253,0.3001269,0.29459733
56.5855,-120.2236,55.178,-113.442,D,2016,05,02,2016-05-02,307.5,43,5.7,289.2,0,1.0667505,-0.8956479,277.58328,276.92746,280.15402,272.85703,273.31345,3.0,0.0,0.2784863,0.29180253,0.3001269,0.29459733
56.5832,-120.2395,55.178,-113.442,D,2016,05,02,2016-05-02,393.0,100,210.7,301.9,1,1.0667505,-0.8956479,277.58328,276.92746,280.15402,272.85703,273.31345,3.0,0.0,0.2784863,0.29180253,0.3001269,0.29459733
56.5809,-120.2554,55.178,-113.442,D,2016,05,02,2016-05-02,380.7,100,151.5,304.6,1,1.0667505,-0.8956479,277.58328,276.92746,280.15402,272.85703,273.31345,3.0,0.0,0.2784863,0.29180253,0.3001269,0.29459733
56.5787,-120.2713,55.178,-113.442,D,2016,05,02,2016-05-02,313.2,60,7.4,299.4,0,1.0667505,-0.8956479,277.58328,276.92746,280.15402,272.85703,273.31345,3.0,0.0,0.2784863,0.29180253,0.3001269,0.29459733
56.5764,-120.2871,55.178,-113.442,D,2016,05,02,2016-05-02,318.6,75,11.5,299.3,0,1.0667505,-0.8956479,277.58328,276.92746,280.15402,272.85703,273.31345,3.0,0.0,0.2784863,0.29180253,0.3001269,0.29459733
56.552,-120.3264,55.178,-113.442,D,2016,05,02,2016-05-02,340.5,91,34.5,301.9,1,1.0667505,-0.8956479,277.58328,276.92746,280.15402,272.85703,273.31345,3.0,0.0,0.2784863,0.29180253,0.3001269,0.29459733
56.3556,-121.332,55.178,-113.442,D,2016,05,02,2016-05-02,317.4,74,9.1,303.9,0,1.0667505,-0.8956479,277.58328,276.92746,280.15402,272.85703,273.31345,3.0,0.0,0.2784863,0.29180253,0.3001269,0.29459733
56.5125,-120.3414,55.178,-113.442,D,2016,05,02,2016-05-02,351.1,96,56.2,303.7,1,1.0667505,-0.8956479,277.58328,276.92746,280.15402,272.85703,273.31345,3.0,0.0,0.2784863,0.29180253,0.3001269,0.29459733
56.5102,-120.3572,55.178,-113.442,D,2016,05,02,2016-05-02,341.0,84,36.2,304.4,0,1.0667505,-0.8956479,277.58328,276.92746,280.15402,272.85703,273.31345,3.0,0.0,0.2784863,0.29180253,0.3001269,0.29459733
56.5372,-120.2346,55.178,-113.442,D,2016,05,02,2016-05-02,331.2,39,22.3,294.2,0,1.0667505,-0.8956479,277.58328,276.92746,280.15402,272.85703,273.31345,3.0,0.0,0.2784863,0.29180253,0.3001269,0.29459733
56.5349,-120.2505,55.178,-113.442,D,2016,05,02,2016-05-02,363.2,100,85.3,300.1,1,1.0667505,-0.8956479,277.58328,276.92746,280.15402,272.85703,273.31345,3.0,0.0,0.2784863,0.29180253,0.3001269,0.29459733
56.5167,-120.3772,55.178,-113.442,D,2016,05,02,2016-05-02,336.7,89,28.0,310.6,0,1.0667505,-0.8956479,277.58328,276.92746,280.15402,272.85703,273.31345,3.0,0.0,0.2784863,0.29180253,0.3001269,0.29459733
56.5505,-120.2071,55.178,-113.442,D,2016,05,02,2016-05-02,337.3,83,33.1,294.4,0,1.0667505,-0.8956479,277.58328,276.92746,280.15402,272.85703,273.31345,3.0,0.0,0.2784863,0.29180253,0.3001269,0.29459733
56.5482,-120.2229,55.178,-113.442,D,2016,05,02,2016-05-02,343.4,83,42.0,300.6,0,1.0667505,-0.8956479,277.58328,276.92746,280.15402,272.85703,273.31345,3.0,0.0,0.2784863,0.29180253,0.3001269,0.29459733
58.3955,-116.7168,55.178,-113.442,D,2016,05,02,2016-05-02,359.4,86,96.2,306.7,0,1.0667505,-0.8956479,277.58328,276.92746,280.15402,272.85703,273.31345,3.0,0.0,0.2784863,0.29180253,0.3001269,0.29459733
58.3933,-116.7368,55.178,-113.442,D,2016,05,02,2016-05-02,336.8,77,36.8,306.1,0,1.0667505,-0.8956479,277.58328,276.92746,280.15402,272.85703,273.31345,3.0,0.0,0.2784863,0.29180253,0.3001269,0.29459733
58.4051,-116.7206,55.178,-113.442,D,2016,05,02,2016-05-02,321.8,75,15.0,302.6,0,1.0667505,-0.8956479,277.58328,276.92746,280.15402,272.85703,273.31345,3.0,0.0,0.2784863,0.29180253,0.3001269,0.29459733
58.4029,-116.7405,55.178,-113.442,D,2016,05,02,2016-05-02,317.0,60,9.1,302.9,0,1.0667505,-0.8956479,277.58328,276.92746,280.15402,272.85703,273.31345,3.0,0.0,0.2784863,0.29180253,0.3001269,0.29459733
56.6679,-111.4974,54.972,-111.371,N,2016,05,03,2016-05-03,335.2,100,63.1,291.1,1,1.0954567,4.312973,301.4713,293.91394,284.4308,273.36044,273.73175,6.0,0.0,0.39383224,0.41422337,0.42400518,0.41974488
56.6728,-111.4745,54.972,-111.371,N,2016,05,03,2016-05-03,316.1,20,22.6,287.7,0,1.0954567,4.312973,301.4713,293.91394,284.4308,273.36044,273.73175,6.0,0.0,0.39383224,0.41422337,0.42400518,0.41974488
56.6726,-111.4219,54.972,-111.371,N,2016,05,03,2016-05-03,309.4,74,17.9,286.2,0,1.0954567,4.312973,301.4713,293.91394,284.4308,273.36044,273.73175,6.0,0.0,0.39383224,0.41422337,0.42400518,0.41974488
56.599,-121.1432,54.972,-111.371,N,2016,05,03,2016-05-03,309.4,77,69.4,288.9,0,1.0954567,4.312973,301.4713,293.91394,284.4308,273.36044,273.73175,6.0,0.0,0.39383224,0.41422337,0.42400518,0.41974488
56.5918,-121.1291,54.972,-111.371,N,2016,05,03,2016-05-03,314.5,89,94.7,289.5,0,1.0954567,4.312973,301.4713,293.91394,284.4308,273.36044,273.73175,6.0,0.0,0.39383224,0.41422337,0.42400518,0.41974488
56.5851,-121.1288,54.972,-111.371,N,2016,05,03,2016-05-03,305.7,53,52.2,287.3,0,1.0954567,4.312973,301.4713,293.91394,284.4308,273.36044,273.73175,6.0,0.0,0.39383224,0.41422337,0.42400518,0.41974488
56.5772,-120.2463,54.972,-111.371,N,2016,05,03,2016-05-03,320.1,43,32.9,290.4,0,1.0954567,4.312973,301.4713,293.91394,284.4308,273.36044,273.73175,6.0,0.0,0.39383224,0.41422337,0.42400518,0.41974488
56.6167,-120.4646,54.972,-111.371,N,2016,05,03,2016-05-03,302.3,48,13.8,287.4,0,1.0954567,4.312973,301.4713,293.91394,284.4308,273.36044,273.73175,6.0,0.0,0.39383224,0.41422337,0.42400518,0.41974488
56.5596,-121.1289,54.972,-111.371,N,2016,05,03,2016-05-03,302.1,46,12.8,284.3,0,1.0954567,4.312973,301.4713,293.91394,284.4308,273.36044,273.73175,6.0,0.0,0.39383224,0.41422337,0.42400518,0.41974488
56.5912,-121.1382,54.972,-111.371,N,2016,05,03,2016-05-03,313.1,24,21.8,289.5,0,1.0954567,4.312973,301.4713,293.91394,284.4308,273.36044,273.73175,6.0,0.0,0.39383224,0.41422337,0.42400518,0.41974488
56.5971,-121.1219,54.972,-111.371,N,2016,05,03,2016-05-03,315.4,16,24.7,289.7,0,1.0954567,4.312973,301.4713,293.91394,284.4308,273.36044,273.73175,6.0,0.0,0.39383224,0.41422337,0.42400518,0.41974488
56.5951,-121.1451,54.972,-111.371,N,2016,05,03,2016-05-03,314.7,26,23.8,290.6,0,1.0954567,4.312973,301.4713,293.91394,284.4308,273.36044,273.73175,6.0,0.0,0.39383224,0.41422337,0.42400518,0.41974488
56.6666,-111.5029,54.972,-111.371,N,2016,05,03,2016-05-03,301.1,29,38.0,285.6,0,1.0954567,4.312973,301.4713,293.91394,284.4308,273.36044,273.73175,6.0,0.0,0.39383224,0.41422337,0.42400518,0.41974488
56.52,-120.3616,54.972,-111.371,N,2016,05,03,2016-05-03,303.0,46,9.1,278.1,0,1.0954567,4.312973,301.4713,293.91394,284.4308,273.36044,273.73175,6.0,0.0,0.39383224,0.41422337,0.42400518,0.41974488
56.5179,-120.3447,54.972,-111.371,N,2016,05,03,2016-05-03,308.0,73,12.6,281.0,0,1.0954567,4.312973,301.4713,293.91394,284.4308,273.36044,273.73175,6.0,0.0,0.39383224,0.41422337,0.42400518,0.41974488
56.5911,-121.1486,54.972,-111.371,N,2016,05,03,2016-05-03,304.8,24,10.5,286.0,0,1.0954567,4.312973,301.4713,293.91394,284.4308,273.36044,273.73175,6.0,0.0,0.39383224,0.41422337,0.42400518,0.41974488
56.6236,-120.4546,54.972,-111.371,N,2016,05,03,2016-05-03,303.6,56,10.1,284.6,0,1.0954567,4.312973,301.4713,293.91394,284.4308,273.36044,273.73175,6.0,0.0,0.39383224,0.41422337,0.42400518,0.41974488
56.5795,-120.2309,54.972,-111.371,N,2016,05,03,2016-05-03,319.5,44,19.2,289.4,0,1.0954567,4.312973,301.4713,293.91394,284.4308,273.36044,273.73175,6.0,0.0,0.39383224,0.41422337,0.42400518,0.41974488
56.5413,-120.2291,54.972,-111.371,N,2016,05,03,2016-05-03,302.7,19,8.5,282.3,0,1.0954567,4.312973,301.4713,293.91394,284.4308,273.36044,273.73175,6.0,0.0,0.39383224,0.41422337,0.42400518,0.41974488
56.6685,-111.4655,53.717,-108.771,D,2016,05,03,2016-05-03,315.3,52,26.6,292.9,0,-0.42474753,3.079753,281.98987,281.31293,282.33908,273.14346,273.46005,3.0,0.0,0.28135473,0.2918159,0.32931656,0.32858554
54.1627,-109.5502,53.717,-108.771,D,2016,05,03,2016-05-03,310.4,48,8.6,295.5,0,-0.42474753,3.079753,281.98987,281.31293,282.33908,273.14346,273.46005,3.0,0.0,0.28135473,0.2918159,0.32931656,0.32858554
53.9941,-111.6929,53.717,-108.771,D,2016,05,03,2016-05-03,314.9,54,14.6,303.7,0,-0.42474753,3.079753,281.98987,281.31293,282.33908,273.14346,273.46005,3.0,0.0,0.28135473,0.2918159,0.32931656,0.32858554
56.5139,-120.3301,53.717,-108.771,D,2016,05,03,2016-05-03,338.0,85,43.3,300.2,0,-0.42474753,3.079753,281.98987,281.31293,282.33908,273.14346,273.46005,3.0,0.0,0.28135473,0.2918159,0.32931656,0.32858554
56.6711,-111.4521,53.717,-108.771,D,2016,05,03,2016-05-03,369.6,65,423.1,283.8,0,-0.42474753,3.079753,281.98987,281.31293,282.33908,273.14346,273.46005,3.0,0.0,0.28135473,0.2918159,0.32931656,0.32858554
56.6587,-111.4636,53.717,-108.771,D,2016,05,03,2016-05-03,338.1,26,113.3,282.7,0,-0.42474753,3.079753,281.98987,281.31293,282.33908,273.14346,273.46005,3.0,0.0,0.28135473,0.2918159,0.32931656,0.32858554
56.6877,-111.4871,53.717,-108.771,D,2016,05,03,2016-05-03,386.3,0,666.9,285.3,0,-0.42474753,3.079753,281.98987,281.31293,282.33908,273.14346,273.46005,3.0,0.0,0.28135473,0.2918159,0.32931656,0.32858554
56.6654,-111.4622,53.717,-108.771,D,2016,05,03,2016-05-03,351.1,79,225.3,284.3,0,-0.42474753,3.079753,281.98987,281.31293,282.33908,273.14346,273.46005,3.0,0.0,0.28135473,0.2918159,0.32931656,0.32858554
56.6835,-111.5845,53.717,-108.771,D,2016,05,03,2016-05-03,360.0,0,311.4,276.6,0,-0.42474753,3.079753,281.98987,281.31293,282.33908,273.14346,273.46005,3.0,0.0,0.28135473,0.2918159,0.32931656,0.32858554
54.1557,-109.5311,53.717,-108.771,D,2016,05,03,2016-05-03,312.5,69,42.5,298.5,0,-0.42474753,3.079753,281.98987,281.31293,282.33908,273.14346,273.46005,3.0,0.0,0.28135473,0.2918159,0.32931656,0.32858554
56.5785,-120.2218,53.717,-108.771,D,2016,05,03,2016-05-03,330.7,36,29.5,300.0,0,-0.42474753,3.079753,281.98987,281.31293,282.33908,273.14346,273.46005,3.0,0.0,0.28135473,0.2918159,0.32931656,0.32858554
56.5706,-120.2889,53.717,-108.771,D,2016,05,03,2016-05-03,328.3,65,24.1,299.8,0,-0.42474753,3.079753,281.98987,281.31293,282.33908,273.14346,273.46005,3.0,0.0,0.28135473,0.2918159,0.32931656,0.32858554
56.5697,-120.2949,53.717,-108.771,D,2016,05,03,2016-05-03,327.4,62,22.2,298.9,0,-0.42474753,3.079753,281.98987,281.31293,282.33908,273.14346,273.46005,3.0,0.0,0.28135473,0.2918159,0.32931656,0.32858554
56.5462,-120.2265,53.717,-108.771,D,2016,05,03,2016-05-03,336.6,73,39.4,302.2,0,-0.42474753,3.079753,281.98987,281.31293,282.33908,273.14346,273.46005,3.0,0.0,0.28135473,0.2918159,0.32931656,0.32858554
56.5426,-120.2079,53.717,-108.771,D,2016,05,03,2016-05-03,328.7,43,26.7,297.8,0,-0.42474753,3.079753,281.98987,281.31293,282.33908,273.14346,273.46005,3.0,0.0,0.28135473,0.2918159,0.32931656,0.32858554
56.5404,-120.2509,53.717,-108.771,D,2016,05,03,2016-05-03,339.2,86,44.2,301.4,0,-0.42474753,3.079753,281.98987,281.31293,282.33908,273.14346,273.46005,3.0,0.0,0.28135473,0.2918159,0.32931656,0.32858554
56.5368,-120.2323,53.717,-108.771,D,2016,05,03,2016-05-03,364.7,100,123.0,301.0,1,-0.42474753,3.079753,281.98987,281.31293,282.33908,273.14346,273.46005,3.0,0.0,0.28135473,0.2918159,0.32931656,0.32858554
56.5396,-120.3554,53.717,-108.771,D,2016,05,03,2016-05-03,348.1,94,62.0,304.2,1,-0.42474753,3.079753,281.98987,281.31293,282.33908,273.14346,273.46005,3.0,0.0,0.28135473,0.2918159,0.32931656,0.32858554
56.5338,-120.3794,53.717,-108.771,D,2016,05,03,2016-05-03,325.0,70,17.5,302.4,0,-0.42474753,3.079753,281.98987,281.31293,282.33908,273.14346,273.46005,3.0,0.0,0.28135473,0.2918159,0.32931656,0.32858554
56.5196,-120.3057,53.717,-108.771,D,2016,05,03,2016-05-03,349.2,95,70.2,301.1,1,-0.42474753,3.079753,281.98987,281.31293,282.33908,273.14346,273.46005,3.0,0.0,0.28135473,0.2918159,0.32931656,0.32858554
56.5174,-120.3486,53.717,-108.771,D,2016,05,03,2016-05-03,346.2,78,57.7,304.3,0,-0.42474753,3.079753,281.98987,281.31293,282.33908,273.14346,273.46005,3.0,0.0,0.28135473,0.2918159,0.32931656,0.32858554
56.5103,-120.3116,53.717,-108.771,D,2016,05,03,2016-05-03,320.7,50,16.8,298.5,0,-0.42474753,3.079753,281.98987,281.31293,282.33908,273.14346,273.46005,3.0,0.0,0.28135473,0.2918159,0.32931656,0.32858554
56.5116,-120.3726,53.717,-108.771,D,2016,05,03,2016-05-03,360.6,100,101.9,304.8,1,-0.42474753,3.079753,281.98987,281.31293,282.33908,273.14346,273.46005,3.0,0.0,0.28135473,0.2918159,0.32931656,0.32858554
56.5002,-120.4213,53.717,-108.771,D,2016,05,03,2016-05-03,319.7,62,14.2,299.9,0,-0.42474753,3.079753,281.98987,281.31293,282.33908,273.14346,273.46005,3.0,0.0,0.28135473,0.2918159,0.32931656,0.32858554
56.4966,-120.4028,53.717,-108.771,D,2016,05,03,2016-05-03,343.8,92,56.6,301.0,1,-0.42474753,3.079753,281.98987,281.31293,282.33908,273.14346,273.46005,3.0,0.0,0.28135473,0.2918159,0.32931656,0.32858554
56.496,-120.4101,53.717,-108.771,D,2016,05,03,2016-05-03,339.0,89,48.0,301.3,0,-0.42474753,3.079753,281.98987,281.31293,282.33908,273.14346,273.46005,3.0,0.0,0.28135473,0.2918159,0.32931656,0.32858554
56.4925,-120.3915,53.717,-108.771,D,2016,05,03,2016-05-03,315.2,60,11.5,298.7,0,-0.42474753,3.079753,281.98987,281.31293,282.33908,273.14346,273.46005,3.0,0.0,0.28135473,0.2918159,0.32931656,0.32858554
56.5916,-121.138,53.717,-108.771,D,2016,05,03,2016-05-03,340.8,91,50.5,282.1,1,-0.42474753,3.079753,281.98987,281.31293,282.33908,273.14346,273.46005,3.0,0.0,0.28135473,0.2918159,0.32931656,0.32858554
56.5883,-121.1202,53.717,-108.771,D,2016,05,03,2016-05-03,326.0,80,24.8,283.3,0,-0.42474753,3.079753,281.98987,281.31293,282.33908,273.14346,273.46005,3.0,0.0,0.28135473,0.2918159,0.32931656,0.32858554
56.5825,-121.1435,53.717,-108.771,D,2016,05,03,2016-05-03,312.5,53,11.3,281.2,0,-0.42474753,3.079753,281.98987,281.31293,282.33908,273.14346,273.46005,3.0,0.0,0.28135473,0.2918159,0.32931656,0.32858554
56.5609,-121.1369,53.717,-108.771,D,2016,05,03,2016-05-03,366.8,100,125.7,285.1,1,-0.42474753,3.079753,281.98987,281.31293,282.33908,273.14346,273.46005,3.0,0.0,0.28135473,0.2918159,0.32931656,0.32858554
56.5576,-121.1192,53.717,-108.771,D,2016,05,03,2016-05-03,385.6,100,212.9,288.9,1,-0.42474753,3.079753,281.98987,281.31293,282.33908,273.14346,273.46005,3.0,0.0,0.28135473,0.2918159,0.32931656,0.32858554
56.5543,-121.1014,53.717,-108.771,D,2016,05,03,2016-05-03,309.3,27,7.9,286.2,0,-0.42474753,3.079753,281.98987,281.31293,282.33908,273.14346,273.46005,3.0,0.0,0.28135473,0.2918159,0.32931656,0.32858554
53.8904,-110.2825,53.717,-108.771,D,2016,05,03,2016-05-03,315.7,0,7.1,304.7,0,-0.42474753,3.079753,281.98987,281.31293,282.33908,273.14346,273.46005,3.0,0.0,0.28135473,0.2918159,0.32931656,0.32858554
54.1527,-109.5459,53.717,-108.771,D,2016,05,03,2016-05-03,326.9,79,20.3,305.8,0,-0.42474753,3.079753,281.98987,281.31293,282.33908,273.14346,273.46005,3.0,0.0,0.28135473,0.2918159,0.32931656,0.32858554
54.165,-109.534,53.717,-108.771,D,2016,05,03,2016-05-03,336.7,87,35.6,303.7,0,-0.42474753,3.079753,281.98987,281.31293,282.33908,273.14346,273.46005,3.0,0.0,0.28135473,0.2918159,0.32931656,0.32858554
54.1619,-109.551,53.717,-108.771,D,2016,05,03,2016-05-03,327.9,70,20.5,304.8,0,-0.42474753,3.079753,281.98987,281.31293,282.33908,273.14346,273.46005,3.0,0.0,0.28135473,0.2918159,0.32931656,0.32858554
54.1676,-109.5425,53.717,-108.771,D,2016,05,03,2016-05-03,324.9,77,17.9,303.4,0,-0.42474753,3.079753,281.98987,281.31293,282.33908,273.14346,273.46005,3.0,0.0,0.28135473,0.2918159,0.32931656,0.32858554
53.9839,-112.4546,53.717,-108.771,D,2016,05,03,2016-05-03,331.6,72,36.7,303.8,0,-0.42474753,3.079753,281.98987,281.31293,282.33908,273.14346,273.46005,3.0,0.0,0.28135473,0.2918159,0.32931656,0.32858554
56.6578,-111.4508,53.717,-108.771,D,2016,05,03,2016-05-03,351.7,73,75.3,277.7,0,-0.42474753,3.079753,281.98987,281.31293,282.33908,273.14346,273.46005,3.0,0.0,0.28135473,0.2918159,0.32931656,0.32858554
56.6544,-111.4691,53.717,-108.771,D,2016,05,03,2016-05-03,331.2,65,28.0,280.1,0,-0.42474753,3.079753,281.98987,281.31293,282.33908,273.14346,273.46005,3.0,0.0,0.28135473,0.2918159,0.32931656,0.32858554
56.6636,-111.4749,53.717,-108.771,D,2016,05,03,2016-05-03,341.2,80,43.2,283.2,0,-0.42474753,3.079753,281.98987,281.31293,282.33908,273.14346,273.46005,3.0,0.0,0.28135473,0.2918159,0.32931656,0.32858554
56.6654,-111.4828,53.717,-108.771,D,2016,05,03,2016-05-03,347.3,76,66.6,285.2,0,-0.42474753,3.079753,281.98987,281.31293,282.33908,273.14346,273.46005,3.0,0.0,0.28135473,0.2918159,0.32931656,0.32858554
56.6746,-111.4887,53.717,-108.771,D,2016,05,03,2016-05-03,365.7,0,125.0,285.3,0,-0.42474753,3.079753,281.98987,281.31293,282.33908,273.14346,273.46005,3.0,0.0,0.28135473,0.2918159,0.32931656,0.32858554
56.6711,-111.5072,53.717,-108.771,D,2016,05,03,2016-05-03,352.9,63,82.0,281.4,0,-0.42474753,3.079753,281.98987,281.31293,282.33908,273.14346,273.46005,3.0,0.0,0.28135473,0.2918159,0.32931656,0.32858554
56.6606,-111.5625,53.717,-108.771,D,2016,05,03,2016-05-03,336.9,27,41.2,280.9,0,-0.42474753,3.079753,281.98987,281.31293,282.33908,273.14346,273.46005,3.0,0.0,0.28135473,0.2918159,0.32931656,0.32858554
56.6792,-111.5737,53.717,-108.771,D,2016,05,03,2016-05-03,415.8,0,454.2,293.7,0,-0.42474753,3.079753,281.98987,281.31293,282.33908,273.14346,273.46005,3.0,0.0,0.28135473,0.2918159,0.32931656,0.32858554
56.6757,-111.5921,53.717,-108.771,D,2016,05,03,2016-05-03,382.3,75,200.5,296.4,0,-0.42474753,3.079753,281.98987,281.31293,282.33908,273.14346,273.46005,3.0,0.0,0.28135473,0.2918159,0.32931656,0.32858554
56.692,-111.5611,53.717,-108.771,D,2016,05,03,2016-05-03,328.9,73,30.1,278.1,0,-0.42474753,3.079753,281.98987,281.31293,282.33908,273.14346,273.46005,3.0,0.0,0.28135473,0.2918159,0.32931656,0.32858554
56.6885,-111.5795,53.717,-108.771,D,2016,05,03,2016-05-03,367.1,94,131.5,284.5,1,-0.42474753,3.079753,281.98987,281.31293,282.33908,273.14346,273.46005,3.0,0.0,0.28135473,0.2918159,0.32931656,0.32858554
56.685,-111.5979,53.717,-108.771,D,2016,05,03,2016-05-03,313.3,42,8.5,287.6,0,-0.42474753,3.079753,281.98987,281.31293,282.33908,273.14346,273.46005,3.0,0.0,0.28135473,0.2918159,0.32931656,0.32858554
56.5465,-120.223,53.717,-108.771,D,2016,05,03,2016-05-03,324.6,66,65.8,298.9,0,-0.42474753,3.079753,281.98987,281.31293,282.33908,273.14346,273.46005,3.0,0.0,0.28135473,0.2918159,0.32931656,0.32858554
56.5064,-120.3716,53.717,-108.771,D,2016,05,03,2016-05-03,338.8,90,136.1,299.5,1,-0.42474753,3.079753,281.98987,281.31293,282.33908,273.14346,273.46005,3.0,0.0,0.28135473,0.2918159,0.32931656,0.32858554
56.5401,-120.2207,53.717,-108.771,D,2016,05,03,2016-05-03,330.7,85,95.3,298.8,0,-0.42474753,3.079753,281.98987,281.31293,282.33908,273.14346,273.46005,3.0,0.0,0.28135473,0.2918159,0.32931656,0.32858554
56.5117,-120.3801,53.717,-108.771,D,2016,05,03,2016-05-03,335.3,88,113.6,300.2,0,-0.42474753,3.079753,281.98987,281.31293,282.33908,273.14346,273.46005,3.0,0.0,0.28135473,0.2918159,0.32931656,0.32858554
56.5344,-120.3537,53.717,-108.771,D,2016,05,03,2016-05-03,330.8,83,82.4,298.5,0,-0.42474753,3.079753,281.98987,281.31293,282.33908,273.14346,273.46005,3.0,0.0,0.28135473,0.2918159,0.32931656,0.32858554
56.5493,-121.1425,53.717,-108.771,D,2016,05,03,2016-05-03,315.2,70,49.1,285.2,0,-0.42474753,3.079753,281.98987,281.31293,282.33908,273.14346,273.46005,3.0,0.0,0.28135473,0.2918159,0.32931656,0.32858554
56.5105,-120.3752,53.717,-108.771,D,2016,05,03,2016-05-03,366.4,100,287.5,273.8,1,-0.42474753,3.079753,281.98987,281.31293,282.33908,273.14346,273.46005,3.0,0.0,0.28135473,0.2918159,0.32931656,0.32858554
56.5306,-120.243,53.717,-108.771,D,2016,05,03,2016-05-03,408.0,100,879.7,288.1,1,-0.42474753,3.079753,281.98987,281.31293,282.33908,273.14346,273.46005,3.0,0.0,0.28135473,0.2918159,0.32931656,0.32858554
56.5287,-120.277,53.717,-108.771,D,2016,05,03,2016-05-03,330.9,65,68.7,277.6,0,-0.42474753,3.079753,281.98987,281.31293,282.33908,273.14346,273.46005,3.0,0.0,0.28135473,0.2918159,0.32931656,0.32858554
56.5452,-120.2114,53.717,-108.771,D,2016,05,03,2016-05-03,335.1,60,80.1,285.7,0,-0.42474753,3.079753,281.98987,281.31293,282.33908,273.14346,273.46005,3.0,0.0,0.28135473,0.2918159,0.32931656,0.32858554
56.5598,-120.1801,53.717,-108.771,D,2016,05,03,2016-05-03,392.4,87,593.1,280.6,0,-0.42474753,3.079753,281.98987,281.31293,282.33908,273.14346,273.46005,3.0,0.0,0.28135473,0.2918159,0.32931656,0.32858554
56.5579,-120.2139,53.717,-108.771,D,2016,05,03,2016-05-03,370.3,100,318.3,290.2,1,-0.42474753,3.079753,281.98987,281.31293,282.33908,273.14346,273.46005,3.0,0.0,0.28135473,0.2918159,0.32931656,0.32858554
56.7416,-115.9069,53.717,-108.771,D,2016,05,03,2016-05-03,328.8,79,127.4,301.6,0,-0.42474753,3.079753,281.98987,281.31293,282.33908,273.14346,273.46005,3.0,0.0,0.28135473,0.2918159,0.32931656,0.32858554
56.5724,-120.1827,53.717,-108.771,D,2016,05,03,2016-05-03,446.9,94,1967.5,293.4,1,-0.42474753,3.079753,281.98987,281.31293,282.33908,273.14346,273.46005,3.0,0.0,0.28135473,0.2918159,0.32931656,0.32858554
56.5705,-120.2163,53.717,-108.771,D,2016,05,03,2016-05-03,374.4,100,363.4,291.1,1,-0.42474753,3.079753,281.98987,281.31293,282.33908,273.14346,273.46005,3.0,0.0,0.28135473,0.2918159,0.32931656,0.32858554
56.5585,-120.184,53.717,-108.771,D,2016,05,03,2016-05-03,372.8,87,339.4,280.5,0,-0.42474753,3.079753,281.98987,281.31293,282.33908,273.14346,273.46005,3.0,0.0,0.28135473,0.2918159,0.32931656,0.32858554
56.573,-120.1521,53.717,-108.771,D,2016,05,03,2016-05-03,360.8,0,243.8,266.8,0,-0.42474753,3.079753,281.98987,281.31293,282.33908,273.14346,273.46005,3.0,0.0,0.28135473,0.2918159,0.32931656,0.32858554
56.5712,-120.1866,53.717,-108.771,D,2016,05,03,2016-05-03,456.6,94,2359.0,297.8,1,-0.42474753,3.079753,281.98987,281.31293,282.33908,273.14346,273.46005,3.0,0.0,0.28135473,0.2918159,0.32931656,0.32858554
56.5695,-120.2202,53.717,-108.771,D,2016,05,03,2016-05-03,358.9,99,227.4,291.8,1,-0.42474753,3.079753,281.98987,281.31293,282.33908,273.14346,273.46005,3.0,0.0,0.28135473,0.2918159,0.32931656,0.32858554
56.7362,-115.91,53.717,-108.771,D,2016,05,03,2016-05-03,330.2,80,137.9,301.5,0,-0.42474753,3.079753,281.98987,281.31293,282.33908,273.14346,273.46005,3.0,0.0,0.28135473,0.2918159,0.32931656,0.32858554
56.584,-120.1885,53.717,-108.771,D,2016,05,03,2016-05-03,324.7,63,56.0,280.4,0,-0.42474753,3.079753,281.98987,281.31293,282.33908,273.14346,273.46005,3.0,0.0,0.28135473,0.2918159,0.32931656,0.32858554
56.5684,-121.114,53.717,-108.771,D,2016,05,03,2016-05-03,397.4,100,0.0,272.7,1,-0.42474753,3.079753,281.98987,281.31293,282.33908,273.14346,273.46005,3.0,0.0,0.28135473,0.2918159,0.32931656,0.32858554
56.7657,-115.8758,56.466,-111.91,N,2016,05,04,2016-05-04,306.0,25,9.2,279.2,0,5.2087536,-1.3236006,300.0064,296.17587,286.7275,272.1773,273.9001,6.0,0.0,0.527438,0.56284153,0.57796335,0.5858647
56.5964,-120.0807,56.466,-111.91,N,2016,05,04,2016-05-04,390.2,100,280.5,288.5,1,5.2087536,-1.3236006,300.0064,296.17587,286.7275,272.1773,273.9001,6.0,0.0,0.527438,0.56284153,0.57796335,0.5858647
56.5925,-120.1004,56.466,-111.91,N,2016,05,04,2016-05-04,341.0,77,64.2,279.5,0,5.2087536,-1.3236006,300.0064,296.17587,286.7275,272.1773,273.9001,6.0,0.0,0.527438,0.56284153,0.57796335,0.5858647
56.602,-120.1067,56.466,-111.91,N,2016,05,04,2016-05-04,315.6,62,22.8,274.7,0,5.2087536,-1.3236006,300.0064,296.17587,286.7275,272.1773,273.9001,6.0,0.0,0.527438,0.56284153,0.57796335,0.5858647
56.6066,-120.1546,55.345,-112.522,D,2016,05,04,2016-05-04,368.4,100,230.4,293.8,1,-0.41405794,1.8075054,280.87903,282.00806,284.3796,272.90704,274.05777,6.0,0.0,0.56343377,0.58489984,0.6032808,0.5797175
56.6046,-120.1273,55.345,-112.522,D,2016,05,04,2016-05-04,341.5,74,88.9,294.3,0,-0.41405794,1.8075054,280.87903,282.00806,284.3796,272.90704,274.05777,6.0,0.0,0.56343377,0.58489984,0.6032808,0.5797175
56.6025,-120.1001,55.345,-112.522,D,2016,05,04,2016-05-04,337.9,91,78.9,292.7,1,-0.41405794,1.8075054,280.87903,282.00806,284.3796,272.90704,274.05777,6.0,0.0,0.56343377,0.58489984,0.6032808,0.5797175
56.6005,-120.073,55.345,-112.522,D,2016,05,04,2016-05-04,324.7,73,43.1,290.8,0,-0.41405794,1.8075054,280.87903,282.00806,284.3796,272.90704,274.05777,6.0,0.0,0.56343377,0.58489984,0.6032808,0.5797175
56.6088,-120.1601,55.345,-112.522,D,2016,05,04,2016-05-04,336.7,88,75.5,291.1,0,-0.41405794,1.8075054,280.87903,282.00806,284.3796,272.90704,274.05777,6.0,0.0,0.56343377,0.58489984,0.6032808,0.5797175
56.6066,-120.1328,55.345,-112.522,D,2016,05,04,2016-05-04,338.6,77,79.7,292.7,0,-0.41405794,1.8075054,280.87903,282.00806,284.3796,272.90704,274.05777,6.0,0.0,0.56343377,0.58489984,0.6032808,0.5797175
56.6045,-120.1056,55.345,-112.522,D,2016,05,04,2016-05-04,333.3,64,63.0,291.5,0,-0.41405794,1.8075054,280.87903,282.00806,284.3796,272.90704,274.05777,6.0,0.0,0.56343377,0.58489984,0.6032808,0.5797175
56.6024,-120.0785,55.345,-112.522,D,2016,05,04,2016-05-04,328.4,75,51.7,290.5,0,-0.41405794,1.8075054,280.87903,282.00806,284.3796,272.90704,274.05777,6.0,0.0,0.56343377,0.58489984,0.6032808,0.5797175
56.5974,-120.1627,55.345,-112.522,D,2016,05,04,2016-05-04,354.9,96,145.4,295.8,1,-0.41405794,1.8075054,280.87903,282.00806,284.3796,272.90704,274.05777,6.0,0.0,0.56343377,0.58489984,0.6032808,0.5797175
56.5911,-120.0813,55.345,-112.522,D,2016,05,04,2016-05-04,317.9,74,31.8,292.2,0,-0.41405794,1.8075054,280.87903,282.00806,284.3796,272.90704,274.05777,6.0,0.0,0.56343377,0.58489984,0.6032808,0.5797175
56.5944,-120.2747,55.345,-112.522,D,2016,05,04,2016-05-04,316.5,61,25.8,290.4,0,-0.41405794,1.8075054,280.87903,282.00806,284.3796,272.90704,274.05777,6.0,0.0,0.56343377,0.58489984,0.6032808,0.5797175
56.5923,-120.2472,55.345,-112.522,D,2016,05,04,2016-05-04,336.2,90,74.1,291.9,1,-0.41405794,1.8075054,280.87903,282.00806,284.3796,272.90704,274.05777,6.0,0.0,0.56343377,0.58489984,0.6032808,0.5797175
56.6108,-121.1666,55.345,-112.522,D,2016,05,04,2016-05-04,318.4,61,36.1,294.9,0,-0.41405794,1.8075054,280.87903,282.00806,284.3796,272.90704,274.05777,6.0,0.0,0.56343377,0.58489984,0.6032808,0.5797175
56.5434,-120.3706,55.345,-112.522,D,2016,05,04,2016-05-04,325.7,84,43.3,295.1,0,-0.41405794,1.8075054,280.87903,282.00806,284.3796,272.90704,274.05777,6.0,0.0,0.56343377,0.58489984,0.6032808,0.5797175
56.5414,-120.3426,55.345,-112.522,D,2016,05,04,2016-05-04,322.8,82,36.0,293.9,0,-0.41405794,1.8075054,280.87903,282.00806,284.3796,272.90704,274.05777,6.0,0.0,0.56343377,0.58489984,0.6032808,0.5797175
56.5334,-120.2337,55.345,-112.522,D,2016,05,04,2016-05-04,333.3,87,61.9,293.3,0,-0.41405794,1.8075054,280.87903,282.00806,284.3796,272.90704,274.05777,6.0,0.0,0.56343377,0.58489984,0.6032808,0.5797175
56.536,-120.4287,55.345,-112.522,D,2016,05,04,2016-05-04,310.6,54,16.3,295.0,0,-0.41405794,1.8075054,280.87903,282.00806,284.3796,272.90704,274.05777,6.0,0.0,0.56343377,0.58489984,0.6032808,0.5797175
56.532,-120.3733,55.345,-112.522,D,2016,05,04,2016-05-04,373.2,100,260.2,298.7,1,-0.41405794,1.8075054,280.87903,282.00806,284.3796,272.90704,274.05777,6.0,0.0,0.56343377,0.58489984,0.6032808,0.5797175
56.5299,-120.3454,55.345,-112.522,D,2016,05,04,2016-05-04,331.9,85,53.5,293.9,0,-0.41405794,1.8075054,280.87903,282.00806,284.3796,272.90704,274.05777,6.0,0.0,0.56343377,0.58489984,0.6032808,0.5797175
56.5362,-120.2402,55.345,-112.522,D,2016,05,04,2016-05-04,322.4,33,34.7,294.7,0,-0.41405794,1.8075054,280.87903,282.00806,284.3796,272.90704,274.05777,6.0,0.0,0.56343377,0.58489984,0.6032808,0.5797175
56.5341,-120.2131,55.345,-112.522,D,2016,05,04,2016-05-04,322.9,43,37.9,291.9,0,-0.41405794,1.8075054,280.87903,282.00806,284.3796,272.90704,274.05777,6.0,0.0,0.56343377,0.58489984,0.6032808,0.5797175
56.5354,-120.3798,55.345,-112.522,D,2016,05,04,2016-05-04,361.3,100,176.9,297.6,1,-0.41405794,1.8075054,280.87903,282.00806,284.3796,272.90704,274.05777,6.0,0.0,0.56343377,0.58489984,0.6032808,0.5797175
56.5332,-120.3519,55.345,-112.522,D,2016,05,04,2016-05-04,357.0,98,151.6,296.1,1,-0.41405794,1.8075054,280.87903,282.00806,284.3796,272.90704,274.05777,6.0,0.0,0.56343377,0.58489984,0.6032808,0.5797175
56.5239,-120.3825,55.345,-112.522,D,2016,05,04,2016-05-04,328.0,34,44.2,295.8,0,-0.41405794,1.8075054,280.87903,282.00806,284.3796,272.90704,274.05777,6.0,0.0,0.56343377,0.58489984,0.6032808,0.5797175
56.5462,-121.187,55.345,-112.522,D,2016,05,04,2016-05-04,308.9,55,17.1,291.1,0,-0.41405794,1.8075054,280.87903,282.00806,284.3796,272.90704,274.05777,6.0,0.0,0.56343377,0.58489984,0.6032808,0.5797175
56.5442,-121.1576,55.345,-112.522,D,2016,05,04,2016-05-04,318.6,79,35.3,289.8,0,-0.41405794,1.8075054,280.87903,282.00806,284.3796,272.90704,274.05777,6.0,0.0,0.56343377,0.58489984,0.6032808,0.5797175
56.2702,-121.6633,55.345,-112.522,D,2016,05,04,2016-05-04,305.0,23,12.3,290.0,0,-0.41405794,1.8075054,280.87903,282.00806,284.3796,272.90704,274.05777,6.0,0.0,0.56343377,0.58489984,0.6032808,0.5797175
56.2683,-121.6336,55.345,-112.522,D,2016,05,04,2016-05-04,339.8,92,106.2,292.8,1,-0.41405794,1.8075054,280.87903,282.00806,284.3796,272.90704,274.05777,6.0,0.0,0.56343377,0.58489984,0.6032808,0.5797175
56.2645,-121.6415,55.345,-112.522,D,2016,05,04,2016-05-04,340.4,92,108.7,294.1,1,-0.41405794,1.8075054,280.87903,282.00806,284.3796,272.90704,274.05777,6.0,0.0,0.56343377,0.58489984,0.6032808,0.5797175
56.2625,-121.6115,55.345,-112.522,D,2016,05,04,2016-05-04,307.6,44,15.6,291.4,0,-0.41405794,1.8075054,280.87903,282.00806,284.3796,272.90704,274.05777,6.0,0.0,0.56343377,0.58489984,0.6032808,0.5797175
58.4272,-117.1705,55.345,-112.522,D,2016,05,04,2016-05-04,314.7,75,61.1,294.2,0,-0.41405794,1.8075054,280.87903,282.00806,284.3796,272.90704,274.05777,6.0,0.0,0.56343377,0.58489984,0.6032808,0.5797175
58.4462,-117.2198,55.345,-112.522,D,2016,05,04,2016-05-04,336.2,90,197.4,294.9,1,-0.41405794,1.8075054,280.87903,282.00806,284.3796,272.90704,274.05777,6.0,0.0,0.56343377,0.58489984,0.6032808,0.5797175
58.4309,-117.1708,55.345,-112.522,D,2016,05,04,2016-05-04,318.3,78,76.7,294.3,0,-0.41405794,1.8075054,280.87903,282.00806,284.3796,272.90704,274.05777,6.0,0.0,0.56343377,0.58489984,0.6032808,0.5797175
56.7749,-115.7788,55.345,-112.522,D,2016,05,04,2016-05-04,300.1,15,28.0,287.0,0,-0.41405794,1.8075054,280.87903,282.00806,284.3796,272.90704,274.05777,6.0,0.0,0.56343377,0.58489984,0.6032808,0.5797175
58.4427,-117.2193,55.345,-112.522,D,2016,05,04,2016-05-04,342.4,93,256.8,295.0,1,-0.41405794,1.8075054,280.87903,282.00806,284.3796,272.90704,274.05777,6.0,0.0,0.56343377,0.58489984,0.6032808,0.5797175
56.6204,-120.1398,55.345,-112.522,D,2016,05,04,2016-05-04,340.5,92,227.0,287.4,1,-0.41405794,1.8075054,280.87903,282.00806,284.3796,272.90704,274.05777,6.0,0.0,0.56343377,0.58489984,0.6032808,0.5797175
56.4997,-117.857,55.345,-112.522,D,2016,05,04,2016-05-04,306.7,56,47.4,288.7,0,-0.41405794,1.8075054,280.87903,282.00806,284.3796,272.90704,274.05777,6.0,0.0,0.56343377,0.58489984,0.6032808,0.5797175
56.6074,-120.0966,55.345,-112.522,D,2016,05,04,2016-05-04,334.1,89,180.3,285.6,0,-0.41405794,1.8075054,280.87903,282.00806,284.3796,272.90704,274.05777,6.0,0.0,0.56343377,0.58489984,0.6032808,0.5797175
56.5942,-120.0528,55.345,-112.522,D,2016,05,04,2016-05-04,304.9,36,35.0,282.8,0,-0.41405794,1.8075054,280.87903,282.00806,284.3796,272.90704,274.05777,6.0,0.0,0.56343377,0.58489984,0.6032808,0.5797175
56.6071,-120.1526,55.345,-112.522,D,2016,05,04,2016-05-04,370.9,100,606.7,290.9,1,-0.41405794,1.8075054,280.87903,282.00806,284.3796,272.90704,274.05777,6.0,0.0,0.56343377,0.58489984,0.6032808,0.5797175
56.5941,-120.1094,55.345,-112.522,D,2016,05,04,2016-05-04,342.5,93,242.9,288.6,1,-0.41405794,1.8075054,280.87903,282.00806,284.3796,272.90704,274.05777,6.0,0.0,0.56343377,0.58489984,0.6032808,0.5797175
56.6214,-120.1431,55.345,-112.522,D,2016,05,04,2016-05-04,327.8,85,133.9,287.2,0,-0.41405794,1.8075054,280.87903,282.00806,284.3796,272.90704,274.05777,6.0,0.0,0.56343377,0.58489984,0.6032808,0.5797175
56.6085,-120.0997,55.345,-112.522,D,2016,05,04,2016-05-04,331.5,87,160.9,285.6,0,-0.41405794,1.8075054,280.87903,282.00806,284.3796,272.90704,274.05777,6.0,0.0,0.56343377,0.58489984,0.6032808,0.5797175
56.6081,-120.156,55.345,-112.522,D,2016,05,04,2016-05-04,364.7,100,499.3,290.7,1,-0.41405794,1.8075054,280.87903,282.00806,284.3796,272.90704,274.05777,6.0,0.0,0.56343377,0.58489984,0.6032808,0.5797175
56.5952,-120.1126,55.345,-112.522,D,2016,05,04,2016-05-04,347.2,95,284.9,289.2,1,-0.41405794,1.8075054,280.87903,282.00806,284.3796,272.90704,274.05777,6.0,0.0,0.56343377,0.58489984,0.6032808,0.5797175
56.5946,-120.2255,55.345,-112.522,D,2016,05,04,2016-05-04,324.3,83,104.2,288.4,0,-0.41405794,1.8075054,280.87903,282.00806,284.3796,272.90704,274.05777,6.0,0.0,0.56343377,0.58489984,0.6032808,0.5797175
56.5417,-120.2202,55.345,-112.522,D,2016,05,04,2016-05-04,320.5,76,85.5,288.8,0,-0.41405794,1.8075054,280.87903,282.00806,284.3796,272.90704,274.05777,6.0,0.0,0.56343377,0.58489984,0.6032808,0.5797175
56.5415,-120.2766,55.345,-112.522,D,2016,05,04,2016-05-04,350.2,96,301.1,289.7,1,-0.41405794,1.8075054,280.87903,282.00806,284.3796,272.90704,274.05777,6.0,0.0,0.56343377,0.58489984,0.6032808,0.5797175
56.5284,-120.2328,55.345,-112.522,D,2016,05,04,2016-05-04,389.8,100,999.6,291.6,1,-0.41405794,1.8075054,280.87903,282.00806,284.3796,272.90704,274.05777,6.0,0.0,0.56343377,0.58489984,0.6032808,0.5797175
56.5435,-120.226,55.345,-112.522,D,2016,05,04,2016-05-04,317.7,59,69.8,289.1,0,-0.41405794,1.8075054,280.87903,282.00806,284.3796,272.90704,274.05777,6.0,0.0,0.56343377,0.58489984,0.6032808,0.5797175
56.5302,-120.2387,55.345,-112.522,D,2016,05,04,2016-05-04,384.6,100,873.9,291.9,1,-0.41405794,1.8075054,280.87903,282.00806,284.3796,272.90704,274.05777,6.0,0.0,0.56343377,0.58489984,0.6032808,0.5797175
56.5423,-120.3947,55.345,-112.522,D,2016,05,04,2016-05-04,319.4,27,69.4,288.7,0,-0.41405794,1.8075054,280.87903,282.00806,284.3796,272.90704,274.05777,6.0,0.0,0.56343377,0.58489984,0.6032808,0.5797175
56.5297,-120.352,55.345,-112.522,D,2016,05,04,2016-05-04,335.9,90,171.9,290.0,1,-0.41405794,1.8075054,280.87903,282.00806,284.3796,272.90704,274.05777,6.0,0.0,0.56343377,0.58489984,0.6032808,0.5797175
56.5164,-120.3645,55.345,-112.522,D,2016,05,04,2016-05-04,326.9,43,109.0,291.1,0,-0.41405794,1.8075054,280.87903,282.00806,284.3796,272.90704,274.05777,6.0,0.0,0.56343377,0.58489984,0.6032808,0.5797175
56.503,-120.434,55.345,-112.522,D,2016,05,04,2016-05-04,310.6,40,43.5,287.9,0,-0.41405794,1.8075054,280.87903,282.00806,284.3796,272.90704,274.05777,6.0,0.0,0.56343377,0.58489984,0.6032808,0.5797175
56.4901,-120.3907,55.345,-112.522,D,2016,05,04,2016-05-04,307.8,16,35.0,286.9,0,-0.41405794,1.8075054,280.87903,282.00806,284.3796,272.90704,274.05777,6.0,0.0,0.56343377,0.58489984,0.6032808,0.5797175
56.6513,-121.0495,55.345,-112.522,D,2016,05,04,2016-05-04,304.3,38,25.0,290.2,0,-0.41405794,1.8075054,280.87903,282.00806,284.3796,272.90704,274.05777,6.0,0.0,0.56343377,0.58489984,0.6032808,0.5797175
56.5036,-120.4381,55.345,-112.522,D,2016,05,04,2016-05-04,308.5,67,40.9,287.9,0,-0.41405794,1.8075054,280.87903,282.00806,284.3796,272.90704,274.05777,6.0,0.0,0.56343377,0.58489984,0.6032808,0.5797175
56.4908,-120.3946,55.345,-112.522,D,2016,05,04,2016-05-04,309.5,69,45.2,287.2,0,-0.41405794,1.8075054,280.87903,282.00806,284.3796,272.90704,274.05777,6.0,0.0,0.56343377,0.58489984,0.6032808,0.5797175
56.6495,-121.0561,55.345,-112.522,D,2016,05,04,2016-05-04,303.7,55,24.8,290.0,0,-0.41405794,1.8075054,280.87903,282.00806,284.3796,272.90704,274.05777,6.0,0.0,0.56343377,0.58489984,0.6032808,0.5797175
56.2634,-121.6537,55.345,-112.522,D,2016,05,04,2016-05-04,302.2,37,18.5,289.4,0,-0.41405794,1.8075054,280.87903,282.00806,284.3796,272.90704,274.05777,6.0,0.0,0.56343377,0.58489984,0.6032808,0.5797175
56.6058,-120.1176,55.345,-112.522,D,2016,05,04,2016-05-04,374.5,100,140.5,291.9,1,-0.41405794,1.8075054,280.87903,282.00806,284.3796,272.90704,274.05777,6.0,0.0,0.56343377,0.58489984,0.6032808,0.5797175
56.603,-120.1342,55.345,-112.522,D,2016,05,04,2016-05-04,432.1,100,545.4,307.8,1,-0.41405794,1.8075054,280.87903,282.00806,284.3796,272.90704,274.05777,6.0,0.0,0.56343377,0.58489984,0.6032808,0.5797175
56.6002,-120.1508,55.345,-112.522,D,2016,05,04,2016-05-04,412.3,100,359.7,310.0,1,-0.41405794,1.8075054,280.87903,282.00806,284.3796,272.90704,274.05777,6.0,0.0,0.56343377,0.58489984,0.6032808,0.5797175
56.5974,-120.1674,55.345,-112.522,D,2016,05,04,2016-05-04,345.4,94,55.5,296.1,1,-0.41405794,1.8075054,280.87903,282.00806,284.3796,272.90704,274.05777,6.0,0.0,0.56343377,0.58489984,0.6032808,0.5797175
56.5746,-120.3005,55.345,-112.522,D,2016,05,04,2016-05-04,318.2,68,14.8,293.9,0,-0.41405794,1.8075054,280.87903,282.00806,284.3796,272.90704,274.05777,6.0,0.0,0.56343377,0.58489984,0.6032808,0.5797175
56.6118,-120.1392,55.345,-112.522,D,2016,05,04,2016-05-04,335.2,89,37.8,293.8,0,-0.41405794,1.8075054,280.87903,282.00806,284.3796,272.90704,274.05777,6.0,0.0,0.56343377,0.58489984,0.6032808,0.5797175
56.5949,-120.2389,55.345,-112.522,D,2016,05,04,2016-05-04,375.6,94,144.8,292.6,1,-0.41405794,1.8075054,280.87903,282.00806,284.3796,272.90704,274.05777,6.0,0.0,0.56343377,0.58489984,0.6032808,0.5797175
56.5921,-120.2556,55.345,-112.522,D,2016,05,04,2016-05-04,349.3,96,62.0,291.7,1,-0.41405794,1.8075054,280.87903,282.00806,284.3796,272.90704,274.05777,6.0,0.0,0.56343377,0.58489984,0.6032808,0.5797175
56.6009,-120.2606,55.345,-112.522,D,2016,05,04,2016-05-04,314.0,44,10.5,292.4,0,-0.41405794,1.8075054,280.87903,282.00806,284.3796,272.90704,274.05777,6.0,0.0,0.56343377,0.58489984,0.6032808,0.5797175
56.5587,-121.3265,55.345,-112.522,D,2016,05,04,2016-05-04,344.8,94,59.1,288.7,1,-0.41405794,1.8075054,280.87903,282.00806,284.3796,272.90704,274.05777,6.0,0.0,0.56343377,0.58489984,0.6032808,0.5797175
56.5556,-121.3438,55.345,-112.522,D,2016,05,04,2016-05-04,390.2,100,234.0,297.8,1,-0.41405794,1.8075054,280.87903,282.00806,284.3796,272.90704,274.05777,6.0,0.0,0.56343377,0.58489984,0.6032808,0.5797175
56.5526,-121.3611,55.345,-112.522,D,2016,05,04,2016-05-04,313.4,65,12.3,292.1,0,-0.41405794,1.8075054,280.87903,282.00806,284.3796,272.90704,274.05777,6.0,0.0,0.56343377,0.58489984,0.6032808,0.5797175
56.6149,-121.1563,55.345,-112.522,D,2016,05,04,2016-05-04,335.2,89,40.8,296.3,0,-0.41405794,1.8075054,280.87903,282.00806,284.3796,272.90704,274.05777,6.0,0.0,0.56343377,0.58489984,0.6032808,0.5797175
56.6118,-121.1736,55.345,-112.522,D,2016,05,04,2016-05-04,333.8,89,38.4,292.6,0,-0.41405794,1.8075054,280.87903,282.00806,284.3796,272.90704,274.05777,6.0,0.0,0.56343377,0.58489984,0.6032808,0.5797175
56.6423,-121.0585,55.345,-112.522,D,2016,05,04,2016-05-04,310.4,55,9.5,291.8,0,-0.41405794,1.8075054,280.87903,282.00806,284.3796,272.90704,274.05777,6.0,0.0,0.56343377,0.58489984,0.6032808,0.5797175
58.1654,-116.1023,55.345,-112.522,D,2016,05,04,2016-05-04,319.4,75,10.9,301.1,0,-0.41405794,1.8075054,280.87903,282.00806,284.3796,272.90704,274.05777,6.0,0.0,0.56343377,0.58489984,0.6032808,0.5797175
58.4401,-117.2038,55.345,-112.522,D,2016,05,04,2016-05-04,384.9,100,172.4,301.8,1,-0.41405794,1.8075054,280.87903,282.00806,284.3796,272.90704,274.05777,6.0,0.0,0.56343377,0.58489984,0.6032808,0.5797175
58.4378,-117.2208,55.345,-112.522,D,2016,05,04,2016-05-04,424.6,100,438.5,312.2,1,-0.41405794,1.8075054,280.87903,282.00806,284.3796,272.90704,274.05777,6.0,0.0,0.56343377,0.58489984,0.6032808,0.5797175
56.525,-120.3755,55.345,-112.522,D,2016,05,04,2016-05-04,353.7,97,67.4,300.2,1,-0.41405794,1.8075054,280.87903,282.00806,284.3796,272.90704,274.05777,6.0,0.0,0.56343377,0.58489984,0.6032808,0.5797175
55.9298,-120.8985,55.345,-112.522,D,2016,05,04,2016-05-04,314.8,71,16.5,283.3,0,-0.41405794,1.8075054,280.87903,282.00806,284.3796,272.90704,274.05777,6.0,0.0,0.56343377,0.58489984,0.6032808,0.5797175
56.7542,-115.887,55.345,-112.522,D,2016,05,04,2016-05-04,317.4,42,12.3,298.0,0,-0.41405794,1.8075054,280.87903,282.00806,284.3796,272.90704,274.05777,6.0,0.0,0.56343377,0.58489984,0.6032808,0.5797175
56.7801,-115.7473,55.345,-112.522,D,2016,05,04,2016-05-04,320.8,74,15.6,293.3,0,-0.41405794,1.8075054,280.87903,282.00806,284.3796,272.90704,274.05777,6.0,0.0,0.56343377,0.58489984,0.6032808,0.5797175
56.7779,-115.7638,55.345,-112.522,D,2016,05,04,2016-05-04,332.7,84,28.9,296.3,0,-0.41405794,1.8075054,280.87903,282.00806,284.3796,272.90704,274.05777,6.0,0.0,0.56343377,0.58489984,0.6032808,0.5797175
56.765,-115.8626,55.345,-112.522,D,2016,05,04,2016-05-04,314.6,74,11.6,296.1,0,-0.41405794,1.8075054,280.87903,282.00806,284.3796,272.90704,274.05777,6.0,0.0,0.56343377,0.58489984,0.6032808,0.5797175
56.7629,-115.8789,55.345,-112.522,D,2016,05,04,2016-05-04,311.2,70,9.2,295.6,0,-0.41405794,1.8075054,280.87903,282.00806,284.3796,272.90704,274.05777,6.0,0.0,0.56343377,0.58489984,0.6032808,0.5797175
56.7825,-115.8007,55.345,-112.522,D,2016,05,04,2016-05-04,322.6,35,16.6,297.4,0,-0.41405794,1.8075054,280.87903,282.00806,284.3796,272.90704,274.05777,6.0,0.0,0.56343377,0.58489984,0.6032808,0.5797175
56.5019,-117.8717,55.345,-112.522,D,2016,05,04,2016-05-04,313.1,72,7.4,297.2,0,-0.41405794,1.8075054,280.87903,282.00806,284.3796,272.90704,274.05777,6.0,0.0,0.56343377,0.58489984,0.6032808,0.5797175
56.513,-117.8602,55.345,-112.522,D,2016,05,04,2016-05-04,312.2,62,6.3,295.2,0,-0.41405794,1.8075054,280.87903,282.00806,284.3796,272.90704,274.05777,6.0,0.0,0.56343377,0.58489984,0.6032808,0.5797175
56.5106,-117.8761,55.345,-112.522,D,2016,05,04,2016-05-04,327.4,84,21.1,296.4,0,-0.41405794,1.8075054,280.87903,282.00806,284.3796,272.90704,274.05777,6.0,0.0,0.56343377,0.58489984,0.6032808,0.5797175
56.1027,-121.9232,55.345,-112.522,D,2016,05,04,2016-05-04,304.6,59,6.1,291.3,0,-0.41405794,1.8075054,280.87903,282.00806,284.3796,272.90704,274.05777,6.0,0.0,0.56343377,0.58489984,0.6032808,0.5797175
56.2631,-121.6271,55.345,-112.522,D,2016,05,04,2016-05-04,316.2,75,13.7,294.4,0,-0.41405794,1.8075054,280.87903,282.00806,284.3796,272.90704,274.05777,6.0,0.0,0.56343377,0.58489984,0.6032808,0.5797175
56.2599,-121.6441,55.345,-112.522,D,2016,05,04,2016-05-04,326.0,84,26.2,297.3,0,-0.41405794,1.8075054,280.87903,282.00806,284.3796,272.90704,274.05777,6.0,0.0,0.56343377,0.58489984,0.6032808,0.5797175
56.5069,-120.3101,55.345,-112.522,D,2016,05,04,2016-05-04,342.9,93,49.8,289.0,1,-0.41405794,1.8075054,280.87903,282.00806,284.3796,272.90704,274.05777,6.0,0.0,0.56343377,0.58489984,0.6032808,0.5797175
56.4897,-120.4103,55.345,-112.522,D,2016,05,04,2016-05-04,326.1,83,24.4,290.6,0,-0.41405794,1.8075054,280.87903,282.00806,284.3796,272.90704,274.05777,6.0,0.0,0.56343377,0.58489984,0.6032808,0.5797175
56.4869,-120.4269,55.345,-112.522,D,2016,05,04,2016-05-04,308.5,67,8.4,287.3,0,-0.41405794,1.8075054,280.87903,282.00806,284.3796,272.90704,274.05777,6.0,0.0,0.56343377,0.58489984,0.6032808,0.5797175
56.2755,-121.6148,55.345,-112.522,D,2016,05,04,2016-05-04,333.8,89,37.5,294.4,0,-0.41405794,1.8075054,280.87903,282.00806,284.3796,272.90704,274.05777,6.0,0.0,0.56343377,0.58489984,0.6032808,0.5797175
56.2723,-121.632,55.345,-112.522,D,2016,05,04,2016-05-04,327.7,85,28.7,294.2,0,-0.41405794,1.8075054,280.87903,282.00806,284.3796,272.90704,274.05777,6.0,0.0,0.56343377,0.58489984,0.6032808,0.5797175
56.2691,-121.6495,55.345,-112.522,D,2016,05,04,2016-05-04,319.1,79,18.0,291.4,0,-0.41405794,1.8075054,280.87903,282.00806,284.3796,272.90704,274.05777,6.0,0.0,0.56343377,0.58489984,0.6032808,0.5797175
56.5356,-120.1986,55.345,-112.522,D,2016,05,04,2016-05-04,325.7,71,23.2,289.0,0,-0.41405794,1.8075054,280.87903,282.00806,284.3796,272.90704,274.05777,6.0,0.0,0.56343377,0.58489984,0.6032808,0.5797175
56.5328,-120.2153,55.345,-112.522,D,2016,05,04,2016-05-04,360.6,100,91.9,295.3,1,-0.41405794,1.8075054,280.87903,282.00806,284.3796,272.90704,274.05777,6.0,0.0,0.56343377,0.58489984,0.6032808,0.5797175
56.53,-120.2319,55.345,-112.522,D,2016,05,04,2016-05-04,372.7,100,131.3,295.3,1,-0.41405794,1.8075054,280.87903,282.00806,284.3796,272.90704,274.05777,6.0,0.0,0.56343377,0.58489984,0.6032808,0.5797175
56.5272,-120.2485,55.345,-112.522,D,2016,05,04,2016-05-04,395.4,100,242.9,300.9,1,-0.41405794,1.8075054,280.87903,282.00806,284.3796,272.90704,274.05777,6.0,0.0,0.56343377,0.58489984,0.6032808,0.5797175
56.5072,-120.3653,55.345,-112.522,D,2016,05,04,2016-05-04,353.8,97,72.6,295.5,1,-0.41405794,1.8075054,280.87903,282.00806,284.3796,272.90704,274.05777,6.0,0.0,0.56343377,0.58489984,0.6032808,0.5797175
56.5044,-120.3821,55.345,-112.522,D,2016,05,04,2016-05-04,321.8,44,16.9,291.6,0,-0.41405794,1.8075054,280.87903,282.00806,284.3796,272.90704,274.05777,6.0,0.0,0.56343377,0.58489984,0.6032808,0.5797175
56.4986,-120.4154,55.345,-112.522,D,2016,05,04,2016-05-04,342.4,93,48.4,291.5,1,-0.41405794,1.8075054,280.87903,282.00806,284.3796,272.90704,274.05777,6.0,0.0,0.56343377,0.58489984,0.6032808,0.5797175
56.4958,-120.432,55.345,-112.522,D,2016,05,04,2016-05-04,330.1,87,30.2,288.3,0,-0.41405794,1.8075054,280.87903,282.00806,284.3796,272.90704,274.05777,6.0,0.0,0.56343377,0.58489984,0.6032808,0.5797175
56.5445,-120.2036,55.345,-112.522,D,2016,05,04,2016-05-04,347.6,90,57.5,288.3,1,-0.41405794,1.8075054,280.87903,282.00806,284.3796,272.90704,274.05777,6.0,0.0,0.56343377,0.58489984,0.6032808,0.5797175
56.5417,-120.2203,55.345,-112.522,D,2016,05,04,2016-05-04,354.5,98,72.9,291.8,1,-0.41405794,1.8075054,280.87903,282.00806,284.3796,272.90704,274.05777,6.0,0.0,0.56343377,0.58489984,0.6032808,0.5797175
56.5279,-120.3587,55.345,-112.522,D,2016,05,04,2016-05-04,335.7,64,30.5,294.3,0,-0.41405794,1.8075054,280.87903,282.00806,284.3796,272.90704,274.05777,6.0,0.0,0.56343377,0.58489984,0.6032808,0.5797175
56.5368,-120.3637,55.345,-112.522,D,2016,05,04,2016-05-04,356.4,98,77.9,298.4,1,-0.41405794,1.8075054,280.87903,282.00806,284.3796,272.90704,274.05777,6.0,0.0,0.56343377,0.58489984,0.6032808,0.5797175
56.5339,-120.3806,55.345,-112.522,D,2016,05,04,2016-05-04,346.2,82,51.3,295.6,0,-0.41405794,1.8075054,280.87903,282.00806,284.3796,272.90704,274.05777,6.0,0.0,0.56343377,0.58489984,0.6032808,0.5797175
56.5282,-120.4141,55.345,-112.522,D,2016,05,04,2016-05-04,318.6,26,12.8,291.3,0,-0.41405794,1.8075054,280.87903,282.00806,284.3796,272.90704,274.05777,6.0,0.0,0.56343377,0.58489984,0.6032808,0.5797175
56.5254,-120.4308,55.345,-112.522,D,2016,05,04,2016-05-04,325.0,63,20.7,292.0,0,-0.41405794,1.8075054,280.87903,282.00806,284.3796,272.90704,274.05777,6.0,0.0,0.56343377,0.58489984,0.6032808,0.5797175
56.5935,-120.0857,55.345,-112.522,D,2016,05,04,2016-05-04,336.4,70,38.1,293.2,0,-0.41405794,1.8075054,280.87903,282.00806,284.3796,272.90704,274.05777,6.0,0.0,0.56343377,0.58489984,0.6032808,0.5797175
56.5768,-120.1852,55.345,-112.522,D,2016,05,04,2016-05-04,331.7,75,28.5,289.6,0,-0.41405794,1.8075054,280.87903,282.00806,284.3796,272.90704,274.05777,6.0,0.0,0.56343377,0.58489984,0.6032808,0.5797175
56.5998,-120.096,55.345,-112.522,D,2016,05,04,2016-05-04,328.2,85,28.2,290.0,0,-0.41405794,1.8075054,280.87903,282.00806,284.3796,272.90704,274.05777,6.0,0.0,0.56343377,0.58489984,0.6032808,0.5797175
56.5941,-120.1292,55.345,-112.522,D,2016,05,04,2016-05-04,330.3,79,29.6,297.9,0,-0.41405794,1.8075054,280.87903,282.00806,284.3796,272.90704,274.05777,6.0,0.0,0.56343377,0.58489984,0.6032808,0.5797175
56.5885,-120.1624,55.345,-112.522,D,2016,05,04,2016-05-04,328.2,86,27.6,296.5,0,-0.41405794,1.8075054,280.87903,282.00806,284.3796,272.90704,274.05777,6.0,0.0,0.56343377,0.58489984,0.6032808,0.5797175
56.5857,-120.1789,55.345,-112.522,D,2016,05,04,2016-05-04,321.7,81,20.1,291.5,0,-0.41405794,1.8075054,280.87903,282.00806,284.3796,272.90704,274.05777,6.0,0.0,0.56343377,0.58489984,0.6032808,0.5797175
58.484,-114.5109,57.229,-113.938,N,2016,05,05,2016-05-05,302.0,46,22.5,283.4,0,5.486758,-1.4715205,286.54532,285.1469,281.44727,272.17596,273.0145,3.0,1.7763568e-15,0.30605412,0.3234163,0.3603282,0.34839773
58.4357,-117.2017,57.229,-113.938,N,2016,05,05,2016-05-05,414.6,100,1573.4,295.8,1,5.486758,-1.4715205,286.54532,285.1469,281.44727,272.17596,273.0145,3.0,1.7763568e-15,0.30605412,0.3234163,0.3603282,0.34839773
58.4604,-117.1736,57.229,-113.938,N,2016,05,05,2016-05-05,301.0,37,31.9,279.8,0,5.486758,-1.4715205,286.54532,285.1469,281.44727,272.17596,273.0145,3.0,1.7763568e-15,0.30605412,0.3234163,0.3603282,0.34839773
58.4483,-117.2152,57.229,-113.938,N,2016,05,05,2016-05-05,400.4,100,1145.5,286.2,1,5.486758,-1.4715205,286.54532,285.1469,281.44727,272.17596,273.0145,3.0,1.7763568e-15,0.30605412,0.3234163,0.3603282,0.34839773
58.4361,-117.2571,57.229,-113.938,N,2016,05,05,2016-05-05,320.5,100,94.0,278.3,1,5.486758,-1.4715205,286.54532,285.1469,281.44727,272.17596,273.0145,3.0,1.7763568e-15,0.30605412,0.3234163,0.3603282,0.34839773
58.4424,-117.2003,57.229,-113.938,N,2016,05,05,2016-05-05,472.7,100,2131.4,313.5,1,5.486758,-1.4715205,286.54532,285.1469,281.44727,272.17596,273.0145,3.0,1.7763568e-15,0.30605412,0.3234163,0.3603282,0.34839773
58.4403,-117.228,57.229,-113.938,N,2016,05,05,2016-05-05,430.4,100,990.2,294.6,1,5.486758,-1.4715205,286.54532,285.1469,281.44727,272.17596,273.0145,3.0,1.7763568e-15,0.30605412,0.3234163,0.3603282,0.34839773
58.4361,-117.2831,57.229,-113.938,N,2016,05,05,2016-05-05,303.8,56,18.9,274.1,0,5.486758,-1.4715205,286.54532,285.1469,281.44727,272.17596,273.0145,3.0,1.7763568e-15,0.30605412,0.3234163,0.3603282,0.34839773
58.4521,-117.2081,57.229,-113.938,N,2016,05,05,2016-05-05,326.8,100,56.1,280.7,1,5.486758,-1.4715205,286.54532,285.1469,281.44727,272.17596,273.0145,3.0,1.7763568e-15,0.30605412,0.3234163,0.3603282,0.34839773
58.4553,-117.1918,57.229,-113.938,N,2016,05,05,2016-05-05,302.1,38,9.5,274.7,0,5.486758,-1.4715205,286.54532,285.1469,281.44727,272.17596,273.0145,3.0,1.7763568e-15,0.30605412,0.3234163,0.3603282,0.34839773
58.4319,-117.2075,57.229,-113.938,N,2016,05,05,2016-05-05,322.6,100,28.5,274.8,1,5.486758,-1.4715205,286.54532,285.1469,281.44727,272.17596,273.0145,3.0,1.7763568e-15,0.30605412,0.3234163,0.3603282,0.34839773
58.4389,-117.1851,57.229,-113.938,N,2016,05,05,2016-05-05,329.1,100,36.3,286.7,1,5.486758,-1.4715205,286.54532,285.1469,281.44727,272.17596,273.0145,3.0,1.7763568e-15,0.30605412,0.3234163,0.3603282,0.34839773
58.4412,-117.2035,57.229,-113.938,N,2016,05,05,2016-05-05,454.9,100,893.1,320.2,1,5.486758,-1.4715205,286.54532,285.1469,281.44727,272.17596,273.0145,3.0,1.7763568e-15,0.30605412,0.3234163,0.3603282,0.34839773
58.4434,-117.222,57.229,-113.938,N,2016,05,05,2016-05-05,358.7,100,100.2,277.1,1,5.486758,-1.4715205,286.54532,285.1469,281.44727,272.17596,273.0145,3.0,1.7763568e-15,0.30605412,0.3234163,0.3603282,0.34839773
58.4461,-117.1957,57.229,-113.938,N,2016,05,05,2016-05-05,467.8,100,1112.0,315.4,1,5.486758,-1.4715205,286.54532,285.1469,281.44727,272.17596,273.0145,3.0,1.7763568e-15,0.30605412,0.3234163,0.3603282,0.34839773
58.4483,-117.2142,57.229,-113.938,N,2016,05,05,2016-05-05,409.8,100,366.6,288.6,1,5.486758,-1.4715205,286.54532,285.1469,281.44727,272.17596,273.0145,3.0,1.7763568e-15,0.30605412,0.3234163,0.3603282,0.34839773
58.423,-117.1782,57.229,-113.938,N,2016,05,05,2016-05-05,324.7,100,227.6,275.6,1,5.486758,-1.4715205,286.54532,285.1469,281.44727,272.17596,273.0145,3.0,1.7763568e-15,0.30605412,0.3234163,0.3603282,0.34839773
58.4621,-117.2157,57.229,-113.938,N,2016,05,05,2016-05-05,313.5,87,135.6,273.8,0,5.486758,-1.4715205,286.54532,285.1469,281.44727,272.17596,273.0145,3.0,1.7763568e-15,0.30605412,0.3234163,0.3603282,0.34839773
58.4404,-117.1546,57.229,-113.938,N,2016,05,05,2016-05-05,326.9,100,243.5,277.2,1,5.486758,-1.4715205,286.54532,285.1469,281.44727,272.17596,273.0145,3.0,1.7763568e-15,0.30605412,0.3234163,0.3603282,0.34839773
58.4478,-117.2342,57.229,-113.938,N,2016,05,05,2016-05-05,342.2,100,420.8,274.2,1,5.486758,-1.4715205,286.54532,285.1469,281.44727,272.17596,273.0145,3.0,1.7763568e-15,0.30605412,0.3234163,0.3603282,0.34839773
58.426,-117.173,57.229,-113.938,N,2016,05,05,2016-05-05,359.3,100,729.3,277.6,1,5.486758,-1.4715205,286.54532,285.1469,281.44727,272.17596,273.0145,3.0,1.7763568e-15,0.30605412,0.3234163,0.3603282,0.34839773
58.4588,-117.2211,57.229,-113.938,N,2016,05,05,2016-05-05,340.5,100,397.8,274.0,1,5.486758,-1.4715205,286.54532,285.1469,281.44727,272.17596,273.0145,3.0,1.7763568e-15,0.30605412,0.3234163,0.3603282,0.34839773
58.4373,-117.1597,57.229,-113.938,N,2016,05,05,2016-05-05,359.2,100,727.5,279.6,1,5.486758,-1.4715205,286.54532,285.1469,281.44727,272.17596,273.0145,3.0,1.7763568e-15,0.30605412,0.3234163,0.3603282,0.34839773
58.4446,-117.2396,57.229,-113.938,N,2016,05,05,2016-05-05,307.8,73,107.1,272.8,0,5.486758,-1.4715205,286.54532,285.1469,281.44727,272.17596,273.0145,3.0,1.7763568e-15,0.30605412,0.3234163,0.3603282,0.34839773
58.4364,-117.1942,55.951,-113.194,D,2016,05,05,2016-05-05,343.4,93,55.5,293.0,1,1.4953375,-2.4525328,282.88837,284.21393,285.40945,272.64688,273.99304,6.0,0.0,0.5363367,0.5656557,0.6012765,0.59824723
58.4397,-117.2123,55.951,-113.194,D,2016,05,05,2016-05-05,399.4,100,289.4,302.1,1,1.4953375,-2.4525328,282.88837,284.21393,285.40945,272.64688,273.99304,6.0,0.0,0.5363367,0.5656557,0.6012765,0.59824723
58.443,-117.2304,55.951,-113.194,D,2016,05,05,2016-05-05,306.8,61,7.4,285.7,0,1.4953375,-2.4525328,282.88837,284.21393,285.40945,272.64688,273.99304,6.0,0.0,0.5363367,0.5656557,0.6012765,0.59824723
58.4454,-117.1882,55.951,-113.194,D,2016,05,05,2016-05-05,340.3,92,48.5,293.3,1,1.4953375,-2.4525328,282.88837,284.21393,285.40945,272.64688,273.99304,6.0,0.0,0.5363367,0.5656557,0.6012765,0.59824723
58.4487,-117.2063,55.951,-113.194,D,2016,05,05,2016-05-05,355.9,98,86.0,297.1,1,1.4953375,-2.4525328,282.88837,284.21393,285.40945,272.64688,273.99304,6.0,0.0,0.5363367,0.5656557,0.6012765,0.59824723
58.4836,-114.5195,55.951,-113.194,D,2016,05,05,2016-05-05,320.1,80,24.6,289.8,0,1.4953375,-2.4525328,282.88837,284.21393,285.40945,272.64688,273.99304,6.0,0.0,0.5363367,0.5656557,0.6012765,0.59824723
56.5674,-121.3314,55.951,-113.194,D,2016,05,05,2016-05-05,341.9,81,43.3,291.8,0,1.4953375,-2.4525328,282.88837,284.21393,285.40945,272.64688,273.99304,6.0,0.0,0.5363367,0.5656557,0.6012765,0.59824723
56.5939,-120.211,55.951,-113.194,D,2016,05,05,2016-05-05,347.1,95,57.2,293.5,1,1.4953375,-2.4525328,282.88837,284.21393,285.40945,272.64688,273.99304,6.0,0.0,0.5363367,0.5656557,0.6012765,0.59824723
56.5776,-120.1139,55.951,-113.194,D,2016,05,05,2016-05-05,336.7,83,37.3,291.3,0,1.4953375,-2.4525328,282.88837,284.21393,285.40945,272.64688,273.99304,6.0,0.0,0.5363367,0.5656557,0.6012765,0.59824723
56.5263,-120.2003,55.951,-113.194,D,2016,05,05,2016-05-05,309.7,29,9.3,287.1,0,1.4953375,-2.4525328,282.88837,284.21393,285.40945,272.64688,273.99304,6.0,0.0,0.5363367,0.5656557,0.6012765,0.59824723
56.5125,-120.3485,55.951,-113.194,D,2016,05,05,2016-05-05,318.8,51,13.3,293.3,0,1.4953375,-2.4525328,282.88837,284.21393,285.40945,272.64688,273.99304,6.0,0.0,0.5363367,0.5656557,0.6012765,0.59824723
56.5098,-120.3324,55.951,-113.194,D,2016,05,05,2016-05-05,375.0,100,136.0,298.2,1,1.4953375,-2.4525328,282.88837,284.21393,285.40945,272.64688,273.99304,6.0,0.0,0.5363367,0.5656557,0.6012765,0.59824723
56.5072,-120.3163,55.951,-113.194,D,2016,05,05,2016-05-05,406.7,100,305.4,304.9,1,1.4953375,-2.4525328,282.88837,284.21393,285.40945,272.64688,273.99304,6.0,0.0,0.5363367,0.5656557,0.6012765,0.59824723
56.5045,-120.3001,55.951,-113.194,D,2016,05,05,2016-05-05,317.7,26,13.1,290.6,0,1.4953375,-2.4525328,282.88837,284.21393,285.40945,272.64688,273.99304,6.0,0.0,0.5363367,0.5656557,0.6012765,0.59824723
56.4937,-120.2355,55.951,-113.194,D,2016,05,05,2016-05-05,327.8,82,25.9,291.1,0,1.4953375,-2.4525328,282.88837,284.21393,285.40945,272.64688,273.99304,6.0,0.0,0.5363367,0.5656557,0.6012765,0.59824723
56.491,-120.2193,55.951,-113.194,D,2016,05,05,2016-05-05,352.6,97,71.2,291.1,1,1.4953375,-2.4525328,282.88837,284.21393,285.40945,272.64688,273.99304,6.0,0.0,0.5363367,0.5656557,0.6012765,0.59824723
56.4984,-120.321,55.951,-113.194,D,2016,05,05,2016-05-05,384.4,100,177.2,297.2,1,1.4953375,-2.4525328,282.88837,284.21393,285.40945,272.64688,273.99304,6.0,0.0,0.5363367,0.5656557,0.6012765,0.59824723
56.4957,-120.3049,55.951,-113.194,D,2016,05,05,2016-05-05,341.0,89,43.9,290.9,0,1.4953375,-2.4525328,282.88837,284.21393,285.40945,272.64688,273.99304,6.0,0.0,0.5363367,0.5656557,0.6012765,0.59824723
56.4876,-120.2564,55.951,-113.194,D,2016,05,05,2016-05-05,335.1,88,35.5,290.3,0,1.4953375,-2.4525328,282.88837,284.21393,285.40945,272.64688,273.99304,6.0,0.0,0.5363367,0.5656557,0.6012765,0.59824723
56.5836,-121.1344,55.951,-113.194,D,2016,05,05,2016-05-05,308.6,54,5.4,293.2,0,1.4953375,-2.4525328,282.88837,284.21393,285.40945,272.64688,273.99304,6.0,0.0,0.5363367,0.5656557,0.6012765,0.59824723
56.5811,-121.1185,55.951,-113.194,D,2016,05,05,2016-05-05,309.8,60,6.3,294.2,0,1.4953375,-2.4525328,282.88837,284.21393,285.40945,272.64688,273.99304,6.0,0.0,0.5363367,0.5656557,0.6012765,0.59824723
56.5523,-121.1161,55.951,-113.194,D,2016,05,05,2016-05-05,319.5,67,13.9,293.8,0,1.4953375,-2.4525328,282.88837,284.21393,285.40945,272.64688,273.99304,6.0,0.0,0.5363367,0.5656557,0.6012765,0.59824723
56.5687,-121.2794,55.951,-113.194,D,2016,05,05,2016-05-05,359.5,99,81.3,293.1,1,1.4953375,-2.4525328,282.88837,284.21393,285.40945,272.64688,273.99304,6.0,0.0,0.5363367,0.5656557,0.6012765,0.59824723
56.5662,-121.2636,55.951,-113.194,D,2016,05,05,2016-05-05,366.9,100,104.1,293.7,1,1.4953375,-2.4525328,282.88837,284.21393,285.40945,272.64688,273.99304,6.0,0.0,0.5363367,0.5656557,0.6012765,0.59824723
56.5436,-121.1206,55.951,-113.194,D,2016,05,05,2016-05-05,318.1,63,12.9,291.4,0,1.4953375,-2.4525328,282.88837,284.21393,285.40945,272.64688,273.99304,6.0,0.0,0.5363367,0.5656557,0.6012765,0.59824723
56.56,-121.2839,55.951,-113.194,D,2016,05,05,2016-05-05,341.4,62,40.3,293.2,0,1.4953375,-2.4525328,282.88837,284.21393,285.40945,272.64688,273.99304,6.0,0.0,0.5363367,0.5656557,0.6012765,0.59824723
56.5575,-121.2681,55.951,-113.194,D,2016,05,05,2016-05-05,342.8,93,44.7,293.9,1,1.4953375,-2.4525328,282.88837,284.21393,285.40945,272.64688,273.99304,6.0,0.0,0.5363367,0.5656557,0.6012765,0.59824723
56.5587,-121.3359,55.951,-113.194,D,2016,05,05,2016-05-05,341.8,86,42.6,292.2,0,1.4953375,-2.4525328,282.88837,284.21393,285.40945,272.64688,273.99304,6.0,0.0,0.5363367,0.5656557,0.6012765,0.59824723
56.2746,-121.6228,55.951,-113.194,D,2016,05,05,2016-05-05,347.6,95,55.2,294.8,1,1.4953375,-2.4525328,282.88837,284.21393,285.40945,272.64688,273.99304,6.0,0.0,0.5363367,0.5656557,0.6012765,0.59824723
56.2659,-121.6271,55.951,-113.194,D,2016,05,05,2016-05-05,381.5,100,158.5,298.3,1,1.4953375,-2.4525328,282.88837,284.21393,285.40945,272.64688,273.99304,6.0,0.0,0.5363367,0.5656557,0.6012765,0.59824723
56.2634,-121.6115,55.951,-113.194,D,2016,05,05,2016-05-05,317.3,72,12.1,291.1,0,1.4953375,-2.4525328,282.88837,284.21393,285.40945,272.64688,273.99304,6.0,0.0,0.5363367,0.5656557,0.6012765,0.59824723
56.4886,-120.2362,55.951,-113.194,D,2016,05,05,2016-05-05,300.2,21,26.6,284.8,0,1.4953375,-2.4525328,282.88837,284.21393,285.40945,272.64688,273.99304,6.0,0.0,0.5363367,0.5656557,0.6012765,0.59824723
56.5733,-120.0735,55.951,-113.194,D,2016,05,05,2016-05-05,307.4,59,49.2,285.3,0,1.4953375,-2.4525328,282.88837,284.21393,285.40945,272.64688,273.99304,6.0,0.0,0.5363367,0.5656557,0.6012765,0.59824723
56.5589,-120.121,55.951,-113.194,D,2016,05,05,2016-05-05,317.0,77,88.0,284.3,0,1.4953375,-2.4525328,282.88837,284.21393,285.40945,272.64688,273.99304,6.0,0.0,0.5363367,0.5656557,0.6012765,0.59824723
56.5012,-120.3111,55.951,-113.194,D,2016,05,05,2016-05-05,348.3,95,332.2,286.8,1,1.4953375,-2.4525328,282.88837,284.21393,285.40945,272.64688,273.99304,6.0,0.0,0.5363367,0.5656557,0.6012765,0.59824723
56.4868,-120.3585,55.951,-113.194,D,2016,05,05,2016-05-05,327.3,85,142.1,286.8,0,1.4953375,-2.4525328,282.88837,284.21393,285.40945,272.64688,273.99304,6.0,0.0,0.5363367,0.5656557,0.6012765,0.59824723
56.5147,-120.3251,55.951,-113.194,D,2016,05,05,2016-05-05,302.3,17,22.5,288.2,0,1.4953375,-2.4525328,282.88837,284.21393,285.40945,272.64688,273.99304,6.0,0.0,0.5363367,0.5656557,0.6012765,0.59824723
56.5001,-120.3732,55.951,-113.194,D,2016,05,05,2016-05-05,304.0,45,28.5,288.1,0,1.4953375,-2.4525328,282.88837,284.21393,285.40945,272.64688,273.99304,6.0,0.0,0.5363367,0.5656557,0.6012765,0.59824723
56.4971,-120.3109,55.951,-113.194,D,2016,05,05,2016-05-05,339.0,91,231.7,286.7,1,1.4953375,-2.4525328,282.88837,284.21393,285.40945,272.64688,273.99304,6.0,0.0,0.5363367,0.5656557,0.6012765,0.59824723
56.4825,-120.3581,55.951,-113.194,D,2016,05,05,2016-05-05,320.2,80,95.4,286.3,0,1.4953375,-2.4525328,282.88837,284.21393,285.40945,272.64688,273.99304,6.0,0.0,0.5363367,0.5656557,0.6012765,0.59824723
56.569,-120.1352,55.951,-113.194,D,2016,05,05,2016-05-05,313.5,33,61.4,286.9,0,1.4953375,-2.4525328,282.88837,284.21393,285.40945,272.64688,273.99304,6.0,0.0,0.5363367,0.5656557,0.6012765,0.59824723
56.5106,-120.325,55.951,-113.194,D,2016,05,05,2016-05-05,315.5,73,69.4,287.1,0,1.4953375,-2.4525328,282.88837,284.21393,285.40945,272.64688,273.99304,6.0,0.0,0.5363367,0.5656557,0.6012765,0.59824723
56.2633,-121.6134,55.951,-113.194,D,2016,05,05,2016-05-05,305.8,62,48.1,288.4,0,1.4953375,-2.4525328,282.88837,284.21393,285.40945,272.64688,273.99304,6.0,0.0,0.5363367,0.5656557,0.6012765,0.59824723
56.5374,-121.1357,55.951,-113.194,D,2016,05,05,2016-05-05,301.0,43,25.3,287.6,0,1.4953375,-2.4525328,282.88837,284.21393,285.40945,272.64688,273.99304,6.0,0.0,0.5363367,0.5656557,0.6012765,0.59824723
56.5612,-121.2954,55.951,-113.194,D,2016,05,05,2016-05-05,318.0,70,95.6,285.2,0,1.4953375,-2.4525328,282.88837,284.21393,285.40945,272.64688,273.99304,6.0,0.0,0.5363367,0.5656557,0.6012765,0.59824723
56.5707,-121.2448,55.951,-113.194,D,2016,05,05,2016-05-05,308.1,67,53.3,285.2,0,1.4953375,-2.4525328,282.88837,284.21393,285.40945,272.64688,273.99304,6.0,0.0,0.5363367,0.5656557,0.6012765,0.59824723
56.5545,-121.2959,55.951,-113.194,D,2016,05,05,2016-05-05,326.0,84,157.7,285.8,0,1.4953375,-2.4525328,282.88837,284.21393,285.40945,272.64688,273.99304,6.0,0.0,0.5363367,0.5656557,0.6012765,0.59824723
58.4397,-117.2005,55.951,-113.194,D,2016,05,05,2016-05-05,373.4,100,380.5,295.8,1,1.4953375,-2.4525328,282.88837,284.21393,285.40945,272.64688,273.99304,6.0,0.0,0.5363367,0.5656557,0.6012765,0.59824723
58.4313,-117.2334,55.951,-113.194,D,2016,05,05,2016-05-05,346.5,95,163.8,293.8,1,1.4953375,-2.4525328,282.88837,284.21393,285.40945,272.64688,273.99304,6.0,0.0,0.5363367,0.5656557,0.6012765,0.59824723
58.4394,-117.2035,55.951,-113.194,D,2016,05,05,2016-05-05,374.1,100,389.1,296.0,1,1.4953375,-2.4525328,282.88837,284.21393,285.40945,272.64688,273.99304,6.0,0.0,0.5363367,0.5656557,0.6012765,0.59824723
58.4308,-117.2362,55.951,-113.194,D,2016,05,05,2016-05-05,336.8,90,113.6,293.8,1,1.4953375,-2.4525328,282.88837,284.21393,285.40945,272.64688,273.99304,6.0,0.0,0.5363367,0.5656557,0.6012765,0.59824723
56.2602,-121.6332,55.951,-113.194,D,2016,05,05,2016-05-05,311.6,43,11.0,296.6,0,1.4953375,-2.4525328,282.88837,284.21393,285.40945,272.64688,273.99304,6.0,0.0,0.5363367,0.5656557,0.6012765,0.59824723
56.2726,-121.6139,55.951,-113.194,D,2016,05,05,2016-05-05,312.6,61,11.5,294.2,0,1.4953375,-2.4525328,282.88837,284.21393,285.40945,272.64688,273.99304,6.0,0.0,0.5363367,0.5656557,0.6012765,0.59824723
56.2705,-121.6367,55.951,-113.194,D,2016,05,05,2016-05-05,327.9,85,36.1,295.5,0,1.4953375,-2.4525328,282.88837,284.21393,285.40945,272.64688,273.99304,6.0,0.0,0.5363367,0.5656557,0.6012765,0.59824723
56.3426,-121.5455,55.951,-113.194,D,2016,05,05,2016-05-05,319.3,77,20.6,298.2,0,1.4953375,-2.4525328,282.88837,284.21393,285.40945,272.64688,273.99304,6.0,0.0,0.5363367,0.5656557,0.6012765,0.59824723
56.3472,-121.5523,55.951,-113.194,D,2016,05,05,2016-05-05,323.0,82,26.3,298.7,0,1.4953375,-2.4525328,282.88837,284.21393,285.40945,272.64688,273.99304,6.0,0.0,0.5363367,0.5656557,0.6012765,0.59824723
56.4835,-120.1933,55.951,-113.194,D,2016,05,05,2016-05-05,352.2,97,120.4,292.2,1,1.4953375,-2.4525328,282.88837,284.21393,285.40945,272.64688,273.99304,6.0,0.0,0.5363367,0.5656557,0.6012765,0.59824723
56.4815,-120.2185,55.951,-113.194,D,2016,05,05,2016-05-05,358.1,99,146.1,293.2,1,1.4953375,-2.4525328,282.88837,284.21393,285.40945,272.64688,273.99304,6.0,0.0,0.5363367,0.5656557,0.6012765,0.59824723
56.4964,-120.1711,55.951,-113.194,D,2016,05,05,2016-05-05,328.9,80,48.5,283.5,0,1.4953375,-2.4525328,282.88837,284.21393,285.40945,272.64688,273.99304,6.0,0.0,0.5363367,0.5656557,0.6012765,0.59824723
56.4944,-120.1962,55.951,-113.194,D,2016,05,05,2016-05-05,490.3,100,2645.7,316.9,1,1.4953375,-2.4525328,282.88837,284.21393,285.40945,272.64688,273.99304,6.0,0.0,0.5363367,0.5656557,0.6012765,0.59824723
56.4924,-120.2215,55.951,-113.194,D,2016,05,05,2016-05-05,438.5,100,1081.7,313.3,1,1.4953375,-2.4525328,282.88837,284.21393,285.40945,272.64688,273.99304,6.0,0.0,0.5363367,0.5656557,0.6012765,0.59824723
56.4904,-120.2467,55.951,-113.194,D,2016,05,05,2016-05-05,343.7,82,84.0,294.6,0,1.4953375,-2.4525328,282.88837,284.21393,285.40945,272.64688,273.99304,6.0,0.0,0.5363367,0.5656557,0.6012765,0.59824723
56.4884,-120.2717,55.951,-113.194,D,2016,05,05,2016-05-05,327.8,61,41.9,292.1,0,1.4953375,-2.4525328,282.88837,284.21393,285.40945,272.64688,273.99304,6.0,0.0,0.5363367,0.5656557,0.6012765,0.59824723
56.5054,-120.1992,55.951,-113.194,D,2016,05,05,2016-05-05,324.0,55,36.1,284.0,0,1.4953375,-2.4525328,282.88837,284.21393,285.40945,272.64688,273.99304,6.0,0.0,0.5363367,0.5656557,0.6012765,0.59824723
56.4974,-120.2995,55.951,-113.194,D,2016,05,05,2016-05-05,331.3,69,48.0,290.8,0,1.4953375,-2.4525328,282.88837,284.21393,285.40945,272.64688,273.99304,6.0,0.0,0.5363367,0.5656557,0.6012765,0.59824723
56.4954,-120.3243,55.951,-113.194,D,2016,05,05,2016-05-05,355.1,98,132.4,294.7,1,1.4953375,-2.4525328,282.88837,284.21393,285.40945,272.64688,273.99304,6.0,0.0,0.5363367,0.5656557,0.6012765,0.59824723
56.5063,-120.3271,55.951,-113.194,D,2016,05,05,2016-05-05,362.4,100,165.0,293.4,1,1.4953375,-2.4525328,282.88837,284.21393,285.40945,272.64688,273.99304,6.0,0.0,0.5363367,0.5656557,0.6012765,0.59824723
56.5043,-120.3517,55.951,-113.194,D,2016,05,05,2016-05-05,360.4,100,156.0,294.3,1,1.4953375,-2.4525328,282.88837,284.21393,285.40945,272.64688,273.99304,6.0,0.0,0.5363367,0.5656557,0.6012765,0.59824723
56.5242,-120.3819,55.951,-113.194,D,2016,05,05,2016-05-05,313.3,65,14.4,295.6,0,1.4953375,-2.4525328,282.88837,284.21393,285.40945,272.64688,273.99304,6.0,0.0,0.5363367,0.5656557,0.6012765,0.59824723
56.5637,-120.0346,55.951,-113.194,D,2016,05,05,2016-05-05,393.1,100,421.0,290.5,1,1.4953375,-2.4525328,282.88837,284.21393,285.40945,272.64688,273.99304,6.0,0.0,0.5363367,0.5656557,0.6012765,0.59824723
56.5617,-120.0602,55.951,-113.194,D,2016,05,05,2016-05-05,367.1,100,207.5,291.8,1,1.4953375,-2.4525328,282.88837,284.21393,285.40945,272.64688,273.99304,6.0,0.0,0.5363367,0.5656557,0.6012765,0.59824723
56.526,-120.3895,55.951,-113.194,D,2016,05,05,2016-05-05,310.3,39,10.7,295.2,0,1.4953375,-2.4525328,282.88837,284.21393,285.40945,272.64688,273.99304,6.0,0.0,0.5363367,0.5656557,0.6012765,0.59824723
56.5642,-120.0421,55.951,-113.194,D,2016,05,05,2016-05-05,403.1,100,534.4,292.7,1,1.4953375,-2.4525328,282.88837,284.21393,285.40945,272.64688,273.99304,6.0,0.0,0.5363367,0.5656557,0.6012765,0.59824723
56.5622,-120.0675,55.951,-113.194,D,2016,05,05,2016-05-05,327.3,69,46.7,290.0,0,1.4953375,-2.4525328,282.88837,284.21393,285.40945,272.64688,273.99304,6.0,0.0,0.5363367,0.5656557,0.6012765,0.59824723
56.5753,-120.0449,55.951,-113.194,D,2016,05,05,2016-05-05,304.8,28,12.9,284.0,0,1.4953375,-2.4525328,282.88837,284.21393,285.40945,272.64688,273.99304,6.0,0.0,0.5363367,0.5656557,0.6012765,0.59824723
56.5733,-120.0703,55.951,-113.194,D,2016,05,05,2016-05-05,340.1,92,81.3,292.5,1,1.4953375,-2.4525328,282.88837,284.21393,285.40945,272.64688,273.99304,6.0,0.0,0.5363367,0.5656557,0.6012765,0.59824723
56.5714,-120.0955,55.951,-113.194,D,2016,05,05,2016-05-05,341.3,92,83.8,292.4,1,1.4953375,-2.4525328,282.88837,284.21393,285.40945,272.64688,273.99304,6.0,0.0,0.5363367,0.5656557,0.6012765,0.59824723
56.5844,-120.0731,55.951,-113.194,D,2016,05,05,2016-05-05,367.2,100,204.4,288.3,1,1.4953375,-2.4525328,282.88837,284.21393,285.40945,272.64688,273.99304,6.0,0.0,0.5363367,0.5656557,0.6012765,0.59824723
56.5824,-120.0984,55.951,-113.194,D,2016,05,05,2016-05-05,367.5,100,203.8,295.6,1,1.4953375,-2.4525328,282.88837,284.21393,285.40945,272.64688,273.99304,6.0,0.0,0.5363367,0.5656557,0.6012765,0.59824723
56.5855,-120.2022,55.951,-113.194,D,2016,05,05,2016-05-05,345.2,94,91.8,291.6,1,1.4953375,-2.4525328,282.88837,284.21393,285.40945,272.64688,273.99304,6.0,0.0,0.5363367,0.5656557,0.6012765,0.59824723
56.5836,-120.2271,55.951,-113.194,D,2016,05,05,2016-05-05,328.5,86,42.8,294.4,0,1.4953375,-2.4525328,282.88837,284.21393,285.40945,272.64688,273.99304,6.0,0.0,0.5363367,0.5656557,0.6012765,0.59824723
56.5986,-120.1796,55.951,-113.194,D,2016,05,05,2016-05-05,369.7,100,213.5,292.8,1,1.4953375,-2.4525328,282.88837,284.21393,285.40945,272.64688,273.99304,6.0,0.0,0.5363367,0.5656557,0.6012765,0.59824723
56.5966,-120.2048,55.951,-113.194,D,2016,05,05,2016-05-05,442.6,100,1179.4,311.2,1,1.4953375,-2.4525328,282.88837,284.21393,285.40945,272.64688,273.99304,6.0,0.0,0.5363367,0.5656557,0.6012765,0.59824723
56.5946,-120.2299,55.951,-113.194,D,2016,05,05,2016-05-05,375.9,100,254.9,298.5,1,1.4953375,-2.4525328,282.88837,284.21393,285.40945,272.64688,273.99304,6.0,0.0,0.5363367,0.5656557,0.6012765,0.59824723
56.5926,-120.2549,55.951,-113.194,D,2016,05,05,2016-05-05,328.5,86,45.0,294.1,0,1.4953375,-2.4525328,282.88837,284.21393,285.40945,272.64688,273.99304,6.0,0.0,0.5363367,0.5656557,0.6012765,0.59824723
56.6076,-120.2076,55.951,-113.194,D,2016,05,05,2016-05-05,392.8,100,401.8,294.9,1,1.4953375,-2.4525328,282.88837,284.21393,285.40945,272.64688,273.99304,6.0,0.0,0.5363367,0.5656557,0.6012765,0.59824723
56.6056,-120.2327,55.951,-113.194,D,2016,05,05,2016-05-05,340.4,92,79.4,292.1,1,1.4953375,-2.4525328,282.88837,284.21393,285.40945,272.64688,273.99304,6.0,0.0,0.5363367,0.5656557,0.6012765,0.59824723
56.5369,-121.1765,55.951,-113.194,D,2016,05,05,2016-05-05,319.8,75,24.2,293.9,0,1.4953375,-2.4525328,282.88837,284.21393,285.40945,272.64688,273.99304,6.0,0.0,0.5363367,0.5656557,0.6012765,0.59824723
56.5539,-121.2287,55.951,-113.194,D,2016,05,05,2016-05-05,348.5,95,90.0,288.5,1,1.4953375,-2.4525328,282.88837,284.21393,285.40945,272.64688,273.99304,6.0,0.0,0.5363367,0.5656557,0.6012765,0.59824723
56.5518,-121.2519,55.951,-113.194,D,2016,05,05,2016-05-05,424.9,100,722.4,308.2,1,1.4953375,-2.4525328,282.88837,284.21393,285.40945,272.64688,273.99304,6.0,0.0,0.5363367,0.5656557,0.6012765,0.59824723
56.5497,-121.2747,55.951,-113.194,D,2016,05,05,2016-05-05,353.4,97,109.1,298.5,1,1.4953375,-2.4525328,282.88837,284.21393,285.40945,272.64688,273.99304,6.0,0.0,0.5363367,0.5656557,0.6012765,0.59824723
56.5476,-121.2976,55.951,-113.194,D,2016,05,05,2016-05-05,327.4,85,34.7,293.0,0,1.4953375,-2.4525328,282.88837,284.21393,285.40945,272.64688,273.99304,6.0,0.0,0.5363367,0.5656557,0.6012765,0.59824723
56.5456,-121.3203,55.951,-113.194,D,2016,05,05,2016-05-05,370.2,100,186.2,296.7,1,1.4953375,-2.4525328,282.88837,284.21393,285.40945,272.64688,273.99304,6.0,0.0,0.5363367,0.5656557,0.6012765,0.59824723
56.5435,-121.343,55.951,-113.194,D,2016,05,05,2016-05-05,335.6,90,54.8,294.2,1,1.4953375,-2.4525328,282.88837,284.21393,285.40945,272.64688,273.99304,6.0,0.0,0.5363367,0.5656557,0.6012765,0.59824723
56.5446,-121.2553,55.951,-113.194,D,2016,05,05,2016-05-05,331.3,83,41.7,292.7,0,1.4953375,-2.4525328,282.88837,284.21393,285.40945,272.64688,273.99304,6.0,0.0,0.5363367,0.5656557,0.6012765,0.59824723
56.5407,-121.3011,55.951,-113.194,D,2016,05,05,2016-05-05,319.5,71,20.6,292.9,0,1.4953375,-2.4525328,282.88837,284.21393,285.40945,272.64688,273.99304,6.0,0.0,0.5363367,0.5656557,0.6012765,0.59824723
56.5387,-121.324,55.951,-113.194,D,2016,05,05,2016-05-05,327.7,85,36.2,292.9,0,1.4953375,-2.4525328,282.88837,284.21393,285.40945,272.64688,273.99304,6.0,0.0,0.5363367,0.5656557,0.6012765,0.59824723
56.5571,-121.2353,55.951,-113.194,D,2016,05,05,2016-05-05,425.6,100,734.9,293.6,1,1.4953375,-2.4525328,282.88837,284.21393,285.40945,272.64688,273.99304,6.0,0.0,0.5363367,0.5656557,0.6012765,0.59824723
56.5551,-121.2585,55.951,-113.194,D,2016,05,05,2016-05-05,489.4,100,2274.2,326.6,1,1.4953375,-2.4525328,282.88837,284.21393,285.40945,272.64688,273.99304,6.0,0.0,0.5363367,0.5656557,0.6012765,0.59824723
56.5532,-121.2812,55.951,-113.194,D,2016,05,05,2016-05-05,389.1,100,308.0,302.4,1,1.4953375,-2.4525328,282.88837,284.21393,285.40945,272.64688,273.99304,6.0,0.0,0.5363367,0.5656557,0.6012765,0.59824723
56.5512,-121.3041,55.951,-113.194,D,2016,05,05,2016-05-05,349.2,96,86.9,293.2,1,1.4953375,-2.4525328,282.88837,284.21393,285.40945,272.64688,273.99304,6.0,0.0,0.5363367,0.5656557,0.6012765,0.59824723
56.5492,-121.3267,55.951,-113.194,D,2016,05,05,2016-05-05,386.2,100,287.4,298.5,1,1.4953375,-2.4525328,282.88837,284.21393,285.40945,272.64688,273.99304,6.0,0.0,0.5363367,0.5656557,0.6012765,0.59824723
56.5472,-121.3497,55.951,-113.194,D,2016,05,05,2016-05-05,358.4,99,126.5,295.8,1,1.4953375,-2.4525328,282.88837,284.21393,285.40945,272.64688,273.99304,6.0,0.0,0.5363367,0.5656557,0.6012765,0.59824723
56.5676,-121.2385,55.951,-113.194,D,2016,05,05,2016-05-05,399.9,100,415.5,289.9,1,1.4953375,-2.4525328,282.88837,284.21393,285.40945,272.64688,273.99304,6.0,0.0,0.5363367,0.5656557,0.6012765,0.59824723
56.5656,-121.2616,55.951,-113.194,D,2016,05,05,2016-05-05,444.9,100,1068.4,315.7,1,1.4953375,-2.4525328,282.88837,284.21393,285.40945,272.64688,273.99304,6.0,0.0,0.5363367,0.5656557,0.6012765,0.59824723
56.5637,-121.2842,55.951,-113.194,D,2016,05,05,2016-05-05,379.9,100,241.7,299.7,1,1.4953375,-2.4525328,282.88837,284.21393,285.40945,272.64688,273.99304,6.0,0.0,0.5363367,0.5656557,0.6012765,0.59824723
56.5617,-121.3068,55.951,-113.194,D,2016,05,05,2016-05-05,408.8,100,501.7,299.9,1,1.4953375,-2.4525328,282.88837,284.21393,285.40945,272.64688,273.99304,6.0,0.0,0.5363367,0.5656557,0.6012765,0.59824723
56.5597,-121.3294,55.951,-113.194,D,2016,05,05,2016-05-05,406.9,100,482.2,305.7,1,1.4953375,-2.4525328,282.88837,284.21393,285.40945,272.64688,273.99304,6.0,0.0,0.5363367,0.5656557,0.6012765,0.59824723
56.5722,-121.3097,55.951,-113.194,D,2016,05,05,2016-05-05,318.0,49,20.8,292.2,0,1.4953375,-2.4525328,282.88837,284.21393,285.40945,272.64688,273.99304,6.0,0.0,0.5363367,0.5656557,0.6012765,0.59824723
56.5702,-121.3323,55.951,-113.194,D,2016,05,05,2016-05-05,313.8,36,16.0,294.7,0,1.4953375,-2.4525328,282.88837,284.21393,285.40945,272.64688,273.99304,6.0,0.0,0.5363367,0.5656557,0.6012765,0.59824723
58.4353,-117.2055,56.755,-116.094,N,2016,05,06,2016-05-06,315.6,92,23.0,278.6,1,3.0430624,2.4245605,292.31903,286.5282,279.8928,272.8201,273.35413,3.0,0.0,0.31060004,0.33710212,0.37797517,0.33932018
58.4481,-117.1928,56.755,-116.094,N,2016,05,06,2016-05-06,336.1,100,52.4,279.5,1,3.0430624,2.4245605,292.31903,286.5282,279.8928,272.8201,273.35413,3.0,0.0,0.31060004,0.33710212,0.37797517,0.33932018
58.4445,-117.2119,56.755,-116.094,N,2016,05,06,2016-05-06,359.1,100,112.0,280.5,1,3.0430624,2.4245605,292.31903,286.5282,279.8928,272.8201,273.35413,3.0,0.0,0.31060004,0.33710212,0.37797517,0.33932018
58.4497,-117.1992,56.755,-116.094,N,2016,05,06,2016-05-06,340.5,100,62.1,279.3,1,3.0430624,2.4245605,292.31903,286.5282,279.8928,272.8201,273.35413,3.0,0.0,0.31060004,0.33710212,0.37797517,0.33932018
58.4461,-117.2182,56.755,-116.094,N,2016,05,06,2016-05-06,319.9,99,28.4,277.0,1,3.0430624,2.4245605,292.31903,286.5282,279.8928,272.8201,273.35413,3.0,0.0,0.31060004,0.33710212,0.37797517,0.33932018
58.4394,-117.2299,56.755,-116.094,N,2016,05,06,2016-05-06,300.1,18,77.1,274.5,0,3.0430624,2.4245605,292.31903,286.5282,279.8928,272.8201,273.35413,3.0,0.0,0.31060004,0.33710212,0.37797517,0.33932018
58.4395,-117.2223,56.755,-116.094,N,2016,05,06,2016-05-06,303.5,55,92.1,274.7,0,3.0430624,2.4245605,292.31903,286.5282,279.8928,272.8201,273.35413,3.0,0.0,0.31060004,0.33710212,0.37797517,0.33932018
58.4433,-117.1875,56.755,-116.094,N,2016,05,06,2016-05-06,309.3,77,95.4,273.5,0,3.0430624,2.4245605,292.31903,286.5282,279.8928,272.8201,273.35413,3.0,0.0,0.31060004,0.33710212,0.37797517,0.33932018
58.451,-117.1909,56.755,-116.094,N,2016,05,06,2016-05-06,310.2,79,99.2,273.6,0,3.0430624,2.4245605,292.31903,286.5282,279.8928,272.8201,273.35413,3.0,0.0,0.31060004,0.33710212,0.37797517,0.33932018
58.4414,-117.1912,56.755,-116.094,N,2016,05,06,2016-05-06,313.8,27,25.7,271.6,0,3.0430624,2.4245605,292.31903,286.5282,279.8928,272.8201,273.35413,3.0,0.0,0.31060004,0.33710212,0.37797517,0.33932018
58.446,-117.2131,56.755,-116.094,N,2016,05,06,2016-05-06,310.5,16,21.6,269.6,0,3.0430624,2.4245605,292.31903,286.5282,279.8928,272.8201,273.35413,3.0,0.0,0.31060004,0.33710212,0.37797517,0.33932018
58.4512,-117.1837,56.755,-116.094,N,2016,05,06,2016-05-06,307.4,51,19.3,270.7,0,3.0430624,2.4245605,292.31903,286.5282,279.8928,272.8201,273.35413,3.0,0.0,0.31060004,0.33710212,0.37797517,0.33932018
58.4472,-117.182,56.755,-116.094,N,2016,05,06,2016-05-06,309.2,77,22.0,271.5,0,3.0430624,2.4245605,292.31903,286.5282,279.8928,272.8201,273.35413,3.0,0.0,0.31060004,0.33710212,0.37797517,0.33932018
58.4518,-117.2039,56.755,-116.094,N,2016,05,06,2016-05-06,306.0,67,18.7,270.0,0,3.0430624,2.4245605,292.31903,286.5282,279.8928,272.8201,273.35413,3.0,0.0,0.31060004,0.33710212,0.37797517,0.33932018
58.4441,-117.175,56.325,-111.036,D,2016,05,06,2016-05-06,303.2,23,14.4,273.9,0,3.3818913,-0.8490801,278.1095,279.2312,282.9712,272.17096,273.60522,6.0,0.0,0.47192842,0.5014532,0.51680446,0.5207447
58.4462,-117.2052,56.325,-111.036,D,2016,05,06,2016-05-06,322.0,81,48.5,274.6,0,3.3818913,-0.8490801,278.1095,279.2312,282.9712,272.17096,273.60522,6.0,0.0,0.47192842,0.5014532,0.51680446,0.5207447
56.5691,-110.9802,56.325,-111.036,D,2016,05,06,2016-05-06,319.6,44,14.2,293.7,0,3.3818913,-0.8490801,278.1095,279.2312,282.9712,272.17096,273.60522,6.0,0.0,0.47192842,0.5014532,0.51680446,0.5207447
56.567,-110.9633,56.325,-111.036,D,2016,05,06,2016-05-06,344.4,88,48.3,294.4,0,3.3818913,-0.8490801,278.1095,279.2312,282.9712,272.17096,273.60522,6.0,0.0,0.47192842,0.5014532,0.51680446,0.5207447
56.634,-111.5847,56.325,-111.036,D,2016,05,06,2016-05-06,319.0,54,14.6,293.3,0,3.3818913,-0.8490801,278.1095,279.2312,282.9712,272.17096,273.60522,6.0,0.0,0.47192842,0.5014532,0.51680446,0.5207447
56.5579,-110.967,56.325,-111.036,D,2016,05,06,2016-05-06,333.4,36,26.5,294.5,0,3.3818913,-0.8490801,278.1095,279.2312,282.9712,272.17096,273.60522,6.0,0.0,0.47192842,0.5014532,0.51680446,0.5207447
56.5558,-110.9501,56.325,-111.036,D,2016,05,06,2016-05-06,332.2,67,26.8,293.8,0,3.3818913,-0.8490801,278.1095,279.2312,282.9712,272.17096,273.60522,6.0,0.0,0.47192842,0.5014532,0.51680446,0.5207447
56.625,-111.5578,56.325,-111.036,D,2016,05,06,2016-05-06,339.2,81,39.6,297.4,0,3.3818913,-0.8490801,278.1095,279.2312,282.9712,272.17096,273.60522,6.0,0.0,0.47192842,0.5014532,0.51680446,0.5207447
56.5499,-110.9585,56.325,-111.036,D,2016,05,06,2016-05-06,348.4,95,56.7,296.7,1,3.3818913,-0.8490801,278.1095,279.2312,282.9712,272.17096,273.60522,6.0,0.0,0.47192842,0.5014532,0.51680446,0.5207447
56.6158,-111.5614,56.325,-111.036,D,2016,05,06,2016-05-06,331.6,46,27.1,296.2,0,3.3818913,-0.8490801,278.1095,279.2312,282.9712,272.17096,273.60522,6.0,0.0,0.47192842,0.5014532,0.51680446,0.5207447
56.6044,-111.5476,56.325,-111.036,D,2016,05,06,2016-05-06,335.2,39,32.9,298.5,0,3.3818913,-0.8490801,278.1095,279.2312,282.9712,272.17096,273.60522,6.0,0.0,0.47192842,0.5014532,0.51680446,0.5207447
56.5952,-111.5512,56.325,-111.036,D,2016,05,06,2016-05-06,334.2,61,33.1,295.1,0,3.3818913,-0.8490801,278.1095,279.2312,282.9712,272.17096,273.60522,6.0,0.0,0.47192842,0.5014532,0.51680446,0.5207447
56.5931,-111.5338,56.325,-111.036,D,2016,05,06,2016-05-06,439.8,100,651.9,315.6,1,3.3818913,-0.8490801,278.1095,279.2312,282.9712,272.17096,273.60522,6.0,0.0,0.47192842,0.5014532,0.51680446,0.5207447
56.591,-111.5164,56.325,-111.036,D,2016,05,06,2016-05-06,434.7,94,591.4,303.8,1,3.3818913,-0.8490801,278.1095,279.2312,282.9712,272.17096,273.60522,6.0,0.0,0.47192842,0.5014532,0.51680446,0.5207447
56.5712,-111.4335,56.325,-111.036,D,2016,05,06,2016-05-06,385.4,100,193.7,298.9,1,3.3818913,-0.8490801,278.1095,279.2312,282.9712,272.17096,273.60522,6.0,0.0,0.47192842,0.5014532,0.51680446,0.5207447
56.5691,-111.4163,56.325,-111.036,D,2016,05,06,2016-05-06,361.8,94,98.6,289.9,1,3.3818913,-0.8490801,278.1095,279.2312,282.9712,272.17096,273.60522,6.0,0.0,0.47192842,0.5014532,0.51680446,0.5207447
56.5402,-111.3375,56.325,-111.036,D,2016,05,06,2016-05-06,344.8,86,51.2,295.4,0,3.3818913,-0.8490801,278.1095,279.2312,282.9712,272.17096,273.60522,6.0,0.0,0.47192842,0.5014532,0.51680446,0.5207447
56.538,-111.3203,56.325,-111.036,D,2016,05,06,2016-05-06,369.2,100,119.0,300.4,1,3.3818913,-0.8490801,278.1095,279.2312,282.9712,272.17096,273.60522,6.0,0.0,0.47192842,0.5014532,0.51680446,0.5207447
56.5359,-111.3032,56.325,-111.036,D,2016,05,06,2016-05-06,408.5,100,333.2,308.9,1,3.3818913,-0.8490801,278.1095,279.2312,282.9712,272.17096,273.60522,6.0,0.0,0.47192842,0.5014532,0.51680446,0.5207447
56.5338,-111.2861,56.325,-111.036,D,2016,05,06,2016-05-06,359.9,99,88.0,293.5,1,3.3818913,-0.8490801,278.1095,279.2312,282.9712,272.17096,273.60522,6.0,0.0,0.47192842,0.5014532,0.51680446,0.5207447
56.48,-110.9338,56.325,-111.036,D,2016,05,06,2016-05-06,326.7,84,24.2,291.1,0,3.3818913,-0.8490801,278.1095,279.2312,282.9712,272.17096,273.60522,6.0,0.0,0.47192842,0.5014532,0.51680446,0.5207447
56.4779,-110.917,56.325,-111.036,D,2016,05,06,2016-05-06,318.4,59,14.5,291.7,0,3.3818913,-0.8490801,278.1095,279.2312,282.9712,272.17096,273.60522,6.0,0.0,0.47192842,0.5014532,0.51680446,0.5207447
56.5155,-111.2933,56.325,-111.036,D,2016,05,06,2016-05-06,336.1,89,34.4,295.5,0,3.3818913,-0.8490801,278.1095,279.2312,282.9712,272.17096,273.60522,6.0,0.0,0.47192842,0.5014532,0.51680446,0.5207447
56.5134,-111.2762,56.325,-111.036,D,2016,05,06,2016-05-06,336.6,87,34.5,296.3,0,3.3818913,-0.8490801,278.1095,279.2312,282.9712,272.17096,273.60522,6.0,0.0,0.47192842,0.5014532,0.51680446,0.5207447
56.5092,-111.242,56.325,-111.036,D,2016,05,06,2016-05-06,317.1,22,9.6,294.5,0,3.3818913,-0.8490801,278.1095,279.2312,282.9712,272.17096,273.60522,6.0,0.0,0.47192842,0.5014532,0.51680446,0.5207447
56.4859,-111.0552,56.325,-111.036,D,2016,05,06,2016-05-06,313.3,67,9.0,291.9,0,3.3818913,-0.8490801,278.1095,279.2312,282.9712,272.17096,273.60522,6.0,0.0,0.47192842,0.5014532,0.51680446,0.5207447
56.5022,-111.2627,56.325,-111.036,D,2016,05,06,2016-05-06,347.1,91,53.5,298.2,1,3.3818913,-0.8490801,278.1095,279.2312,282.9712,272.17096,273.60522,6.0,0.0,0.47192842,0.5014532,0.51680446,0.5207447
56.5001,-111.2456,56.325,-111.036,D,2016,05,06,2016-05-06,349.6,96,59.3,301.1,1,3.3818913,-0.8490801,278.1095,279.2312,282.9712,272.17096,273.60522,6.0,0.0,0.47192842,0.5014532,0.51680446,0.5207447
56.4979,-111.2285,56.325,-111.036,D,2016,05,06,2016-05-06,394.0,100,231.4,308.5,1,3.3818913,-0.8490801,278.1095,279.2312,282.9712,272.17096,273.60522,6.0,0.0,0.47192842,0.5014532,0.51680446,0.5207447
56.4958,-111.2114,56.325,-111.036,D,2016,05,06,2016-05-06,349.2,96,58.0,297.4,1,3.3818913,-0.8490801,278.1095,279.2312,282.9712,272.17096,273.60522,6.0,0.0,0.47192842,0.5014532,0.51680446,0.5207447
56.497,-111.2715,56.325,-111.036,D,2016,05,06,2016-05-06,313.7,61,9.3,294.4,0,3.3818913,-0.8490801,278.1095,279.2312,282.9712,272.17096,273.60522,6.0,0.0,0.47192842,0.5014532,0.51680446,0.5207447
56.4948,-111.2545,56.325,-111.036,D,2016,05,06,2016-05-06,338.9,91,41.3,297.1,1,3.3818913,-0.8490801,278.1095,279.2312,282.9712,272.17096,273.60522,6.0,0.0,0.47192842,0.5014532,0.51680446,0.5207447
56.4927,-111.2374,56.325,-111.036,D,2016,05,06,2016-05-06,376.3,100,146.0,304.2,1,3.3818913,-0.8490801,278.1095,279.2312,282.9712,272.17096,273.60522,6.0,0.0,0.47192842,0.5014532,0.51680446,0.5207447
56.4905,-111.2203,56.325,-111.036,D,2016,05,06,2016-05-06,385.0,100,186.9,308.5,1,3.3818913,-0.8490801,278.1095,279.2312,282.9712,272.17096,273.60522,6.0,0.0,0.47192842,0.5014532,0.51680446,0.5207447
56.4814,-111.224,56.325,-111.036,D,2016,05,06,2016-05-06,363.0,100,99.0,297.3,1,3.3818913,-0.8490801,278.1095,279.2312,282.9712,272.17096,273.60522,6.0,0.0,0.47192842,0.5014532,0.51680446,0.5207447
56.4793,-111.2069,56.325,-111.036,D,2016,05,06,2016-05-06,371.2,75,126.5,295.4,0,3.3818913,-0.8490801,278.1095,279.2312,282.9712,272.17096,273.60522,6.0,0.0,0.47192842,0.5014532,0.51680446,0.5207447
56.4536,-111.0042,56.325,-111.036,D,2016,05,06,2016-05-06,359.7,94,81.6,294.1,1,3.3818913,-0.8490801,278.1095,279.2312,282.9712,272.17096,273.60522,6.0,0.0,0.47192842,0.5014532,0.51680446,0.5207447
56.4514,-110.9874,56.325,-111.036,D,2016,05,06,2016-05-06,367.3,96,106.6,292.9,1,3.3818913,-0.8490801,278.1095,279.2312,282.9712,272.17096,273.60522,6.0,0.0,0.47192842,0.5014532,0.51680446,0.5207447
56.4424,-110.991,56.325,-111.036,D,2016,05,06,2016-05-06,384.1,100,175.9,294.8,1,3.3818913,-0.8490801,278.1095,279.2312,282.9712,272.17096,273.60522,6.0,0.0,0.47192842,0.5014532,0.51680446,0.5207447
56.4402,-110.9743,56.325,-111.036,D,2016,05,06,2016-05-06,342.5,43,42.6,291.9,0,3.3818913,-0.8490801,278.1095,279.2312,282.9712,272.17096,273.60522,6.0,0.0,0.47192842,0.5014532,0.51680446,0.5207447
56.4381,-110.9576,56.325,-111.036,D,2016,05,06,2016-05-06,358.8,98,83.6,294.5,1,3.3818913,-0.8490801,278.1095,279.2312,282.9712,272.17096,273.60522,6.0,0.0,0.47192842,0.5014532,0.51680446,0.5207447
56.4312,-110.9779,56.325,-111.036,D,2016,05,06,2016-05-06,380.1,100,155.1,297.2,1,3.3818913,-0.8490801,278.1095,279.2312,282.9712,272.17096,273.60522,6.0,0.0,0.47192842,0.5014532,0.51680446,0.5207447
56.4269,-110.9445,56.325,-111.036,D,2016,05,06,2016-05-06,342.1,78,44.6,290.9,0,3.3818913,-0.8490801,278.1095,279.2312,282.9712,272.17096,273.60522,6.0,0.0,0.47192842,0.5014532,0.51680446,0.5207447
56.4248,-110.9278,56.325,-111.036,D,2016,05,06,2016-05-06,345.4,77,51.9,288.4,0,3.3818913,-0.8490801,278.1095,279.2312,282.9712,272.17096,273.60522,6.0,0.0,0.47192842,0.5014532,0.51680446,0.5207447
56.4157,-110.9314,56.325,-111.036,D,2016,05,06,2016-05-06,334.5,38,31.6,291.4,0,3.3818913,-0.8490801,278.1095,279.2312,282.9712,272.17096,273.60522,6.0,0.0,0.47192842,0.5014532,0.51680446,0.5207447
56.3992,-111.0263,56.325,-111.036,D,2016,05,06,2016-05-06,360.1,100,86.3,296.2,1,3.3818913,-0.8490801,278.1095,279.2312,282.9712,272.17096,273.60522,6.0,0.0,0.47192842,0.5014532,0.51680446,0.5207447
56.3971,-111.0095,56.325,-111.036,D,2016,05,06,2016-05-06,364.9,100,99.8,300.0,1,3.3818913,-0.8490801,278.1095,279.2312,282.9712,272.17096,273.60522,6.0,0.0,0.47192842,0.5014532,0.51680446,0.5207447
56.395,-110.9927,56.325,-111.036,D,2016,05,06,2016-05-06,417.3,100,391.3,311.9,1,3.3818913,-0.8490801,278.1095,279.2312,282.9712,272.17096,273.60522,6.0,0.0,0.47192842,0.5014532,0.51680446,0.5207447
56.3928,-110.9759,56.325,-111.036,D,2016,05,06,2016-05-06,405.3,100,298.6,301.8,1,3.3818913,-0.8490801,278.1095,279.2312,282.9712,272.17096,273.60522,6.0,0.0,0.47192842,0.5014532,0.51680446,0.5207447
56.3881,-111.0132,56.325,-111.036,D,2016,05,06,2016-05-06,380.6,100,161.1,301.9,1,3.3818913,-0.8490801,278.1095,279.2312,282.9712,272.17096,273.60522,6.0,0.0,0.47192842,0.5014532,0.51680446,0.5207447
56.3859,-110.9964,56.325,-111.036,D,2016,05,06,2016-05-06,500.0,100,1723.6,333.0,1,3.3818913,-0.8490801,278.1095,279.2312,282.9712,272.17096,273.60522,6.0,0.0,0.47192842,0.5014532,0.51680446,0.5207447
56.3838,-110.9796,56.325,-111.036,D,2016,05,06,2016-05-06,481.5,100,1297.4,317.8,1,3.3818913,-0.8490801,278.1095,279.2312,282.9712,272.17096,273.60522,6.0,0.0,0.47192842,0.5014532,0.51680446,0.5207447
56.5138,-120.1899,56.325,-111.036,D,2016,05,06,2016-05-06,326.2,36,59.3,275.2,0,3.3818913,-0.8490801,278.1095,279.2312,282.9712,272.17096,273.60522,6.0,0.0,0.47192842,0.5014532,0.51680446,0.5207447
56.5026,-120.2289,56.325,-111.036,D,2016,05,06,2016-05-06,345.9,93,161.9,282.0,1,3.3818913,-0.8490801,278.1095,279.2312,282.9712,272.17096,273.60522,6.0,0.0,0.47192842,0.5014532,0.51680446,0.5207447
56.5007,-120.1922,56.325,-111.036,D,2016,05,06,2016-05-06,356.3,98,230.8,280.4,1,3.3818913,-0.8490801,278.1095,279.2312,282.9712,272.17096,273.60522,6.0,0.0,0.47192842,0.5014532,0.51680446,0.5207447
56.4893,-119.9735,56.325,-111.036,D,2016,05,06,2016-05-06,382.6,94,496.0,276.6,1,3.3818913,-0.8490801,278.1095,279.2312,282.9712,272.17096,273.60522,6.0,0.0,0.47192842,0.5014532,0.51680446,0.5207447
56.4764,-119.976,56.325,-111.036,D,2016,05,06,2016-05-06,394.2,100,679.0,279.8,1,3.3818913,-0.8490801,278.1095,279.2312,282.9712,272.17096,273.60522,6.0,0.0,0.47192842,0.5014532,0.51680446,0.5207447
56.4745,-119.9406,56.325,-111.036,D,2016,05,06,2016-05-06,362.5,91,279.1,271.5,1,3.3818913,-0.8490801,278.1095,279.2312,282.9712,272.17096,273.60522,6.0,0.0,0.47192842,0.5014532,0.51680446,0.5207447
56.4635,-119.9784,56.325,-111.036,D,2016,05,06,2016-05-06,334.5,38,97.6,271.1,0,3.3818913,-0.8490801,278.1095,279.2312,282.9712,272.17096,273.60522,6.0,0.0,0.47192842,0.5014532,0.51680446,0.5207447
56.4654,-119.9838,56.325,-111.036,D,2016,05,06,2016-05-06,336.2,67,108.7,272.4,0,3.3818913,-0.8490801,278.1095,279.2312,282.9712,272.17096,273.60522,6.0,0.0,0.47192842,0.5014532,0.51680446,0.5207447
56.7482,-111.3691,56.325,-111.036,D,2016,05,06,2016-05-06,342.0,0,41.1,298.9,0,3.3818913,-0.8490801,278.1095,279.2312,282.9712,272.17096,273.60522,6.0,0.0,0.47192842,0.5014532,0.51680446,0.5207447
56.8005,-111.4339,56.325,-111.036,D,2016,05,06,2016-05-06,336.8,82,36.5,298.8,0,3.3818913,-0.8490801,278.1095,279.2312,282.9712,272.17096,273.60522,6.0,0.0,0.47192842,0.5014532,0.51680446,0.5207447
56.7984,-111.4166,56.325,-111.036,D,2016,05,06,2016-05-06,343.6,71,48.7,294.5,0,3.3818913,-0.8490801,278.1095,279.2312,282.9712,272.17096,273.60522,6.0,0.0,0.47192842,0.5014532,0.51680446,0.5207447
56.7957,-111.4415,56.325,-111.036,D,2016,05,06,2016-05-06,326.7,59,18.1,301.0,0,3.3818913,-0.8490801,278.1095,279.2312,282.9712,272.17096,273.60522,6.0,0.0,0.47192842,0.5014532,0.51680446,0.5207447
56.7936,-111.4243,56.325,-111.036,D,2016,05,06,2016-05-06,341.3,80,42.6,299.2,0,3.3818913,-0.8490801,278.1095,279.2312,282.9712,272.17096,273.60522,6.0,0.0,0.47192842,0.5014532,0.51680446,0.5207447
56.7892,-111.3891,56.325,-111.036,D,2016,05,06,2016-05-06,351.5,68,66.0,292.1,0,3.3818913,-0.8490801,278.1095,279.2312,282.9712,272.17096,273.60522,6.0,0.0,0.47192842,0.5014532,0.51680446,0.5207447
56.7907,-111.4798,56.325,-111.036,D,2016,05,06,2016-05-06,321.9,49,15.2,301.0,0,3.3818913,-0.8490801,278.1095,279.2312,282.9712,272.17096,273.60522,6.0,0.0,0.47192842,0.5014532,0.51680446,0.5207447
56.7779,-111.3754,56.325,-111.036,D,2016,05,06,2016-05-06,421.2,71,443.9,315.0,0,3.3818913,-0.8490801,278.1095,279.2312,282.9712,272.17096,273.60522,6.0,0.0,0.47192842,0.5014532,0.51680446,0.5207447
56.7757,-111.3579,56.325,-111.036,D,2016,05,06,2016-05-06,465.0,94,1024.4,326.5,1,3.3818913,-0.8490801,278.1095,279.2312,282.9712,272.17096,273.60522,6.0,0.0,0.47192842,0.5014532,0.51680446,0.5207447
56.7736,-111.3405,56.325,-111.036,D,2016,05,06,2016-05-06,432.8,94,563.8,304.9,1,3.3818913,-0.8490801,278.1095,279.2312,282.9712,272.17096,273.60522,6.0,0.0,0.47192842,0.5014532,0.51680446,0.5207447
56.7815,-111.4835,56.325,-111.036,D,2016,05,06,2016-05-06,329.5,83,23.9,301.9,0,3.3818913,-0.8490801,278.1095,279.2312,282.9712,272.17096,273.60522,6.0,0.0,0.47192842,0.5014532,0.51680446,0.5207447
56.7666,-111.3616,56.325,-111.036,D,2016,05,06,2016-05-06,424.0,87,470.2,317.7,0,3.3818913,-0.8490801,278.1095,279.2312,282.9712,272.17096,273.60522,6.0,0.0,0.47192842,0.5014532,0.51680446,0.5207447
56.7644,-111.3442,56.325,-111.036,D,2016,05,06,2016-05-06,500.0,94,1778.1,356.1,1,3.3818913,-0.8490801,278.1095,279.2312,282.9712,272.17096,273.60522,6.0,0.0,0.47192842,0.5014532,0.51680446,0.5207447
56.7623,-111.3268,56.325,-111.036,D,2016,05,06,2016-05-06,448.9,75,765.3,313.5,0,3.3818913,-0.8490801,278.1095,279.2312,282.9712,272.17096,273.60522,6.0,0.0,0.47192842,0.5014532,0.51680446,0.5207447
56.7106,-110.9153,56.325,-111.036,D,2016,05,06,2016-05-06,326.2,70,23.5,291.2,0,3.3818913,-0.8490801,278.1095,279.2312,282.9712,272.17096,273.60522,6.0,0.0,0.47192842,0.5014532,0.51680446,0.5207447
56.7531,-111.3305,56.325,-111.036,D,2016,05,06,2016-05-06,430.2,87,532.9,311.0,0,3.3818913,-0.8490801,278.1095,279.2312,282.9712,272.17096,273.60522,6.0,0.0,0.47192842,0.5014532,0.51680446,0.5207447
56.7252,-111.1065,56.325,-111.036,D,2016,05,06,2016-05-06,314.7,71,13.1,290.0,0,3.3818913,-0.8490801,278.1095,279.2312,282.9712,272.17096,273.60522,6.0,0.0,0.47192842,0.5014532,0.51680446,0.5207447
56.7418,-111.3168,56.325,-111.036,D,2016,05,06,2016-05-06,348.3,81,55.1,296.8,0,3.3818913,-0.8490801,278.1095,279.2312,282.9712,272.17096,273.60522,6.0,0.0,0.47192842,0.5014532,0.51680446,0.5207447
56.7397,-111.2995,56.325,-111.036,D,2016,05,06,2016-05-06,371.3,0,124.8,287.6,0,3.3818913,-0.8490801,278.1095,279.2312,282.9712,272.17096,273.60522,6.0,0.0,0.47192842,0.5014532,0.51680446,0.5207447
56.699,-110.9736,56.325,-111.036,D,2016,05,06,2016-05-06,317.9,63,14.9,290.8,0,3.3818913,-0.8490801,278.1095,279.2312,282.9712,272.17096,273.60522,6.0,0.0,0.47192842,0.5014532,0.51680446,0.5207447
56.6925,-110.9228,56.325,-111.036,D,2016,05,06,2016-05-06,329.5,65,24.5,290.6,0,3.3818913,-0.8490801,278.1095,279.2312,282.9712,272.17096,273.60522,6.0,0.0,0.47192842,0.5014532,0.51680446,0.5207447
56.6899,-110.9774,56.325,-111.036,D,2016,05,06,2016-05-06,343.5,88,49.4,293.5,0,3.3818913,-0.8490801,278.1095,279.2312,282.9712,272.17096,273.60522,6.0,0.0,0.47192842,0.5014532,0.51680446,0.5207447
56.6878,-110.9604,56.325,-111.036,D,2016,05,06,2016-05-06,340.6,92,43.2,290.2,1,3.3818913,-0.8490801,278.1095,279.2312,282.9712,272.17096,273.60522,6.0,0.0,0.47192842,0.5014532,0.51680446,0.5207447
56.7511,-111.5503,56.325,-111.036,D,2016,05,06,2016-05-06,333.5,88,33.6,295.5,0,3.3818913,-0.8490801,278.1095,279.2312,282.9712,272.17096,273.60522,6.0,0.0,0.47192842,0.5014532,0.51680446,0.5207447
56.7326,-111.5575,56.325,-111.036,D,2016,05,06,2016-05-06,331.6,85,29.4,296.5,0,3.3818913,-0.8490801,278.1095,279.2312,282.9712,272.17096,273.60522,6.0,0.0,0.47192842,0.5014532,0.51680446,0.5207447
56.7255,-111.5787,56.325,-111.036,D,2016,05,06,2016-05-06,323.5,75,20.0,294.9,0,3.3818913,-0.8490801,278.1095,279.2312,282.9712,272.17096,273.60522,6.0,0.0,0.47192842,0.5014532,0.51680446,0.5207447
56.7234,-111.5612,56.325,-111.036,D,2016,05,06,2016-05-06,360.5,100,94.2,298.8,1,3.3818913,-0.8490801,278.1095,279.2312,282.9712,272.17096,273.60522,6.0,0.0,0.47192842,0.5014532,0.51680446,0.5207447
56.7211,-111.5872,56.325,-111.036,D,2016,05,06,2016-05-06,327.8,85,26.8,293.8,0,3.3818913,-0.8490801,278.1095,279.2312,282.9712,272.17096,273.60522,6.0,0.0,0.47192842,0.5014532,0.51680446,0.5207447
56.719,-111.5697,56.325,-111.036,D,2016,05,06,2016-05-06,336.9,90,39.7,296.7,1,3.3818913,-0.8490801,278.1095,279.2312,282.9712,272.17096,273.60522,6.0,0.0,0.47192842,0.5014532,0.51680446,0.5207447
56.6373,-110.9168,56.325,-111.036,D,2016,05,06,2016-05-06,315.6,54,11.4,291.8,0,3.3818913,-0.8490801,278.1095,279.2312,282.9712,272.17096,273.60522,6.0,0.0,0.47192842,0.5014532,0.51680446,0.5207447
56.6396,-111.238,56.325,-111.036,D,2016,05,06,2016-05-06,318.2,57,8.7,298.8,0,3.3818913,-0.8490801,278.1095,279.2312,282.9712,272.17096,273.60522,6.0,0.0,0.47192842,0.5014532,0.51680446,0.5207447
56.6374,-111.2208,56.325,-111.036,D,2016,05,06,2016-05-06,335.5,84,32.3,299.0,0,3.3818913,-0.8490801,278.1095,279.2312,282.9712,272.17096,273.60522,6.0,0.0,0.47192842,0.5014532,0.51680446,0.5207447
56.675,-111.6053,56.325,-111.036,D,2016,05,06,2016-05-06,316.7,51,13.0,296.9,0,3.3818913,-0.8490801,278.1095,279.2312,282.9712,272.17096,273.60522,6.0,0.0,0.47192842,0.5014532,0.51680446,0.5207447
56.6679,-111.6264,56.325,-111.036,D,2016,05,06,2016-05-06,310.9,33,8.2,294.9,0,3.3818913,-0.8490801,278.1095,279.2312,282.9712,272.17096,273.60522,6.0,0.0,0.47192842,0.5014532,0.51680446,0.5207447
56.6524,-111.5776,56.325,-111.036,D,2016,05,06,2016-05-06,332.5,0,27.5,297.5,0,3.3818913,-0.8490801,278.1095,279.2312,282.9712,272.17096,273.60522,6.0,0.0,0.47192842,0.5014532,0.51680446,0.5207447
56.6432,-111.5811,56.325,-111.036,D,2016,05,06,2016-05-06,336.1,77,35.5,296.3,0,3.3818913,-0.8490801,278.1095,279.2312,282.9712,272.17096,273.60522,6.0,0.0,0.47192842,0.5014532,0.51680446,0.5207447
56.6411,-111.5637,56.325,-111.036,D,2016,05,06,2016-05-06,327.5,46,21.2,297.4,0,3.3818913,-0.8490801,278.1095,279.2312,282.9712,272.17096,273.60522,6.0,0.0,0.47192842,0.5014532,0.51680446,0.5207447
58.4476,-117.2282,56.325,-111.036,D,2016,05,06,2016-05-06,302.4,52,20.8,283.2,0,3.3818913,-0.8490801,278.1095,279.2312,282.9712,272.17096,273.60522,6.0,0.0,0.47192842,0.5014532,0.51680446,0.5207447
58.4366,-117.1895,56.325,-111.036,D,2016,05,06,2016-05-06,310.4,70,41.5,281.7,0,3.3818913,-0.8490801,278.1095,279.2312,282.9712,272.17096,273.60522,6.0,0.0,0.47192842,0.5014532,0.51680446,0.5207447
56.6342,-111.2132,56.325,-111.036,D,2016,05,06,2016-05-06,337.2,90,37.7,295.0,1,3.3818913,-0.8490801,278.1095,279.2312,282.9712,272.17096,273.60522,6.0,0.0,0.47192842,0.5014532,0.51680446,0.5207447
56.3599,-110.9418,56.325,-111.036,D,2016,05,06,2016-05-06,378.5,100,158.0,287.3,1,3.3818913,-0.8490801,278.1095,279.2312,282.9712,272.17096,273.60522,6.0,0.0,0.47192842,0.5014532,0.51680446,0.5207447
56.3579,-110.9593,56.325,-111.036,D,2016,05,06,2016-05-06,345.3,90,51.6,294.5,1,3.3818913,-0.8490801,278.1095,279.2312,282.9712,272.17096,273.60522,6.0,0.0,0.47192842,0.5014532,0.51680446,0.5207447
56.3712,-110.9279,56.325,-111.036,D,2016,05,06,2016-05-06,495.4,94,1700.4,308.7,1,3.3818913,-0.8490801,278.1095,279.2312,282.9712,272.17096,273.60522,6.0,0.0,0.47192842,0.5014532,0.51680446,0.5207447
56.3691,-110.9454,56.325,-111.036,D,2016,05,06,2016-05-06,504.2,100,1931.9,400.1,1,3.3818913,-0.8490801,278.1095,279.2312,282.9712,272.17096,273.60522,6.0,0.0,0.47192842,0.5014532,0.51680446,0.5207447
56.365,-110.9802,56.325,-111.036,D,2016,05,06,2016-05-06,452.9,100,837.8,321.2,1,3.3818913,-0.8490801,278.1095,279.2312,282.9712,272.17096,273.60522,6.0,0.0,0.47192842,0.5014532,0.51680446,0.5207447
56.363,-110.9976,56.325,-111.036,D,2016,05,06,2016-05-06,355.4,98,75.3,299.9,1,3.3818913,-0.8490801,278.1095,279.2312,282.9712,272.17096,273.60522,6.0,0.0,0.47192842,0.5014532,0.51680446,0.5207447
56.3804,-110.9316,56.325,-111.036,D,2016,05,06,2016-05-06,477.5,94,1283.0,318.6,1,3.3818913,-0.8490801,278.1095,279.2312,282.9712,272.17096,273.60522,6.0,0.0,0.47192842,0.5014532,0.51680446,0.5207447
56.3783,-110.949,56.325,-111.036,D,2016,05,06,2016-05-06,503.6,94,1909.4,400.1,1,3.3818913,-0.8490801,278.1095,279.2312,282.9712,272.17096,273.60522,6.0,0.0,0.47192842,0.5014532,0.51680446,0.5207447
56.3763,-110.9664,56.325,-111.036,D,2016,05,06,2016-05-06,456.3,94,889.3,340.4,1,3.3818913,-0.8490801,278.1095,279.2312,282.9712,272.17096,273.60522,6.0,0.0,0.47192842,0.5014532,0.51680446,0.5207447
56.3742,-110.9838,56.325,-111.036,D,2016,05,06,2016-05-06,441.7,100,679.5,331.1,1,3.3818913,-0.8490801,278.1095,279.2312,282.9712,272.17096,273.60522,6.0,0.0,0.47192842,0.5014532,0.51680446,0.5207447
56.3722,-111.0011,56.325,-111.036,D,2016,05,06,2016-05-06,427.3,100,513.9,324.2,1,3.3818913,-0.8490801,278.1095,279.2312,282.9712,272.17096,273.60522,6.0,0.0,0.47192842,0.5014532,0.51680446,0.5207447
56.3896,-110.9352,56.325,-111.036,D,2016,05,06,2016-05-06,471.2,94,1157.4,306.9,1,3.3818913,-0.8490801,278.1095,279.2312,282.9712,272.17096,273.60522,6.0,0.0,0.47192842,0.5014532,0.51680446,0.5207447
56.3855,-110.9701,56.325,-111.036,D,2016,05,06,2016-05-06,401.0,94,280.0,316.6,1,3.3818913,-0.8490801,278.1095,279.2312,282.9712,272.17096,273.60522,6.0,0.0,0.47192842,0.5014532,0.51680446,0.5207447
56.3834,-110.9874,56.325,-111.036,D,2016,05,06,2016-05-06,367.9,100,113.8,309.5,1,3.3818913,-0.8490801,278.1095,279.2312,282.9712,272.17096,273.60522,6.0,0.0,0.47192842,0.5014532,0.51680446,0.5207447
56.3814,-111.0047,56.325,-111.036,D,2016,05,06,2016-05-06,358.6,99,84.5,306.9,1,3.3818913,-0.8490801,278.1095,279.2312,282.9712,272.17096,273.60522,6.0,0.0,0.47192842,0.5014532,0.51680446,0.5207447
56.3968,-110.9562,56.325,-111.036,D,2016,05,06,2016-05-06,424.7,94,480.5,303.1,1,3.3818913,-0.8490801,278.1095,279.2312,282.9712,272.17096,273.60522,6.0,0.0,0.47192842,0.5014532,0.51680446,0.5207447
56.3947,-110.9736,56.325,-111.036,D,2016,05,06,2016-05-06,438.0,94,629.0,316.5,1,3.3818913,-0.8490801,278.1095,279.2312,282.9712,272.17096,273.60522,6.0,0.0,0.47192842,0.5014532,0.51680446,0.5207447
56.3927,-110.991,56.325,-111.036,D,2016,05,06,2016-05-06,361.1,100,89.9,303.2,1,3.3818913,-0.8490801,278.1095,279.2312,282.9712,272.17096,273.60522,6.0,0.0,0.47192842,0.5014532,0.51680446,0.5207447
56.3906,-111.0083,56.325,-111.036,D,2016,05,06,2016-05-06,344.9,81,48.5,301.9,0,3.3818913,-0.8490801,278.1095,279.2312,282.9712,272.17096,273.60522,6.0,0.0,0.47192842,0.5014532,0.51680446,0.5207447
56.4101,-110.9248,56.325,-111.036,D,2016,05,06,2016-05-06,421.2,94,451.9,303.8,1,3.3818913,-0.8490801,278.1095,279.2312,282.9712,272.17096,273.60522,6.0,0.0,0.47192842,0.5014532,0.51680446,0.5207447
56.4081,-110.9423,56.325,-111.036,D,2016,05,06,2016-05-06,386.1,94,192.0,299.5,1,3.3818913,-0.8490801,278.1095,279.2312,282.9712,272.17096,273.60522,6.0,0.0,0.47192842,0.5014532,0.51680446,0.5207447
56.3978,-111.0292,56.325,-111.036,D,2016,05,06,2016-05-06,339.9,73,40.4,298.8,0,3.3818913,-0.8490801,278.1095,279.2312,282.9712,272.17096,273.60522,6.0,0.0,0.47192842,0.5014532,0.51680446,0.5207447
56.4194,-110.9283,56.325,-111.036,D,2016,05,06,2016-05-06,384.5,94,186.6,302.8,1,3.3818913,-0.8490801,278.1095,279.2312,282.9712,272.17096,273.60522,6.0,0.0,0.47192842,0.5014532,0.51680446,0.5207447
56.4286,-110.9318,56.325,-111.036,D,2016,05,06,2016-05-06,363.7,75,100.4,294.9,0,3.3818913,-0.8490801,278.1095,279.2312,282.9712,272.17096,273.60522,6.0,0.0,0.47192842,0.5014532,0.51680446,0.5207447
56.4265,-110.9494,56.325,-111.036,D,2016,05,06,2016-05-06,387.5,87,200.2,303.9,0,3.3818913,-0.8490801,278.1095,279.2312,282.9712,272.17096,273.60522,6.0,0.0,0.47192842,0.5014532,0.51680446,0.5207447
56.4244,-110.9669,56.325,-111.036,D,2016,05,06,2016-05-06,369.9,87,118.8,301.9,0,3.3818913,-0.8490801,278.1095,279.2312,282.9712,272.17096,273.60522,6.0,0.0,0.47192842,0.5014532,0.51680446,0.5207447
56.4357,-110.9529,56.325,-111.036,D,2016,05,06,2016-05-06,380.7,94,166.6,297.8,1,3.3818913,-0.8490801,278.1095,279.2312,282.9712,272.17096,273.60522,6.0,0.0,0.47192842,0.5014532,0.51680446,0.5207447
56.4337,-110.9704,56.325,-111.036,D,2016,05,06,2016-05-06,405.0,100,311.5,304.7,1,3.3818913,-0.8490801,278.1095,279.2312,282.9712,272.17096,273.60522,6.0,0.0,0.47192842,0.5014532,0.51680446,0.5207447
56.4316,-110.9879,56.325,-111.036,D,2016,05,06,2016-05-06,367.5,100,106.5,300.5,1,3.3818913,-0.8490801,278.1095,279.2312,282.9712,272.17096,273.60522,6.0,0.0,0.47192842,0.5014532,0.51680446,0.5207447
56.4408,-110.9618,56.325,-111.036,D,2016,05,06,2016-05-06,334.9,49,34.3,292.6,0,3.3818913,-0.8490801,278.1095,279.2312,282.9712,272.17096,273.60522,6.0,0.0,0.47192842,0.5014532,0.51680446,0.5207447
56.4387,-110.9793,56.325,-111.036,D,2016,05,06,2016-05-06,353.8,95,71.7,296.7,1,3.3818913,-0.8490801,278.1095,279.2312,282.9712,272.17096,273.60522,6.0,0.0,0.47192842,0.5014532,0.51680446,0.5207447
56.4562,-110.9127,56.325,-111.036,D,2016,05,06,2016-05-06,367.2,100,115.6,297.3,1,3.3818913,-0.8490801,278.1095,279.2312,282.9712,272.17096,273.60522,6.0,0.0,0.47192842,0.5014532,0.51680446,0.5207447
56.448,-110.9829,56.325,-111.036,D,2016,05,06,2016-05-06,350.4,90,64.1,293.7,1,3.3818913,-0.8490801,278.1095,279.2312,282.9712,272.17096,273.60522,6.0,0.0,0.47192842,0.5014532,0.51680446,0.5207447
56.4459,-111.0003,56.325,-111.036,D,2016,05,06,2016-05-06,347.2,77,54.2,298.5,0,3.3818913,-0.8490801,278.1095,279.2312,282.9712,272.17096,273.60522,6.0,0.0,0.47192842,0.5014532,0.51680446,0.5207447
56.4654,-110.9163,56.325,-111.036,D,2016,05,06,2016-05-06,324.3,68,19.8,292.2,0,3.3818913,-0.8490801,278.1095,279.2312,282.9712,272.17096,273.60522,6.0,0.0,0.47192842,0.5014532,0.51680446,0.5207447
56.4787,-111.0495,56.325,-111.036,D,2016,05,06,2016-05-06,317.7,73,14.3,290.6,0,3.3818913,-0.8490801,278.1095,279.2312,282.9712,272.17096,273.60522,6.0,0.0,0.47192842,0.5014532,0.51680446,0.5207447
56.4784,-111.2126,56.325,-111.036,D,2016,05,06,2016-05-06,363.4,87,100.6,297.8,0,3.3818913,-0.8490801,278.1095,279.2312,282.9712,272.17096,273.60522,6.0,0.0,0.47192842,0.5014532,0.51680446,0.5207447
56.4855,-111.2334,56.325,-111.036,D,2016,05,06,2016-05-06,331.4,19,26.8,294.8,0,3.3818913,-0.8490801,278.1095,279.2312,282.9712,272.17096,273.60522,6.0,0.0,0.47192842,0.5014532,0.51680446,0.5207447
56.4926,-111.2542,56.325,-111.036,D,2016,05,06,2016-05-06,340.0,59,40.8,297.1,0,3.3818913,-0.8490801,278.1095,279.2312,282.9712,272.17096,273.60522,6.0,0.0,0.47192842,0.5014532,0.51680446,0.5207447
56.4991,-111.2442,56.325,-111.036,D,2016,05,06,2016-05-06,325.2,39,19.7,294.5,0,3.3818913,-0.8490801,278.1095,279.2312,282.9712,272.17096,273.60522,6.0,0.0,0.47192842,0.5014532,0.51680446,0.5207447
56.497,-111.2615,56.325,-111.036,D,2016,05,06,2016-05-06,341.0,91,44.5,298.5,1,3.3818913,-0.8490801,278.1095,279.2312,282.9712,272.17096,273.60522,6.0,0.0,0.47192842,0.5014532,0.51680446,0.5207447
56.5472,-110.9166,56.325,-111.036,D,2016,05,06,2016-05-06,318.9,48,12.9,291.6,0,3.3818913,-0.8490801,278.1095,279.2312,282.9712,272.17096,273.60522,6.0,0.0,0.47192842,0.5014532,0.51680446,0.5207447
56.5083,-111.2478,56.325,-111.036,D,2016,05,06,2016-05-06,319.0,48,13.4,293.2,0,3.3818913,-0.8490801,278.1095,279.2312,282.9712,272.17096,273.60522,6.0,0.0,0.47192842,0.5014532,0.51680446,0.5207447
56.5133,-111.2859,56.325,-111.036,D,2016,05,06,2016-05-06,332.4,28,27.8,296.0,0,3.3818913,-0.8490801,278.1095,279.2312,282.9712,272.17096,273.60522,6.0,0.0,0.47192842,0.5014532,0.51680446,0.5207447
56.5637,-110.9413,56.325,-111.036,D,2016,05,06,2016-05-06,325.7,58,20.5,290.5,0,3.3818913,-0.8490801,278.1095,279.2312,282.9712,272.17096,273.60522,6.0,0.0,0.47192842,0.5014532,0.51680446,0.5207447
56.5616,-110.9589,56.325,-111.036,D,2016,05,06,2016-05-06,343.9,93,50.8,296.8,1,3.3818913,-0.8490801,278.1095,279.2312,282.9712,272.17096,273.60522,6.0,0.0,0.47192842,0.5014532,0.51680446,0.5207447
56.5729,-110.9448,56.325,-111.036,D,2016,05,06,2016-05-06,340.5,92,46.2,289.7,1,3.3818913,-0.8490801,278.1095,279.2312,282.9712,272.17096,273.60522,6.0,0.0,0.47192842,0.5014532,0.51680446,0.5207447
56.5709,-110.9624,56.325,-111.036,D,2016,05,06,2016-05-06,412.1,100,376.4,299.0,1,3.3818913,-0.8490801,278.1095,279.2312,282.9712,272.17096,273.60522,6.0,0.0,0.47192842,0.5014532,0.51680446,0.5207447
56.5688,-110.98,56.325,-111.036,D,2016,05,06,2016-05-06,335.4,89,37.1,292.5,0,3.3818913,-0.8490801,278.1095,279.2312,282.9712,272.17096,273.60522,6.0,0.0,0.47192842,0.5014532,0.51680446,0.5207447
56.5316,-111.2931,56.325,-111.036,D,2016,05,06,2016-05-06,323.1,57,17.5,290.1,0,3.3818913,-0.8490801,278.1095,279.2312,282.9712,272.17096,273.60522,6.0,0.0,0.47192842,0.5014532,0.51680446,0.5207447
56.5295,-111.3103,56.325,-111.036,D,2016,05,06,2016-05-06,351.1,96,65.6,295.1,1,3.3818913,-0.8490801,278.1095,279.2312,282.9712,272.17096,273.60522,6.0,0.0,0.47192842,0.5014532,0.51680446,0.5207447
56.5275,-111.3275,56.325,-111.036,D,2016,05,06,2016-05-06,341.6,77,44.9,294.9,0,3.3818913,-0.8490801,278.1095,279.2312,282.9712,272.17096,273.60522,6.0,0.0,0.47192842,0.5014532,0.51680446,0.5207447
56.5366,-111.3311,56.325,-111.036,D,2016,05,06,2016-05-06,363.0,100,99.1,294.9,1,3.3818913,-0.8490801,278.1095,279.2312,282.9712,272.17096,273.60522,6.0,0.0,0.47192842,0.5014532,0.51680446,0.5207447
56.5528,-111.3556,56.325,-111.036,D,2016,05,06,2016-05-06,337.4,88,38.5,291.2,0,3.3818913,-0.8490801,278.1095,279.2312,282.9712,272.17096,273.60522,6.0,0.0,0.47192842,0.5014532,0.51680446,0.5207447
56.5974,-111.0643,56.325,-111.036,D,2016,05,06,2016-05-06,328.9,85,29.6,291.6,0,3.3818913,-0.8490801,278.1095,279.2312,282.9712,272.17096,273.60522,6.0,0.0,0.47192842,0.5014532,0.51680446,0.5207447
56.5954,-111.0818,56.325,-111.036,D,2016,05,06,2016-05-06,319.3,78,17.7,290.0,0,3.3818913,-0.8490801,278.1095,279.2312,282.9712,272.17096,273.60522,6.0,0.0,0.47192842,0.5014532,0.51680446,0.5207447
56.5649,-111.4144,56.325,-111.036,D,2016,05,06,2016-05-06,344.6,88,53.6,289.3,0,3.3818913,-0.8490801,278.1095,279.2312,282.9712,272.17096,273.60522,6.0,0.0,0.47192842,0.5014532,0.51680446,0.5207447
56.5628,-111.4315,56.325,-111.036,D,2016,05,06,2016-05-06,322.9,65,19.2,290.3,0,3.3818913,-0.8490801,278.1095,279.2312,282.9712,272.17096,273.60522,6.0,0.0,0.47192842,0.5014532,0.51680446,0.5207447
56.6302,-110.9183,56.325,-111.036,D,2016,05,06,2016-05-06,325.5,73,23.8,286.8,0,3.3818913,-0.8490801,278.1095,279.2312,282.9712,272.17096,273.60522,6.0,0.0,0.47192842,0.5014532,0.51680446,0.5207447
56.5881,-111.3582,56.325,-111.036,D,2016,05,06,2016-05-06,313.9,73,11.6,288.6,0,3.3818913,-0.8490801,278.1095,279.2312,282.9712,272.17096,273.60522,6.0,0.0,0.47192842,0.5014532,0.51680446,0.5207447
56.6261,-111.1188,56.325,-111.036,D,2016,05,06,2016-05-06,310.7,48,7.9,292.1,0,3.3818913,-0.8490801,278.1095,279.2312,282.9712,272.17096,273.60522,6.0,0.0,0.47192842,0.5014532,0.51680446,0.5207447
56.5806,-111.4993,56.325,-111.036,D,2016,05,06,2016-05-06,335.9,89,36.2,297.7,0,3.3818913,-0.8490801,278.1095,279.2312,282.9712,272.17096,273.60522,6.0,0.0,0.47192842,0.5014532,0.51680446,0.5207447
56.5939,-111.4687,56.325,-111.036,D,2016,05,06,2016-05-06,323.6,82,19.2,286.9,0,3.3818913,-0.8490801,278.1095,279.2312,282.9712,272.17096,273.60522,6.0,0.0,0.47192842,0.5014532,0.51680446,0.5207447
56.5918,-111.4858,56.325,-111.036,D,2016,05,06,2016-05-06,377.3,100,150.8,294.4,1,3.3818913,-0.8490801,278.1095,279.2312,282.9712,272.17096,273.60522,6.0,0.0,0.47192842,0.5014532,0.51680446,0.5207447
56.5897,-111.503,56.325,-111.036,D,2016,05,06,2016-05-06,380.1,100,162.8,301.6,1,3.3818913,-0.8490801,278.1095,279.2312,282.9712,272.17096,273.60522,6.0,0.0,0.47192842,0.5014532,0.51680446,0.5207447
56.5877,-111.5201,56.325,-111.036,D,2016,05,06,2016-05-06,373.3,100,133.7,303.3,1,3.3818913,-0.8490801,278.1095,279.2312,282.9712,272.17096,273.60522,6.0,0.0,0.47192842,0.5014532,0.51680446,0.5207447
56.5856,-111.5372,56.325,-111.036,D,2016,05,06,2016-05-06,408.7,100,335.8,307.3,1,3.3818913,-0.8490801,278.1095,279.2312,282.9712,272.17096,273.60522,6.0,0.0,0.47192842,0.5014532,0.51680446,0.5207447
56.5835,-111.5543,56.325,-111.036,D,2016,05,06,2016-05-06,319.3,78,15.1,295.2,0,3.3818913,-0.8490801,278.1095,279.2312,282.9712,272.17096,273.60522,6.0,0.0,0.47192842,0.5014532,0.51680446,0.5207447
56.5988,-111.5066,56.325,-111.036,D,2016,05,06,2016-05-06,359.5,99,84.3,297.5,1,3.3818913,-0.8490801,278.1095,279.2312,282.9712,272.17096,273.60522,6.0,0.0,0.47192842,0.5014532,0.51680446,0.5207447
56.5968,-111.5238,56.325,-111.036,D,2016,05,06,2016-05-06,396.9,100,249.2,309.5,1,3.3818913,-0.8490801,278.1095,279.2312,282.9712,272.17096,273.60522,6.0,0.0,0.47192842,0.5014532,0.51680446,0.5207447
56.5947,-111.5409,56.325,-111.036,D,2016,05,06,2016-05-06,384.9,100,183.8,305.4,1,3.3818913,-0.8490801,278.1095,279.2312,282.9712,272.17096,273.60522,6.0,0.0,0.47192842,0.5014532,0.51680446,0.5207447
56.5926,-111.5579,56.325,-111.036,D,2016,05,06,2016-05-06,354.1,97,72.6,298.7,1,3.3818913,-0.8490801,278.1095,279.2312,282.9712,272.17096,273.60522,6.0,0.0,0.47192842,0.5014532,0.51680446,0.5207447
56.6434,-111.2168,56.325,-111.036,D,2016,05,06,2016-05-06,312.1,55,6.9,294.3,0,3.3818913,-0.8490801,278.1095,279.2312,282.9712,272.17096,273.60522,6.0,0.0,0.47192842,0.5014532,0.51680446,0.5207447
56.6413,-111.2342,56.325,-111.036,D,2016,05,06,2016-05-06,322.3,76,16.2,295.3,0,3.3818913,-0.8490801,278.1095,279.2312,282.9712,272.17096,273.60522,6.0,0.0,0.47192842,0.5014532,0.51680446,0.5207447
56.608,-111.5103,56.325,-111.036,D,2016,05,06,2016-05-06,333.7,74,28.4,295.8,0,3.3818913,-0.8490801,278.1095,279.2312,282.9712,272.17096,273.60522,6.0,0.0,0.47192842,0.5014532,0.51680446,0.5207447
56.6059,-111.5274,56.325,-111.036,D,2016,05,06,2016-05-06,369.8,100,117.5,300.4,1,3.3818913,-0.8490801,278.1095,279.2312,282.9712,272.17096,273.60522,6.0,0.0,0.47192842,0.5014532,0.51680446,0.5207447
56.6038,-111.5445,56.325,-111.036,D,2016,05,06,2016-05-06,357.9,99,80.8,300.9,1,3.3818913,-0.8490801,278.1095,279.2312,282.9712,272.17096,273.60522,6.0,0.0,0.47192842,0.5014532,0.51680446,0.5207447
56.6017,-111.5616,56.325,-111.036,D,2016,05,06,2016-05-06,371.1,100,126.0,301.8,1,3.3818913,-0.8490801,278.1095,279.2312,282.9712,272.17096,273.60522,6.0,0.0,0.47192842,0.5014532,0.51680446,0.5207447
56.6816,-110.9752,56.325,-111.036,D,2016,05,06,2016-05-06,322.9,61,20.0,286.3,0,3.3818913,-0.8490801,278.1095,279.2312,282.9712,272.17096,273.60522,6.0,0.0,0.47192842,0.5014532,0.51680446,0.5207447
56.6463,-111.2725,56.325,-111.036,D,2016,05,06,2016-05-06,324.1,82,18.7,293.3,0,3.3818913,-0.8490801,278.1095,279.2312,282.9712,272.17096,273.60522,6.0,0.0,0.47192842,0.5014532,0.51680446,0.5207447
56.615,-111.5311,56.325,-111.036,D,2016,05,06,2016-05-06,315.1,74,7.6,297.4,0,3.3818913,-0.8490801,278.1095,279.2312,282.9712,272.17096,273.60522,6.0,0.0,0.47192842,0.5014532,0.51680446,0.5207447
56.6129,-111.5482,56.325,-111.036,D,2016,05,06,2016-05-06,350.3,96,62.4,301.4,1,3.3818913,-0.8490801,278.1095,279.2312,282.9712,272.17096,273.60522,6.0,0.0,0.47192842,0.5014532,0.51680446,0.5207447
56.6108,-111.5653,56.325,-111.036,D,2016,05,06,2016-05-06,376.4,100,147.3,302.3,1,3.3818913,-0.8490801,278.1095,279.2312,282.9712,272.17096,273.60522,6.0,0.0,0.47192842,0.5014532,0.51680446,0.5207447
56.6429,-111.3801,56.325,-111.036,D,2016,05,06,2016-05-06,316.4,75,10.7,298.5,0,3.3818913,-0.8490801,278.1095,279.2312,282.9712,272.17096,273.60522,6.0,0.0,0.47192842,0.5014532,0.51680446,0.5207447
56.622,-111.5518,56.325,-111.036,D,2016,05,06,2016-05-06,354.5,98,69.9,300.4,1,3.3818913,-0.8490801,278.1095,279.2312,282.9712,272.17096,273.60522,6.0,0.0,0.47192842,0.5014532,0.51680446,0.5207447
56.6199,-111.569,56.325,-111.036,D,2016,05,06,2016-05-06,363.7,100,98.1,299.5,1,3.3818913,-0.8490801,278.1095,279.2312,282.9712,272.17096,273.60522,6.0,0.0,0.47192842,0.5014532,0.51680446,0.5207447
56.6311,-111.5556,56.325,-111.036,D,2016,05,06,2016-05-06,333.8,65,26.9,298.8,0,3.3818913,-0.8490801,278.1095,279.2312,282.9712,272.17096,273.60522,6.0,0.0,0.47192842,0.5014532,0.51680446,0.5207447
56.629,-111.5727,56.325,-111.036,D,2016,05,06,2016-05-06,342.2,84,42.7,298.7,0,3.3818913,-0.8490801,278.1095,279.2312,282.9712,272.17096,273.60522,6.0,0.0,0.47192842,0.5014532,0.51680446,0.5207447
56.6381,-111.5763,56.325,-111.036,D,2016,05,06,2016-05-06,348.1,95,56.8,300.7,1,3.3818913,-0.8490801,278.1095,279.2312,282.9712,272.17096,273.60522,6.0,0.0,0.47192842,0.5014532,0.51680446,0.5207447
56.643,-111.5837,56.325,-111.036,D,2016,05,06,2016-05-06,319.3,63,14.7,299.3,0,3.3818913,-0.8490801,278.1095,279.2312,282.9712,272.17096,273.60522,6.0,0.0,0.47192842,0.5014532,0.51680446,0.5207447
56.6571,-111.6252,56.325,-111.036,D,2016,05,06,2016-05-06,342.0,0,44.1,300.2,0,3.3818913,-0.8490801,278.1095,279.2312,282.9712,272.17096,273.60522,6.0,0.0,0.47192842,0.5014532,0.51680446,0.5207447
56.6682,-111.6119,56.325,-111.036,D,2016,05,06,2016-05-06,344.9,71,52.8,299.2,0,3.3818913,-0.8490801,278.1095,279.2312,282.9712,272.17096,273.60522,6.0,0.0,0.47192842,0.5014532,0.51680446,0.5207447
56.6662,-111.629,56.325,-111.036,D,2016,05,06,2016-05-06,324.4,78,21.0,296.9,0,3.3818913,-0.8490801,278.1095,279.2312,282.9712,272.17096,273.60522,6.0,0.0,0.47192842,0.5014532,0.51680446,0.5207447
56.7303,-111.2567,56.325,-111.036,D,2016,05,06,2016-05-06,340.9,79,39.0,288.5,0,3.3818913,-0.8490801,278.1095,279.2312,282.9712,272.17096,273.60522,6.0,0.0,0.47192842,0.5014532,0.51680446,0.5207447
56.7178,-111.3605,56.325,-111.036,D,2016,05,06,2016-05-06,342.6,70,44.3,298.4,0,3.3818913,-0.8490801,278.1095,279.2312,282.9712,272.17096,273.60522,6.0,0.0,0.47192842,0.5014532,0.51680446,0.5207447
56.7394,-111.2604,56.325,-111.036,D,2016,05,06,2016-05-06,475.3,94,1222.7,317.0,1,3.3818913,-0.8490801,278.1095,279.2312,282.9712,272.17096,273.60522,6.0,0.0,0.47192842,0.5014532,0.51680446,0.5207447
56.7374,-111.2778,56.325,-111.036,D,2016,05,06,2016-05-06,461.4,100,963.6,327.1,1,3.3818913,-0.8490801,278.1095,279.2312,282.9712,272.17096,273.60522,6.0,0.0,0.47192842,0.5014532,0.51680446,0.5207447
56.7486,-111.264,56.325,-111.036,D,2016,05,06,2016-05-06,434.4,75,583.6,305.0,0,3.3818913,-0.8490801,278.1095,279.2312,282.9712,272.17096,273.60522,6.0,0.0,0.47192842,0.5014532,0.51680446,0.5207447
56.7465,-111.2814,56.325,-111.036,D,2016,05,06,2016-05-06,443.6,94,696.2,325.1,1,3.3818913,-0.8490801,278.1095,279.2312,282.9712,272.17096,273.60522,6.0,0.0,0.47192842,0.5014532,0.51680446,0.5207447
56.7445,-111.2988,56.325,-111.036,D,2016,05,06,2016-05-06,381.6,100,165.1,309.8,1,3.3818913,-0.8490801,278.1095,279.2312,282.9712,272.17096,273.60522,6.0,0.0,0.47192842,0.5014532,0.51680446,0.5207447
56.7424,-111.3162,56.325,-111.036,D,2016,05,06,2016-05-06,368.1,100,108.6,303.9,1,3.3818913,-0.8490801,278.1095,279.2312,282.9712,272.17096,273.60522,6.0,0.0,0.47192842,0.5014532,0.51680446,0.5207447
56.7403,-111.3335,56.325,-111.036,D,2016,05,06,2016-05-06,359.8,94,82.9,303.2,1,3.3818913,-0.8490801,278.1095,279.2312,282.9712,272.17096,273.60522,6.0,0.0,0.47192842,0.5014532,0.51680446,0.5207447
56.7557,-111.2851,56.325,-111.036,D,2016,05,06,2016-05-06,503.7,87,1891.4,337.2,0,3.3818913,-0.8490801,278.1095,279.2312,282.9712,272.17096,273.60522,6.0,0.0,0.47192842,0.5014532,0.51680446,0.5207447
56.7536,-111.3025,56.325,-111.036,D,2016,05,06,2016-05-06,456.6,94,880.5,400.1,1,3.3818913,-0.8490801,278.1095,279.2312,282.9712,272.17096,273.60522,6.0,0.0,0.47192842,0.5014532,0.51680446,0.5207447
56.7515,-111.3198,56.325,-111.036,D,2016,05,06,2016-05-06,364.6,92,98.6,313.4,1,3.3818913,-0.8490801,278.1095,279.2312,282.9712,272.17096,273.60522,6.0,0.0,0.47192842,0.5014532,0.51680446,0.5207447
56.7221,-111.5619,56.325,-111.036,D,2016,05,06,2016-05-06,343.9,93,48.5,300.1,1,3.3818913,-0.8490801,278.1095,279.2312,282.9712,272.17096,273.60522,6.0,0.0,0.47192842,0.5014532,0.51680446,0.5207447
56.72,-111.5791,56.325,-111.036,D,2016,05,06,2016-05-06,356.3,98,79.4,301.1,1,3.3818913,-0.8490801,278.1095,279.2312,282.9712,272.17096,273.60522,6.0,0.0,0.47192842,0.5014532,0.51680446,0.5207447
56.7179,-111.5963,56.325,-111.036,D,2016,05,06,2016-05-06,314.0,39,9.7,294.3,0,3.3818913,-0.8490801,278.1095,279.2312,282.9712,272.17096,273.60522,6.0,0.0,0.47192842,0.5014532,0.51680446,0.5207447
56.7649,-111.2887,56.325,-111.036,D,2016,05,06,2016-05-06,507.2,75,1992.4,342.6,0,3.3818913,-0.8490801,278.1095,279.2312,282.9712,272.17096,273.60522,6.0,0.0,0.47192842,0.5014532,0.51680446,0.5207447
56.7628,-111.3061,56.325,-111.036,D,2016,05,06,2016-05-06,485.3,100,1432.7,400.1,1,3.3818913,-0.8490801,278.1095,279.2312,282.9712,272.17096,273.60522,6.0,0.0,0.47192842,0.5014532,0.51680446,0.5207447
56.7607,-111.3235,56.325,-111.036,D,2016,05,06,2016-05-06,376.0,100,143.2,312.5,1,3.3818913,-0.8490801,278.1095,279.2312,282.9712,272.17096,273.60522,6.0,0.0,0.47192842,0.5014532,0.51680446,0.5207447
56.7586,-111.3409,56.325,-111.036,D,2016,05,06,2016-05-06,348.0,83,54.9,307.7,0,3.3818913,-0.8490801,278.1095,279.2312,282.9712,272.17096,273.60522,6.0,0.0,0.47192842,0.5014532,0.51680446,0.5207447
56.7313,-111.5656,56.325,-111.036,D,2016,05,06,2016-05-06,327.9,85,23.6,296.8,0,3.3818913,-0.8490801,278.1095,279.2312,282.9712,272.17096,273.60522,6.0,0.0,0.47192842,0.5014532,0.51680446,0.5207447
56.7291,-111.5828,56.325,-111.036,D,2016,05,06,2016-05-06,317.5,66,12.8,295.7,0,3.3818913,-0.8490801,278.1095,279.2312,282.9712,272.17096,273.60522,6.0,0.0,0.47192842,0.5014532,0.51680446,0.5207447
56.7703,-111.2978,56.325,-111.036,D,2016,05,06,2016-05-06,476.1,71,1243.7,400.1,0,3.3818913,-0.8490801,278.1095,279.2312,282.9712,272.17096,273.60522,6.0,0.0,0.47192842,0.5014532,0.51680446,0.5207447
56.7682,-111.3152,56.325,-111.036,D,2016,05,06,2016-05-06,412.1,82,366.3,327.2,0,3.3818913,-0.8490801,278.1095,279.2312,282.9712,272.17096,273.60522,6.0,0.0,0.47192842,0.5014532,0.51680446,0.5207447
56.7662,-111.3326,56.325,-111.036,D,2016,05,06,2016-05-06,370.3,87,122.6,314.4,0,3.3818913,-0.8490801,278.1095,279.2312,282.9712,272.17096,273.60522,6.0,0.0,0.47192842,0.5014532,0.51680446,0.5207447
56.7641,-111.3499,56.325,-111.036,D,2016,05,06,2016-05-06,362.6,94,97.8,313.6,1,3.3818913,-0.8490801,278.1095,279.2312,282.9712,272.17096,273.60522,6.0,0.0,0.47192842,0.5014532,0.51680446,0.5207447
56.7621,-111.3673,56.325,-111.036,D,2016,05,06,2016-05-06,327.5,74,21.7,308.5,0,3.3818913,-0.8490801,278.1095,279.2312,282.9712,272.17096,273.60522,6.0,0.0,0.47192842,0.5014532,0.51680446,0.5207447
56.7754,-111.3362,56.325,-111.036,D,2016,05,06,2016-05-06,426.5,100,497.2,320.5,1,3.3818913,-0.8490801,278.1095,279.2312,282.9712,272.17096,273.60522,6.0,0.0,0.47192842,0.5014532,0.51680446,0.5207447
56.7733,-111.3536,56.325,-111.036,D,2016,05,06,2016-05-06,388.7,100,208.5,315.4,1,3.3818913,-0.8490801,278.1095,279.2312,282.9712,272.17096,273.60522,6.0,0.0,0.47192842,0.5014532,0.51680446,0.5207447
56.7712,-111.371,56.325,-111.036,D,2016,05,06,2016-05-06,345.6,71,51.6,311.2,0,3.3818913,-0.8490801,278.1095,279.2312,282.9712,272.17096,273.60522,6.0,0.0,0.47192842,0.5014532,0.51680446,0.5207447
56.7505,-111.5442,56.325,-111.036,D,2016,05,06,2016-05-06,352.0,97,68.5,298.9,1,3.3818913,-0.8490801,278.1095,279.2312,282.9712,272.17096,273.60522,6.0,0.0,0.47192842,0.5014532,0.51680446,0.5207447
56.7484,-111.5614,56.325,-111.036,D,2016,05,06,2016-05-06,338.1,91,40.2,297.9,1,3.3818913,-0.8490801,278.1095,279.2312,282.9712,272.17096,273.60522,6.0,0.0,0.47192842,0.5014532,0.51680446,0.5207447
56.7887,-111.3051,56.325,-111.036,D,2016,05,06,2016-05-06,315.9,65,13.8,283.6,0,3.3818913,-0.8490801,278.1095,279.2312,282.9712,272.17096,273.60522,6.0,0.0,0.47192842,0.5014532,0.51680446,0.5207447
56.7866,-111.3225,56.325,-111.036,D,2016,05,06,2016-05-06,328.9,81,27.0,287.5,0,3.3818913,-0.8490801,278.1095,279.2312,282.9712,272.17096,273.60522,6.0,0.0,0.47192842,0.5014532,0.51680446,0.5207447
56.7845,-111.3399,56.325,-111.036,D,2016,05,06,2016-05-06,391.1,100,221.9,298.5,1,3.3818913,-0.8490801,278.1095,279.2312,282.9712,272.17096,273.60522,6.0,0.0,0.47192842,0.5014532,0.51680446,0.5207447
56.7825,-111.3573,56.325,-111.036,D,2016,05,06,2016-05-06,378.0,100,156.0,303.1,1,3.3818913,-0.8490801,278.1095,279.2312,282.9712,272.17096,273.60522,6.0,0.0,0.47192842,0.5014532,0.51680446,0.5207447
56.7804,-111.3746,56.325,-111.036,D,2016,05,06,2016-05-06,368.2,75,115.4,305.6,0,3.3818913,-0.8490801,278.1095,279.2312,282.9712,272.17096,273.60522,6.0,0.0,0.47192842,0.5014532,0.51680446,0.5207447
56.7895,-111.3783,56.325,-111.036,D,2016,05,06,2016-05-06,345.8,71,52.6,292.8,0,3.3818913,-0.8490801,278.1095,279.2312,282.9712,272.17096,273.60522,6.0,0.0,0.47192842,0.5014532,0.51680446,0.5207447
56.7862,-111.4861,56.325,-111.036,D,2016,05,06,2016-05-06,338.2,91,36.5,304.0,1,3.3818913,-0.8490801,278.1095,279.2312,282.9712,272.17096,273.60522,6.0,0.0,0.47192842,0.5014532,0.51680446,0.5207447
56.4986,-119.9013,56.325,-111.036,D,2016,05,06,2016-05-06,403.9,100,0.0,273.5,1,3.3818913,-0.8490801,278.1095,279.2312,282.9712,272.17096,273.60522,6.0,0.0,0.47192842,0.5014532,0.51680446,0.5207447
58.4407,-117.1898,56.325,-111.036,D,2016,05,06,2016-05-06,323.6,80,18.7,289.8,0,3.3818913,-0.8490801,278.1095,279.2312,282.9712,272.17096,273.60522,6.0,0.0,0.47192842,0.5014532,0.51680446,0.5207447
58.438,-117.2066,56.325,-111.036,D,2016,05,06,2016-05-06,338.0,91,39.2,292.8,1,3.3818913,-0.8490801,278.1095,279.2312,282.9712,272.17096,273.60522,6.0,0.0,0.47192842,0.5014532,0.51680446,0.5207447
58.4494,-117.195,56.325,-111.036,D,2016,05,06,2016-05-06,312.7,34,8.6,289.9,0,3.3818913,-0.8490801,278.1095,279.2312,282.9712,272.17096,273.60522,6.0,0.0,0.47192842,0.5014532,0.51680446,0.5207447
58.4467,-117.2118,56.325,-111.036,D,2016,05,06,2016-05-06,317.2,64,13.0,291.0,0,3.3818913,-0.8490801,278.1095,279.2312,282.9712,272.17096,273.60522,6.0,0.0,0.47192842,0.5014532,0.51680446,0.5207447
56.4598,-120.0089,56.325,-111.036,D,2016,05,06,2016-05-06,330.9,63,246.9,284.3,0,3.3818913,-0.8490801,278.1095,279.2312,282.9712,272.17096,273.60522,6.0,0.0,0.47192842,0.5014532,0.51680446,0.5207447
56.4741,-119.9358,56.325,-111.036,D,2016,05,06,2016-05-06,336.3,31,299.9,283.7,0,3.3818913,-0.8490801,278.1095,279.2312,282.9712,272.17096,273.60522,6.0,0.0,0.47192842,0.5014532,0.51680446,0.5207447
56.4921,-119.9357,56.325,-111.036,D,2016,05,06,2016-05-06,341.3,51,358.1,284.0,0,3.3818913,-0.8490801,278.1095,279.2312,282.9712,272.17096,273.60522,6.0,0.0,0.47192842,0.5014532,0.51680446,0.5207447
56.4927,-120.0138,56.325,-111.036,D,2016,05,06,2016-05-06,337.9,55,285.0,284.4,0,3.3818913,-0.8490801,278.1095,279.2312,282.9712,272.17096,273.60522,6.0,0.0,0.47192842,0.5014532,0.51680446,0.5207447
56.495,-120.4608,56.325,-111.036,D,2016,05,06,2016-05-06,324.5,70,176.0,284.6,0,3.3818913,-0.8490801,278.1095,279.2312,282.9712,272.17096,273.60522,6.0,0.0,0.47192842,0.5014532,0.51680446,0.5207447
56.5275,-119.8542,56.325,-111.036,D,2016,05,06,2016-05-06,335.9,62,316.8,277.8,0,3.3818913,-0.8490801,278.1095,279.2312,282.9712,272.17096,273.60522,6.0,0.0,0.47192842,0.5014532,0.51680446,0.5207447
56.5471,-120.1638,56.325,-111.036,D,2016,05,06,2016-05-06,328.7,58,184.3,285.7,0,3.3818913,-0.8490801,278.1095,279.2312,282.9712,272.17096,273.60522,6.0,0.0,0.47192842,0.5014532,0.51680446,0.5207447
56.4917,-119.9447,56.325,-111.036,D,2016,05,06,2016-05-06,340.5,49,340.9,284.2,0,3.3818913,-0.8490801,278.1095,279.2312,282.9712,272.17096,273.60522,6.0,0.0,0.47192842,0.5014532,0.51680446,0.5207447
56.4926,-120.0226,56.325,-111.036,D,2016,05,06,2016-05-06,339.3,57,289.4,284.6,0,3.3818913,-0.8490801,278.1095,279.2312,282.9712,272.17096,273.60522,6.0,0.0,0.47192842,0.5014532,0.51680446,0.5207447
56.496,-120.3959,56.325,-111.036,D,2016,05,06,2016-05-06,316.7,36,102.7,284.1,0,3.3818913,-0.8490801,278.1095,279.2312,282.9712,272.17096,273.60522,6.0,0.0,0.47192842,0.5014532,0.51680446,0.5207447
56.4965,-120.4694,56.325,-111.036,D,2016,05,06,2016-05-06,325.2,77,184.7,284.9,0,3.3818913,-0.8490801,278.1095,279.2312,282.9712,272.17096,273.60522,6.0,0.0,0.47192842,0.5014532,0.51680446,0.5207447
56.5269,-119.8636,56.325,-111.036,D,2016,05,06,2016-05-06,337.5,67,330.8,278.3,0,3.3818913,-0.8490801,278.1095,279.2312,282.9712,272.17096,273.60522,6.0,0.0,0.47192842,0.5014532,0.51680446,0.5207447
56.5476,-120.1727,56.325,-111.036,D,2016,05,06,2016-05-06,329.2,69,193.1,285.9,0,3.3818913,-0.8490801,278.1095,279.2312,282.9712,272.17096,273.60522,6.0,0.0,0.47192842,0.5014532,0.51680446,0.5207447
56.5637,-119.9445,56.325,-111.036,D,2016,05,06,2016-05-06,337.0,78,315.5,279.5,0,3.3818913,-0.8490801,278.1095,279.2312,282.9712,272.17096,273.60522,6.0,0.0,0.47192842,0.5014532,0.51680446,0.5207447
56.5817,-119.9443,56.325,-111.036,D,2016,05,06,2016-05-06,325.4,53,186.7,276.6,0,3.3818913,-0.8490801,278.1095,279.2312,282.9712,272.17096,273.60522,6.0,0.0,0.47192842,0.5014532,0.51680446,0.5207447
56.6006,-120.0968,56.325,-111.036,D,2016,05,06,2016-05-06,343.6,92,397.9,284.0,1,3.3818913,-0.8490801,278.1095,279.2312,282.9712,272.17096,273.60522,6.0,0.0,0.47192842,0.5014532,0.51680446,0.5207447
56.601,-120.1708,56.325,-111.036,D,2016,05,06,2016-05-06,393.9,100,1935.4,293.9,1,3.3818913,-0.8490801,278.1095,279.2312,282.9712,272.17096,273.60522,6.0,0.0,0.47192842,0.5014532,0.51680446,0.5207447
56.6014,-120.2447,56.325,-111.036,D,2016,05,06,2016-05-06,328.9,68,206.9,287.8,0,3.3818913,-0.8490801,278.1095,279.2312,282.9712,272.17096,273.60522,6.0,0.0,0.47192842,0.5014532,0.51680446,0.5207447
56.6185,-120.0959,56.325,-111.036,D,2016,05,06,2016-05-06,406.6,100,2650.8,287.4,1,3.3818913,-0.8490801,278.1095,279.2312,282.9712,272.17096,273.60522,6.0,0.0,0.47192842,0.5014532,0.51680446,0.5207447
56.6188,-120.1699,56.325,-111.036,D,2016,05,06,2016-05-06,435.1,100,4829.0,301.4,1,3.3818913,-0.8490801,278.1095,279.2312,282.9712,272.17096,273.60522,6.0,0.0,0.47192842,0.5014532,0.51680446,0.5207447
56.6192,-120.2438,56.325,-111.036,D,2016,05,06,2016-05-06,321.8,73,147.4,285.8,0,3.3818913,-0.8490801,278.1095,279.2312,282.9712,272.17096,273.60522,6.0,0.0,0.47192842,0.5014532,0.51680446,0.5207447
56.6364,-120.0952,56.325,-111.036,D,2016,05,06,2016-05-06,372.3,100,1104.5,280.6,1,3.3818913,-0.8490801,278.1095,279.2312,282.9712,272.17096,273.60522,6.0,0.0,0.47192842,0.5014532,0.51680446,0.5207447
56.6367,-120.1691,56.325,-111.036,D,2016,05,06,2016-05-06,367.2,100,941.2,286.6,1,3.3818913,-0.8490801,278.1095,279.2312,282.9712,272.17096,273.60522,6.0,0.0,0.47192842,0.5014532,0.51680446,0.5207447
56.5603,-119.9477,56.325,-111.036,D,2016,05,06,2016-05-06,324.1,56,174.4,279.2,0,3.3818913,-0.8490801,278.1095,279.2312,282.9712,272.17096,273.60522,6.0,0.0,0.47192842,0.5014532,0.51680446,0.5207447
56.5783,-119.948,56.325,-111.036,D,2016,05,06,2016-05-06,338.0,83,340.8,277.4,0,3.3818913,-0.8490801,278.1095,279.2312,282.9712,272.17096,273.60522,6.0,0.0,0.47192842,0.5014532,0.51680446,0.5207447
56.5979,-120.1004,56.325,-111.036,D,2016,05,06,2016-05-06,336.0,53,266.1,283.6,0,3.3818913,-0.8490801,278.1095,279.2312,282.9712,272.17096,273.60522,6.0,0.0,0.47192842,0.5014532,0.51680446,0.5207447
56.5986,-120.1745,56.325,-111.036,D,2016,05,06,2016-05-06,372.9,100,1099.0,291.0,1,3.3818913,-0.8490801,278.1095,279.2312,282.9712,272.17096,273.60522,6.0,0.0,0.47192842,0.5014532,0.51680446,0.5207447
56.6157,-120.0996,56.325,-111.036,D,2016,05,06,2016-05-06,414.3,100,3156.9,288.0,1,3.3818913,-0.8490801,278.1095,279.2312,282.9712,272.17096,273.60522,6.0,0.0,0.47192842,0.5014532,0.51680446,0.5207447
56.6164,-120.1736,56.325,-111.036,D,2016,05,06,2016-05-06,435.1,100,4827.2,302.7,1,3.3818913,-0.8490801,278.1095,279.2312,282.9712,272.17096,273.60522,6.0,0.0,0.47192842,0.5014532,0.51680446,0.5207447
56.617,-120.2475,56.325,-111.036,D,2016,05,06,2016-05-06,319.1,31,118.3,286.2,0,3.3818913,-0.8490801,278.1095,279.2312,282.9712,272.17096,273.60522,6.0,0.0,0.47192842,0.5014532,0.51680446,0.5207447
56.6336,-120.0989,56.325,-111.036,D,2016,05,06,2016-05-06,377.6,100,1291.0,281.9,1,3.3818913,-0.8490801,278.1095,279.2312,282.9712,272.17096,273.60522,6.0,0.0,0.47192842,0.5014532,0.51680446,0.5207447
56.6342,-120.1729,56.325,-111.036,D,2016,05,06,2016-05-06,370.2,100,1031.9,288.5,1,3.3818913,-0.8490801,278.1095,279.2312,282.9712,272.17096,273.60522,6.0,0.0,0.47192842,0.5014532,0.51680446,0.5207447
56.5345,-121.2683,56.431,-112.396,N,2016,05,07,2016-05-07,309.3,77,12.9,268.4,0,3.0823164,1.6759036,298.71762,292.33334,282.95602,272.30035,273.90356,6.0,0.0,0.52638847,0.55837667,0.60009265,0.59923613
56.574,-121.2527,56.431,-112.396,N,2016,05,07,2016-05-07,310.3,54,11.8,273.5,0,3.0823164,1.6759036,298.71762,292.33334,282.95602,272.30035,273.90356,6.0,0.0,0.52638847,0.55837667,0.60009265,0.59923613
56.595,-121.2341,56.431,-112.396,N,2016,05,07,2016-05-07,328.2,0,26.2,276.5,0,3.0823164,1.6759036,298.71762,292.33334,282.95602,272.30035,273.90356,6.0,0.0,0.52638847,0.55837667,0.60009265,0.59923613
56.5928,-121.2501,56.431,-112.396,N,2016,05,07,2016-05-07,324.5,0,22.1,274.7,0,3.0823164,1.6759036,298.71762,292.33334,282.95602,272.30035,273.90356,6.0,0.0,0.52638847,0.55837667,0.60009265,0.59923613
56.5816,-121.3299,56.431,-112.396,N,2016,05,07,2016-05-07,316.6,87,17.4,270.6,0,3.0823164,1.6759036,298.71762,292.33334,282.95602,272.30035,273.90356,6.0,0.0,0.52638847,0.55837667,0.60009265,0.59923613
56.5794,-121.3458,56.431,-112.396,N,2016,05,07,2016-05-07,305.9,37,9.6,269.4,0,3.0823164,1.6759036,298.71762,292.33334,282.95602,272.30035,273.90356,6.0,0.0,0.52638847,0.55837667,0.60009265,0.59923613
56.6038,-121.2382,56.431,-112.396,N,2016,05,07,2016-05-07,330.7,39,30.4,275.8,0,3.0823164,1.6759036,298.71762,292.33334,282.95602,272.30035,273.90356,6.0,0.0,0.52638847,0.55837667,0.60009265,0.59923613
56.5993,-121.2701,56.431,-112.396,N,2016,05,07,2016-05-07,335.6,85,37.5,272.6,0,3.0823164,1.6759036,298.71762,292.33334,282.95602,272.30035,273.90356,6.0,0.0,0.52638847,0.55837667,0.60009265,0.59923613
56.6126,-121.2422,56.431,-112.396,N,2016,05,07,2016-05-07,323.9,0,20.8,274.5,0,3.0823164,1.6759036,298.71762,292.33334,282.95602,272.30035,273.90356,6.0,0.0,0.52638847,0.55837667,0.60009265,0.59923613
56.6258,-121.2143,56.431,-112.396,N,2016,05,07,2016-05-07,317.4,47,16.8,274.6,0,3.0823164,1.6759036,298.71762,292.33334,282.95602,272.30035,273.90356,6.0,0.0,0.52638847,0.55837667,0.60009265,0.59923613
56.6346,-121.2184,56.431,-112.396,N,2016,05,07,2016-05-07,310.9,62,12.5,274.7,0,3.0823164,1.6759036,298.71762,292.33334,282.95602,272.30035,273.90356,6.0,0.0,0.52638847,0.55837667,0.60009265,0.59923613
56.6324,-121.2343,56.431,-112.396,N,2016,05,07,2016-05-07,328.6,100,29.4,275.8,1,3.0823164,1.6759036,298.71762,292.33334,282.95602,272.30035,273.90356,6.0,0.0,0.52638847,0.55837667,0.60009265,0.59923613
56.6236,-121.2303,56.431,-112.396,N,2016,05,07,2016-05-07,327.7,58,26.8,276.8,0,3.0823164,1.6759036,298.71762,292.33334,282.95602,272.30035,273.90356,6.0,0.0,0.52638847,0.55837667,0.60009265,0.59923613
56.3083,-121.6462,56.431,-112.396,N,2016,05,07,2016-05-07,305.3,62,25.5,270.6,0,3.0823164,1.6759036,298.71762,292.33334,282.95602,272.30035,273.90356,6.0,0.0,0.52638847,0.55837667,0.60009265,0.59923613
56.3876,-110.8432,52.731,-103.192,D,2016,05,07,2016-05-07,344.3,92,280.3,278.3,1,2.8977888,1.7472444,276.5004,276.64966,281.27573,275.74966,273.77493,3.0,0.0,0.20354986,0.21587473,0.2632795,0.2726091
56.4696,-110.9444,52.731,-103.192,D,2016,05,07,2016-05-07,325.6,55,137.1,273.5,0,2.8977888,1.7472444,276.5004,276.64966,281.27573,275.74966,273.77493,3.0,0.0,0.20354986,0.21587473,0.2632795,0.2726091
56.4616,-110.9499,52.731,-103.192,D,2016,05,07,2016-05-07,334.2,77,204.6,277.9,0,2.8977888,1.7472444,276.5004,276.64966,281.27573,275.74966,273.77493,3.0,0.0,0.20354986,0.21587473,0.2632795,0.2726091
56.4421,-110.7172,52.731,-103.192,D,2016,05,07,2016-05-07,340.3,68,257.0,278.6,0,2.8977888,1.7472444,276.5004,276.64966,281.27573,275.74966,273.77493,3.0,0.0,0.20354986,0.21587473,0.2632795,0.2726091
56.3957,-110.8348,52.731,-103.192,D,2016,05,07,2016-05-07,347.1,91,306.4,278.2,1,2.8977888,1.7472444,276.5004,276.64966,281.27573,275.74966,273.77493,3.0,0.0,0.20354986,0.21587473,0.2632795,0.2726091
56.4337,-110.726,52.731,-103.192,D,2016,05,07,2016-05-07,337.5,37,208.2,279.7,0,2.8977888,1.7472444,276.5004,276.64966,281.27573,275.74966,273.77493,3.0,0.0,0.20354986,0.21587473,0.2632795,0.2726091
56.4037,-110.843,52.731,-103.192,D,2016,05,07,2016-05-07,323.8,23,103.1,277.9,0,2.8977888,1.7472444,276.5004,276.64966,281.27573,275.74966,273.77493,3.0,0.0,0.20354986,0.21587473,0.2632795,0.2726091
56.3555,-110.8438,52.731,-103.192,D,2016,05,07,2016-05-07,343.5,77,265.5,273.0,0,2.8977888,1.7472444,276.5004,276.64966,281.27573,275.74966,273.77493,3.0,0.0,0.20354986,0.21587473,0.2632795,0.2726091
56.3411,-110.9612,52.731,-103.192,D,2016,05,07,2016-05-07,320.2,38,96.4,276.6,0,2.8977888,1.7472444,276.5004,276.64966,281.27573,275.74966,273.77493,3.0,0.0,0.20354986,0.21587473,0.2632795,0.2726091
56.3403,-110.9022,52.731,-103.192,D,2016,05,07,2016-05-07,343.6,92,291.7,277.9,1,2.8977888,1.7472444,276.5004,276.64966,281.27573,275.74966,273.77493,3.0,0.0,0.20354986,0.21587473,0.2632795,0.2726091
56.3395,-110.8439,52.731,-103.192,D,2016,05,07,2016-05-07,340.5,68,245.0,275.7,0,2.8977888,1.7472444,276.5004,276.64966,281.27573,275.74966,273.77493,3.0,0.0,0.20354986,0.21587473,0.2632795,0.2726091
56.3493,-110.9666,52.731,-103.192,D,2016,05,07,2016-05-07,332.9,69,184.5,277.8,0,2.8977888,1.7472444,276.5004,276.64966,281.27573,275.74966,273.77493,3.0,0.0,0.20354986,0.21587473,0.2632795,0.2726091
56.3472,-110.8497,52.731,-103.192,D,2016,05,07,2016-05-07,349.1,85,334.7,274.0,0,2.8977888,1.7472444,276.5004,276.64966,281.27573,275.74966,273.77493,3.0,0.0,0.20354986,0.21587473,0.2632795,0.2726091
56.3321,-110.9079,52.731,-103.192,D,2016,05,07,2016-05-07,332.7,40,177.5,278.0,0,2.8977888,1.7472444,276.5004,276.64966,281.27573,275.74966,273.77493,3.0,0.0,0.20354986,0.21587473,0.2632795,0.2726091
53.0101,-104.3008,52.731,-103.192,D,2016,05,07,2016-05-07,309.5,49,8.8,287.9,0,2.8977888,1.7472444,276.5004,276.64966,281.27573,275.74966,273.77493,3.0,0.0,0.20354986,0.21587473,0.2632795,0.2726091
53.0081,-104.2761,52.731,-103.192,D,2016,05,07,2016-05-07,308.4,48,7.6,287.9,0,2.8977888,1.7472444,276.5004,276.64966,281.27573,275.74966,273.77493,3.0,0.0,0.20354986,0.21587473,0.2632795,0.2726091
52.9987,-104.3032,52.731,-103.192,D,2016,05,07,2016-05-07,310.4,52,10.0,289.7,0,2.8977888,1.7472444,276.5004,276.64966,281.27573,275.74966,273.77493,3.0,0.0,0.20354986,0.21587473,0.2632795,0.2726091
52.9967,-104.2784,52.731,-103.192,D,2016,05,07,2016-05-07,308.9,56,8.3,288.1,0,2.8977888,1.7472444,276.5004,276.64966,281.27573,275.74966,273.77493,3.0,0.0,0.20354986,0.21587473,0.2632795,0.2726091
52.8982,-104.1796,52.731,-103.192,D,2016,05,07,2016-05-07,309.2,68,12.3,283.3,0,2.8977888,1.7472444,276.5004,276.64966,281.27573,275.74966,273.77493,3.0,0.0,0.20354986,0.21587473,0.2632795,0.2726091
52.8963,-104.1554,52.731,-103.192,D,2016,05,07,2016-05-07,314.7,75,21.6,281.4,0,2.8977888,1.7472444,276.5004,276.64966,281.27573,275.74966,273.77493,3.0,0.0,0.20354986,0.21587473,0.2632795,0.2726091
52.8093,-103.1229,52.731,-103.192,D,2016,05,07,2016-05-07,301.5,0,9.1,270.2,0,2.8977888,1.7472444,276.5004,276.64966,281.27573,275.74966,273.77493,3.0,0.0,0.20354986,0.21587473,0.2632795,0.2726091
53.3387,-103.3258,52.731,-103.192,D,2016,05,07,2016-05-07,308.9,33,8.2,290.5,0,2.8977888,1.7472444,276.5004,276.64966,281.27573,275.74966,273.77493,3.0,0.0,0.20354986,0.21587473,0.2632795,0.2726091
53.4181,-103.4719,52.731,-103.192,D,2016,05,07,2016-05-07,303.6,38,10.0,276.8,0,2.8977888,1.7472444,276.5004,276.64966,281.27573,275.74966,273.77493,3.0,0.0,0.20354986,0.21587473,0.2632795,0.2726091
53.4201,-103.4952,52.731,-103.192,D,2016,05,07,2016-05-07,302.9,45,9.1,278.3,0,2.8977888,1.7472444,276.5004,276.64966,281.27573,275.74966,273.77493,3.0,0.0,0.20354986,0.21587473,0.2632795,0.2726091
56.3667,-110.8107,52.731,-103.192,D,2016,05,07,2016-05-07,460.2,100,0.0,288.7,1,2.8977888,1.7472444,276.5004,276.64966,281.27573,275.74966,273.77493,3.0,0.0,0.20354986,0.21587473,0.2632795,0.2726091
56.3511,-110.7945,52.731,-103.192,D,2016,05,07,2016-05-07,417.1,100,0.0,279.9,1,2.8977888,1.7472444,276.5004,276.64966,281.27573,275.74966,273.77493,3.0,0.0,0.20354986,0.21587473,0.2632795,0.2726091
56.3564,-110.8185,52.731,-103.192,D,2016,05,07,2016-05-07,415.4,100,0.0,282.6,1,2.8977888,1.7472444,276.5004,276.64966,281.27573,275.74966,273.77493,3.0,0.0,0.20354986,0.21587473,0.2632795,0.2726091
56.3614,-110.7869,52.731,-103.192,D,2016,05,07,2016-05-07,460.2,100,0.0,290.5,1,2.8977888,1.7472444,276.5004,276.64966,281.27573,275.74966,273.77493,3.0,0.0,0.20354986,0.21587473,0.2632795,0.2726091
56.3617,-110.8422,52.731,-103.192,D,2016,05,07,2016-05-07,388.1,100,0.0,270.8,1,2.8977888,1.7472444,276.5004,276.64966,281.27573,275.74966,273.77493,3.0,0.0,0.20354986,0.21587473,0.2632795,0.2726091
56.3714,-110.7731,52.731,-103.192,D,2016,05,07,2016-05-07,424.4,100,0.0,271.4,1,2.8977888,1.7472444,276.5004,276.64966,281.27573,275.74966,273.77493,3.0,0.0,0.20354986,0.21587473,0.2632795,0.2726091
56.3718,-110.7795,52.731,-103.192,D,2016,05,07,2016-05-07,422.3,100,0.0,271.4,1,2.8977888,1.7472444,276.5004,276.64966,281.27573,275.74966,273.77493,3.0,0.0,0.20354986,0.21587473,0.2632795,0.2726091
52.7004,-104.0032,52.731,-103.192,D,2016,05,07,2016-05-07,318.2,75,11.7,301.4,0,2.8977888,1.7472444,276.5004,276.64966,281.27573,275.74966,273.77493,3.0,0.0,0.20354986,0.21587473,0.2632795,0.2726091
53.2085,-103.6713,52.731,-103.192,D,2016,05,07,2016-05-07,319.8,49,15.1,296.2,0,2.8977888,1.7472444,276.5004,276.64966,281.27573,275.74966,273.77493,3.0,0.0,0.20354986,0.21587473,0.2632795,0.2726091
56.473,-110.7848,52.731,-103.192,D,2016,05,07,2016-05-07,321.8,38,81.0,274.3,0,2.8977888,1.7472444,276.5004,276.64966,281.27573,275.74966,273.77493,3.0,0.0,0.20354986,0.21587473,0.2632795,0.2726091
56.4716,-110.8323,52.731,-103.192,D,2016,05,07,2016-05-07,331.2,45,130.9,276.9,0,2.8977888,1.7472444,276.5004,276.64966,281.27573,275.74966,273.77493,3.0,0.0,0.20354986,0.21587473,0.2632795,0.2726091
56.5172,-110.7879,52.731,-103.192,D,2016,05,07,2016-05-07,332.3,85,149.2,275.8,0,2.8977888,1.7472444,276.5004,276.64966,281.27573,275.74966,273.77493,3.0,0.0,0.20354986,0.21587473,0.2632795,0.2726091
56.5438,-111.3037,52.731,-103.192,D,2016,05,07,2016-05-07,325.3,61,72.2,298.0,0,2.8977888,1.7472444,276.5004,276.64966,281.27573,275.74966,273.77493,3.0,0.0,0.20354986,0.21587473,0.2632795,0.2726091
56.5421,-111.349,52.731,-103.192,D,2016,05,07,2016-05-07,330.8,79,101.0,297.5,0,2.8977888,1.7472444,276.5004,276.64966,281.27573,275.74966,273.77493,3.0,0.0,0.20354986,0.21587473,0.2632795,0.2726091
56.5164,-110.792,52.731,-103.192,D,2016,05,07,2016-05-07,326.8,77,114.0,275.7,0,2.8977888,1.7472444,276.5004,276.64966,281.27573,275.74966,273.77493,3.0,0.0,0.20354986,0.21587473,0.2632795,0.2726091
56.545,-111.3085,52.731,-103.192,D,2016,05,07,2016-05-07,328.3,74,88.5,298.4,0,2.8977888,1.7472444,276.5004,276.64966,281.27573,275.74966,273.77493,3.0,0.0,0.20354986,0.21587473,0.2632795,0.2726091
56.5436,-111.3538,52.731,-103.192,D,2016,05,07,2016-05-07,326.7,65,79.3,297.6,0,2.8977888,1.7472444,276.5004,276.64966,281.27573,275.74966,273.77493,3.0,0.0,0.20354986,0.21587473,0.2632795,0.2726091
56.5549,-111.445,52.731,-103.192,D,2016,05,07,2016-05-07,341.3,92,174.9,293.5,1,2.8977888,1.7472444,276.5004,276.64966,281.27573,275.74966,273.77493,3.0,0.0,0.20354986,0.21587473,0.2632795,0.2726091
56.5534,-111.4898,52.731,-103.192,D,2016,05,07,2016-05-07,324.9,81,81.8,290.0,0,2.8977888,1.7472444,276.5004,276.64966,281.27573,275.74966,273.77493,3.0,0.0,0.20354986,0.21587473,0.2632795,0.2726091
56.5692,-111.4464,52.731,-103.192,D,2016,05,07,2016-05-07,330.8,65,99.1,288.3,0,2.8977888,1.7472444,276.5004,276.64966,281.27573,275.74966,273.77493,3.0,0.0,0.20354986,0.21587473,0.2632795,0.2726091
56.5676,-111.4911,52.731,-103.192,D,2016,05,07,2016-05-07,332.6,71,111.0,289.7,0,2.8977888,1.7472444,276.5004,276.64966,281.27573,275.74966,273.77493,3.0,0.0,0.20354986,0.21587473,0.2632795,0.2726091
56.6071,-111.5841,52.731,-103.192,D,2016,05,07,2016-05-07,326.5,61,77.3,293.7,0,2.8977888,1.7472444,276.5004,276.64966,281.27573,275.74966,273.77493,3.0,0.0,0.20354986,0.21587473,0.2632795,0.2726091
56.693,-110.865,52.731,-103.192,D,2016,05,07,2016-05-07,342.8,81,217.2,289.3,0,2.8977888,1.7472444,276.5004,276.64966,281.27573,275.74966,273.77493,3.0,0.0,0.20354986,0.21587473,0.2632795,0.2726091
56.6668,-111.6433,52.731,-103.192,D,2016,05,07,2016-05-07,337.4,68,149.5,296.5,0,2.8977888,1.7472444,276.5004,276.64966,281.27573,275.74966,273.77493,3.0,0.0,0.20354986,0.21587473,0.2632795,0.2726091
56.6924,-110.8693,52.731,-103.192,D,2016,05,07,2016-05-07,332.9,62,139.4,289.2,0,2.8977888,1.7472444,276.5004,276.64966,281.27573,275.74966,273.77493,3.0,0.0,0.20354986,0.21587473,0.2632795,0.2726091
56.6694,-111.6482,52.731,-103.192,D,2016,05,07,2016-05-07,323.3,71,73.0,296.4,0,2.8977888,1.7472444,276.5004,276.64966,281.27573,275.74966,273.77493,3.0,0.0,0.20354986,0.21587473,0.2632795,0.2726091
56.7831,-111.2533,52.731,-103.192,D,2016,05,07,2016-05-07,349.9,96,249.6,294.8,1,2.8977888,1.7472444,276.5004,276.64966,281.27573,275.74966,273.77493,3.0,0.0,0.20354986,0.21587473,0.2632795,0.2726091
56.7815,-111.2987,52.731,-103.192,D,2016,05,07,2016-05-07,371.6,100,507.9,301.4,1,2.8977888,1.7472444,276.5004,276.64966,281.27573,275.74966,273.77493,3.0,0.0,0.20354986,0.21587473,0.2632795,0.2726091
56.7975,-111.2548,52.731,-103.192,D,2016,05,07,2016-05-07,349.2,85,242.2,287.8,0,2.8977888,1.7472444,276.5004,276.64966,281.27573,275.74966,273.77493,3.0,0.0,0.20354986,0.21587473,0.2632795,0.2726091
56.796,-111.3002,52.731,-103.192,D,2016,05,07,2016-05-07,401.6,100,1129.5,300.7,1,2.8977888,1.7472444,276.5004,276.64966,281.27573,275.74966,273.77493,3.0,0.0,0.20354986,0.21587473,0.2632795,0.2726091
56.7861,-111.2621,52.731,-103.192,D,2016,05,07,2016-05-07,381.0,100,674.2,296.2,1,2.8977888,1.7472444,276.5004,276.64966,281.27573,275.74966,273.77493,3.0,0.0,0.20354986,0.21587473,0.2632795,0.2726091
56.7847,-111.3075,52.731,-103.192,D,2016,05,07,2016-05-07,387.9,100,803.1,301.9,1,2.8977888,1.7472444,276.5004,276.64966,281.27573,275.74966,273.77493,3.0,0.0,0.20354986,0.21587473,0.2632795,0.2726091
56.8006,-111.2638,52.731,-103.192,D,2016,05,07,2016-05-07,345.9,81,210.4,286.0,0,2.8977888,1.7472444,276.5004,276.64966,281.27573,275.74966,273.77493,3.0,0.0,0.20354986,0.21587473,0.2632795,0.2726091
56.7992,-111.3091,52.731,-103.192,D,2016,05,07,2016-05-07,365.0,100,412.6,296.9,1,2.8977888,1.7472444,276.5004,276.64966,281.27573,275.74966,273.77493,3.0,0.0,0.20354986,0.21587473,0.2632795,0.2726091
56.8121,-111.3559,52.731,-103.192,D,2016,05,07,2016-05-07,348.9,90,230.6,297.2,1,2.8977888,1.7472444,276.5004,276.64966,281.27573,275.74966,273.77493,3.0,0.0,0.20354986,0.21587473,0.2632795,0.2726091
56.8265,-111.3574,52.731,-103.192,D,2016,05,07,2016-05-07,354.2,92,290.4,294.8,1,2.8977888,1.7472444,276.5004,276.64966,281.27573,275.74966,273.77493,3.0,0.0,0.20354986,0.21587473,0.2632795,0.2726091
56.8394,-111.4032,52.731,-103.192,D,2016,05,07,2016-05-07,341.5,0,179.1,296.5,0,2.8977888,1.7472444,276.5004,276.64966,281.27573,275.74966,273.77493,3.0,0.0,0.20354986,0.21587473,0.2632795,0.2726091
56.5629,-111.4428,54.493,-107.333,N,2016,05,08,2016-05-08,302.5,50,8.2,282.7,0,3.9330313,-0.9730519,295.12158,293.67105,285.6236,276.87994,273.33508,3.0,0.0,0.14788067,0.2195589,0.2773822,0.3046764
56.38,-110.5268,54.493,-107.333,N,2016,05,08,2016-05-08,340.2,81,46.7,274.3,0,3.9330313,-0.9730519,295.12158,293.67105,285.6236,276.87994,273.33508,3.0,0.0,0.14788067,0.2195589,0.2773822,0.3046764
56.3772,-110.5433,54.493,-107.333,N,2016,05,08,2016-05-08,390.6,100,215.6,287.3,1,3.9330313,-0.9730519,295.12158,293.67105,285.6236,276.87994,273.33508,3.0,0.0,0.14788067,0.2195589,0.2773822,0.3046764
56.3745,-110.5597,54.493,-107.333,N,2016,05,08,2016-05-08,344.1,100,51.7,279.6,1,3.9330313,-0.9730519,295.12158,293.67105,285.6236,276.87994,273.33508,3.0,0.0,0.14788067,0.2195589,0.2773822,0.3046764
56.3717,-110.5762,54.493,-107.333,N,2016,05,08,2016-05-08,342.4,100,48.5,278.7,1,3.9330313,-0.9730519,295.12158,293.67105,285.6236,276.87994,273.33508,3.0,0.0,0.14788067,0.2195589,0.2773822,0.3046764
56.3806,-110.581,54.493,-107.333,N,2016,05,08,2016-05-08,324.2,61,20.5,274.1,0,3.9330313,-0.9730519,295.12158,293.67105,285.6236,276.87994,273.33508,3.0,0.0,0.14788067,0.2195589,0.2773822,0.3046764
56.3335,-110.917,54.493,-107.333,N,2016,05,08,2016-05-08,324.1,96,25.7,281.1,1,3.9330313,-0.9730519,295.12158,293.67105,285.6236,276.87994,273.33508,3.0,0.0,0.14788067,0.2195589,0.2773822,0.3046764
56.4046,-110.6541,54.493,-107.333,N,2016,05,08,2016-05-08,323.9,0,22.9,280.0,0,3.9330313,-0.9730519,295.12158,293.67105,285.6236,276.87994,273.33508,3.0,0.0,0.14788067,0.2195589,0.2773822,0.3046764
56.3878,-110.7531,54.493,-107.333,N,2016,05,08,2016-05-08,307.7,33,11.2,273.6,0,3.9330313,-0.9730519,295.12158,293.67105,285.6236,276.87994,273.33508,3.0,0.0,0.14788067,0.2195589,0.2773822,0.3046764
56.385,-110.7697,54.493,-107.333,N,2016,05,08,2016-05-08,334.0,100,38.6,275.8,1,3.9330313,-0.9730519,295.12158,293.67105,285.6236,276.87994,273.33508,3.0,0.0,0.14788067,0.2195589,0.2773822,0.3046764
56.4163,-110.6425,54.493,-107.333,N,2016,05,08,2016-05-08,329.8,73,27.5,281.4,0,3.9330313,-0.9730519,295.12158,293.67105,285.6236,276.87994,273.33508,3.0,0.0,0.14788067,0.2195589,0.2773822,0.3046764
56.4135,-110.659,54.493,-107.333,N,2016,05,08,2016-05-08,377.0,100,150.8,286.7,1,3.9330313,-0.9730519,295.12158,293.67105,285.6236,276.87994,273.33508,3.0,0.0,0.14788067,0.2195589,0.2773822,0.3046764
56.4107,-110.6755,54.493,-107.333,N,2016,05,08,2016-05-08,358.7,100,89.3,280.0,1,3.9330313,-0.9730519,295.12158,293.67105,285.6236,276.87994,273.33508,3.0,0.0,0.14788067,0.2195589,0.2773822,0.3046764
56.3967,-110.7581,54.493,-107.333,N,2016,05,08,2016-05-08,328.7,100,31.7,277.2,1,3.9330313,-0.9730519,295.12158,293.67105,285.6236,276.87994,273.33508,3.0,0.0,0.14788067,0.2195589,0.2773822,0.3046764
56.3939,-110.7747,54.493,-107.333,N,2016,05,08,2016-05-08,327.1,89,28.7,278.4,0,3.9330313,-0.9730519,295.12158,293.67105,285.6236,276.87994,273.33508,3.0,0.0,0.14788067,0.2195589,0.2773822,0.3046764
56.3629,-111.0124,54.493,-107.333,N,2016,05,08,2016-05-08,319.3,72,21.3,279.5,0,3.9330313,-0.9730519,295.12158,293.67105,285.6236,276.87994,273.33508,3.0,0.0,0.14788067,0.2195589,0.2773822,0.3046764
56.4378,-110.745,54.493,-107.333,N,2016,05,08,2016-05-08,308.9,15,10.4,279.8,0,3.9330313,-0.9730519,295.12158,293.67105,285.6236,276.87994,273.33508,3.0,0.0,0.14788067,0.2195589,0.2773822,0.3046764
56.4523,-110.7168,54.493,-107.333,N,2016,05,08,2016-05-08,319.5,25,16.7,280.8,0,3.9330313,-0.9730519,295.12158,293.67105,285.6236,276.87994,273.33508,3.0,0.0,0.14788067,0.2195589,0.2773822,0.3046764
56.4612,-110.7218,54.493,-107.333,N,2016,05,08,2016-05-08,327.4,88,26.2,282.1,0,3.9330313,-0.9730519,295.12158,293.67105,285.6236,276.87994,273.33508,3.0,0.0,0.14788067,0.2195589,0.2773822,0.3046764
56.4534,-110.9236,54.493,-107.333,N,2016,05,08,2016-05-08,301.1,14,7.1,283.8,0,3.9330313,-0.9730519,295.12158,293.67105,285.6236,276.87994,273.33508,3.0,0.0,0.14788067,0.2195589,0.2773822,0.3046764
56.5027,-110.8061,54.493,-107.333,N,2016,05,08,2016-05-08,323.8,72,22.4,286.4,0,3.9330313,-0.9730519,295.12158,293.67105,285.6236,276.87994,273.33508,3.0,0.0,0.14788067,0.2195589,0.2773822,0.3046764
56.5177,-110.8324,54.493,-107.333,N,2016,05,08,2016-05-08,305.9,27,8.9,282.6,0,3.9330313,-0.9730519,295.12158,293.67105,285.6236,276.87994,273.33508,3.0,0.0,0.14788067,0.2195589,0.2773822,0.3046764
56.6744,-110.403,54.493,-107.333,N,2016,05,08,2016-05-08,324.8,100,25.5,284.5,1,3.9330313,-0.9730519,295.12158,293.67105,285.6236,276.87994,273.33508,3.0,0.0,0.14788067,0.2195589,0.2773822,0.3046764
56.6894,-110.4291,54.493,-107.333,N,2016,05,08,2016-05-08,310.8,27,11.6,280.0,0,3.9330313,-0.9730519,295.12158,293.67105,285.6236,276.87994,273.33508,3.0,0.0,0.14788067,0.2195589,0.2773822,0.3046764
56.6867,-110.4455,54.493,-107.333,N,2016,05,08,2016-05-08,309.9,31,11.5,278.9,0,3.9330313,-0.9730519,295.12158,293.67105,285.6236,276.87994,273.33508,3.0,0.0,0.14788067,0.2195589,0.2773822,0.3046764
56.5522,-111.3554,54.493,-107.333,N,2016,05,08,2016-05-08,308.6,67,12.3,281.3,0,3.9330313,-0.9730519,295.12158,293.67105,285.6236,276.87994,273.33508,3.0,0.0,0.14788067,0.2195589,0.2773822,0.3046764
56.7079,-110.4814,54.493,-107.333,N,2016,05,08,2016-05-08,320.4,100,22.0,278.7,1,3.9330313,-0.9730519,295.12158,293.67105,285.6236,276.87994,273.33508,3.0,0.0,0.14788067,0.2195589,0.2773822,0.3046764
56.7139,-110.5028,54.493,-107.333,N,2016,05,08,2016-05-08,301.3,16,7.5,274.0,0,3.9330313,-0.9730519,295.12158,293.67105,285.6236,276.87994,273.33508,3.0,0.0,0.14788067,0.2195589,0.2773822,0.3046764
56.6765,-110.8981,54.493,-107.333,N,2016,05,08,2016-05-08,332.1,100,36.0,281.4,1,3.9330313,-0.9730519,295.12158,293.67105,285.6236,276.87994,273.33508,3.0,0.0,0.14788067,0.2195589,0.2773822,0.3046764
56.6737,-110.9148,54.493,-107.333,N,2016,05,08,2016-05-08,305.0,41,8.9,280.2,0,3.9330313,-0.9730519,295.12158,293.67105,285.6236,276.87994,273.33508,3.0,0.0,0.14788067,0.2195589,0.2773822,0.3046764
56.6798,-110.9364,54.493,-107.333,N,2016,05,08,2016-05-08,300.8,16,6.5,277.2,0,3.9330313,-0.9730519,295.12158,293.67105,285.6236,276.87994,273.33508,3.0,0.0,0.14788067,0.2195589,0.2773822,0.3046764
56.7893,-110.4551,54.493,-107.333,N,2016,05,08,2016-05-08,306.2,67,10.7,274.2,0,3.9330313,-0.9730519,295.12158,293.67105,285.6236,276.87994,273.33508,3.0,0.0,0.14788067,0.2195589,0.2773822,0.3046764
56.6108,-111.5649,54.493,-107.333,N,2016,05,08,2016-05-08,327.4,100,30.5,286.7,1,3.9330313,-0.9730519,295.12158,293.67105,285.6236,276.87994,273.33508,3.0,0.0,0.14788067,0.2195589,0.2773822,0.3046764
56.6078,-111.582,54.493,-107.333,N,2016,05,08,2016-05-08,326.0,100,28.9,284.1,1,3.9330313,-0.9730519,295.12158,293.67105,285.6236,276.87994,273.33508,3.0,0.0,0.14788067,0.2195589,0.2773822,0.3046764
56.6151,-111.573,54.493,-107.333,N,2016,05,08,2016-05-08,335.0,100,43.6,288.4,1,3.9330313,-0.9730519,295.12158,293.67105,285.6236,276.87994,273.33508,3.0,0.0,0.14788067,0.2195589,0.2773822,0.3046764
56.6121,-111.59,54.493,-107.333,N,2016,05,08,2016-05-08,308.6,75,12.2,282.4,0,3.9330313,-0.9730519,295.12158,293.67105,285.6236,276.87994,273.33508,3.0,0.0,0.14788067,0.2195589,0.2773822,0.3046764
56.6241,-111.5782,54.493,-107.333,N,2016,05,08,2016-05-08,315.3,58,16.8,283.3,0,3.9330313,-0.9730519,295.12158,293.67105,285.6236,276.87994,273.33508,3.0,0.0,0.14788067,0.2195589,0.2773822,0.3046764
56.6421,-111.5888,54.493,-107.333,N,2016,05,08,2016-05-08,304.6,53,8.8,286.1,0,3.9330313,-0.9730519,295.12158,293.67105,285.6236,276.87994,273.33508,3.0,0.0,0.14788067,0.2195589,0.2773822,0.3046764
56.639,-111.6062,54.493,-107.333,N,2016,05,08,2016-05-08,305.9,63,9.5,286.6,0,3.9330313,-0.9730519,295.12158,293.67105,285.6236,276.87994,273.33508,3.0,0.0,0.14788067,0.2195589,0.2773822,0.3046764
56.654,-111.6336,54.493,-107.333,N,2016,05,08,2016-05-08,325.2,80,25.7,287.2,0,3.9330313,-0.9730519,295.12158,293.67105,285.6236,276.87994,273.33508,3.0,0.0,0.14788067,0.2195589,0.2773822,0.3046764
56.666,-111.6217,54.493,-107.333,N,2016,05,08,2016-05-08,304.7,61,9.2,285.6,0,3.9330313,-0.9730519,295.12158,293.67105,285.6236,276.87994,273.33508,3.0,0.0,0.14788067,0.2195589,0.2773822,0.3046764
56.663,-111.6389,54.493,-107.333,N,2016,05,08,2016-05-08,329.0,100,33.8,287.0,1,3.9330313,-0.9730519,295.12158,293.67105,285.6236,276.87994,273.33508,3.0,0.0,0.14788067,0.2195589,0.2773822,0.3046764
56.675,-111.627,54.493,-107.333,N,2016,05,08,2016-05-08,326.2,100,30.0,287.4,1,3.9330313,-0.9730519,295.12158,293.67105,285.6236,276.87994,273.33508,3.0,0.0,0.14788067,0.2195589,0.2773822,0.3046764
56.672,-111.6441,54.493,-107.333,N,2016,05,08,2016-05-08,328.0,100,32.6,286.5,1,3.9330313,-0.9730519,295.12158,293.67105,285.6236,276.87994,273.33508,3.0,0.0,0.14788067,0.2195589,0.2773822,0.3046764
56.7273,-111.5886,54.493,-107.333,N,2016,05,08,2016-05-08,335.7,100,45.0,286.4,1,3.9330313,-0.9730519,295.12158,293.67105,285.6236,276.87994,273.33508,3.0,0.0,0.14788067,0.2195589,0.2773822,0.3046764
56.7243,-111.6057,54.493,-107.333,N,2016,05,08,2016-05-08,328.0,100,33.2,284.5,1,3.9330313,-0.9730519,295.12158,293.67105,285.6236,276.87994,273.33508,3.0,0.0,0.14788067,0.2195589,0.2773822,0.3046764
56.7393,-111.5768,54.493,-107.333,N,2016,05,08,2016-05-08,324.4,100,28.3,283.7,1,3.9330313,-0.9730519,295.12158,293.67105,285.6236,276.87994,273.33508,3.0,0.0,0.14788067,0.2195589,0.2773822,0.3046764
56.7363,-111.5939,54.493,-107.333,N,2016,05,08,2016-05-08,323.3,100,26.9,282.1,1,3.9330313,-0.9730519,295.12158,293.67105,285.6236,276.87994,273.33508,3.0,0.0,0.14788067,0.2195589,0.2773822,0.3046764
56.8453,-111.4008,54.493,-107.333,N,2016,05,08,2016-05-08,308.0,20,11.7,274.5,0,3.9330313,-0.9730519,295.12158,293.67105,285.6236,276.87994,273.33508,3.0,0.0,0.14788067,0.2195589,0.2773822,0.3046764
56.6291,-120.1161,54.493,-107.333,N,2016,05,08,2016-05-08,304.2,59,33.6,276.7,0,3.9330313,-0.9730519,295.12158,293.67105,285.6236,276.87994,273.33508,3.0,0.0,0.14788067,0.2195589,0.2773822,0.3046764
56.7283,-120.0467,54.493,-107.333,N,2016,05,08,2016-05-08,320.3,67,73.7,285.4,0,3.9330313,-0.9730519,295.12158,293.67105,285.6236,276.87994,273.33508,3.0,0.0,0.14788067,0.2195589,0.2773822,0.3046764
56.5754,-119.766,54.493,-107.333,N,2016,05,08,2016-05-08,325.5,99,100.3,278.5,1,3.9330313,-0.9730519,295.12158,293.67105,285.6236,276.87994,273.33508,3.0,0.0,0.14788067,0.2195589,0.2773822,0.3046764
56.7265,-120.0869,54.493,-107.333,N,2016,05,08,2016-05-08,313.1,29,50.1,282.4,0,3.9330313,-0.9730519,295.12158,293.67105,285.6236,276.87994,273.33508,3.0,0.0,0.14788067,0.2195589,0.2773822,0.3046764
56.742,-120.0483,54.493,-107.333,N,2016,05,08,2016-05-08,314.4,37,54.0,282.9,0,3.9330313,-0.9730519,295.12158,293.67105,285.6236,276.87994,273.33508,3.0,0.0,0.14788067,0.2195589,0.2773822,0.3046764
56.7349,-120.0541,54.493,-107.333,N,2016,05,08,2016-05-08,323.8,77,86.8,285.2,0,3.9330313,-0.9730519,295.12158,293.67105,285.6236,276.87994,273.33508,3.0,0.0,0.14788067,0.2195589,0.2773822,0.3046764
56.5672,-119.7718,54.493,-107.333,N,2016,05,08,2016-05-08,310.8,48,49.7,278.3,0,3.9330313,-0.9730519,295.12158,293.67105,285.6236,276.87994,273.33508,3.0,0.0,0.14788067,0.2195589,0.2773822,0.3046764
56.5828,-119.7306,54.493,-107.333,N,2016,05,08,2016-05-08,308.3,54,45.4,274.0,0,3.9330313,-0.9730519,295.12158,293.67105,285.6236,276.87994,273.33508,3.0,0.0,0.14788067,0.2195589,0.2773822,0.3046764
56.5811,-119.7739,54.493,-107.333,N,2016,05,08,2016-05-08,319.2,92,78.4,275.3,1,3.9330313,-0.9730519,295.12158,293.67105,285.6236,276.87994,273.33508,3.0,0.0,0.14788067,0.2195589,0.2773822,0.3046764
56.6242,-120.0701,54.493,-107.333,N,2016,05,08,2016-05-08,309.2,77,47.8,278.5,0,3.9330313,-0.9730519,295.12158,293.67105,285.6236,276.87994,273.33508,3.0,0.0,0.14788067,0.2195589,0.2773822,0.3046764
56.6224,-120.11,54.493,-107.333,N,2016,05,08,2016-05-08,309.1,76,47.3,277.2,0,3.9330313,-0.9730519,295.12158,293.67105,285.6236,276.87994,273.33508,3.0,0.0,0.14788067,0.2195589,0.2773822,0.3046764
56.6307,-120.0763,54.493,-107.333,N,2016,05,08,2016-05-08,318.1,96,72.7,278.4,1,3.9330313,-0.9730519,295.12158,293.67105,285.6236,276.87994,273.33508,3.0,0.0,0.14788067,0.2195589,0.2773822,0.3046764
56.5708,-119.747,54.493,-107.333,N,2016,05,08,2016-05-08,301.9,25,9.0,272.5,0,3.9330313,-0.9730519,295.12158,293.67105,285.6236,276.87994,273.33508,3.0,0.0,0.14788067,0.2195589,0.2773822,0.3046764
56.5546,-119.8697,54.493,-107.333,N,2016,05,08,2016-05-08,311.6,83,16.5,276.7,0,3.9330313,-0.9730519,295.12158,293.67105,285.6236,276.87994,273.33508,3.0,0.0,0.14788067,0.2195589,0.2773822,0.3046764
56.6998,-110.8224,52.993,-105.301,D,2016,05,08,2016-05-08,300.8,36,8.4,273.1,0,0.1352478,5.446725,284.68903,283.3762,283.9939,276.41193,273.52795,2.9999847,0.0,0.18097655,0.19464746,0.26562196,0.30133963
56.4456,-110.7303,52.993,-105.301,D,2016,05,08,2016-05-08,321.9,81,27.2,275.6,0,0.1352478,5.446725,284.68903,283.3762,283.9939,276.41193,273.52795,2.9999847,0.0,0.18097655,0.19464746,0.26562196,0.30133963
56.4214,-110.594,52.993,-105.301,D,2016,05,08,2016-05-08,319.5,34,20.3,282.2,0,0.1352478,5.446725,284.68903,283.3762,283.9939,276.41193,273.52795,2.9999847,0.0,0.18097655,0.19464746,0.26562196,0.30133963
54.1595,-108.2881,52.993,-105.301,D,2016,05,08,2016-05-08,310.6,37,4.8,297.4,0,0.1352478,5.446725,284.68903,283.3762,283.9939,276.41193,273.52795,2.9999847,0.0,0.18097655,0.19464746,0.26562196,0.30133963
54.5016,-108.3653,52.993,-105.301,D,2016,05,08,2016-05-08,311.0,50,8.5,290.1,0,0.1352478,5.446725,284.68903,283.3762,283.9939,276.41193,273.52795,2.9999847,0.0,0.18097655,0.19464746,0.26562196,0.30133963
56.661,-111.6427,52.993,-105.301,D,2016,05,08,2016-05-08,346.8,95,53.4,296.7,1,0.1352478,5.446725,284.68903,283.3762,283.9939,276.41193,273.52795,2.9999847,0.0,0.18097655,0.19464746,0.26562196,0.30133963
58.7657,-108.4191,52.993,-105.301,D,2016,05,08,2016-05-08,312.1,60,9.3,295.5,0,0.1352478,5.446725,284.68903,283.3762,283.9939,276.41193,273.52795,2.9999847,0.0,0.18097655,0.19464746,0.26562196,0.30133963
58.7772,-108.4039,52.993,-105.301,D,2016,05,08,2016-05-08,377.2,94,165.5,299.6,1,0.1352478,5.446725,284.68903,283.3762,283.9939,276.41193,273.52795,2.9999847,0.0,0.18097655,0.19464746,0.26562196,0.30133963
58.775,-108.423,52.993,-105.301,D,2016,05,08,2016-05-08,341.2,80,49.2,297.5,0,0.1352478,5.446725,284.68903,283.3762,283.9939,276.41193,273.52795,2.9999847,0.0,0.18097655,0.19464746,0.26562196,0.30133963
58.7866,-108.4078,52.993,-105.301,D,2016,05,08,2016-05-08,328.3,58,27.3,293.2,0,0.1352478,5.446725,284.68903,283.3762,283.9939,276.41193,273.52795,2.9999847,0.0,0.18097655,0.19464746,0.26562196,0.30133963
51.45,-100.1144,50.92,-97.025,N,2016,05,09,2016-05-09,308.5,75,26.2,283.4,0,-3.4709046,3.4564369,294.4424,289.5998,282.72867,273.77917,273.79715,3.0000153,0.0,0.17981741,0.22648942,0.2827153,0.29261568
56.6716,-110.3355,50.92,-97.025,N,2016,05,09,2016-05-09,300.4,26,38.2,277.8,0,-3.4709046,3.4564369,294.4424,289.5998,282.72867,273.77917,273.79715,3.0000153,0.0,0.17981741,0.22648942,0.2827153,0.29261568
53.4952,-103.4579,50.92,-97.025,N,2016,05,09,2016-05-09,330.6,100,167.2,281.0,1,-3.4709046,3.4564369,294.4424,289.5998,282.72867,273.77917,273.79715,3.0000153,0.0,0.17981741,0.22648942,0.2827153,0.29261568
56.4415,-110.5361,50.92,-97.025,N,2016,05,09,2016-05-09,306.9,14,19.1,276.0,0,-3.4709046,3.4564369,294.4424,289.5998,282.72867,273.77917,273.79715,3.0000153,0.0,0.17981741,0.22648942,0.2827153,0.29261568
56.6783,-110.2583,50.92,-97.025,N,2016,05,09,2016-05-09,306.7,69,22.6,280.0,0,-3.4709046,3.4564369,294.4424,289.5998,282.72867,273.77917,273.79715,3.0000153,0.0,0.17981741,0.22648942,0.2827153,0.29261568
56.6763,-110.2853,50.92,-97.025,N,2016,05,09,2016-05-09,300.8,8,13.9,278.9,0,-3.4709046,3.4564369,294.4424,289.5998,282.72867,273.77917,273.79715,3.0000153,0.0,0.17981741,0.22648942,0.2827153,0.29261568
56.7226,-110.8067,50.92,-97.025,N,2016,05,09,2016-05-09,300.2,7,7.6,276.3,0,-3.4709046,3.4564369,294.4424,289.5998,282.72867,273.77917,273.79715,3.0000153,0.0,0.17981741,0.22648942,0.2827153,0.29261568
56.6914,-110.7852,50.92,-97.025,N,2016,05,09,2016-05-09,324.2,86,24.8,278.3,0,-3.4709046,3.4564369,294.4424,289.5998,282.72867,273.77917,273.79715,3.0000153,0.0,0.17981741,0.22648942,0.2827153,0.29261568
56.6361,-110.8498,50.92,-97.025,N,2016,05,09,2016-05-09,302.2,18,9.0,277.9,0,-3.4709046,3.4564369,294.4424,289.5998,282.72867,273.77917,273.79715,3.0000153,0.0,0.17981741,0.22648942,0.2827153,0.29261568
52.1332,-102.3188,50.593,-96.099,D,2016,05,09,2016-05-09,325.6,81,42.4,295.5,0,-1.9967773,3.3964586,284.67386,283.93088,284.20215,277.89008,275.38663,6.0,0.0,0.5393138,0.57229006,0.62220156,0.63956684
51.6554,-100.0112,50.593,-96.099,D,2016,05,09,2016-05-09,313.5,59,10.4,298.5,0,-1.9967773,3.3964586,284.67386,283.93088,284.20215,277.89008,275.38663,6.0,0.0,0.5393138,0.57229006,0.62220156,0.63956684
51.5301,-103.2519,50.593,-96.099,D,2016,05,09,2016-05-09,312.9,40,11.3,297.4,0,-1.9967773,3.3964586,284.67386,283.93088,284.20215,277.89008,275.38663,6.0,0.0,0.5393138,0.57229006,0.62220156,0.63956684
51.3924,-102.242,50.593,-96.099,D,2016,05,09,2016-05-09,333.8,86,60.5,299.8,0,-1.9967773,3.3964586,284.67386,283.93088,284.20215,277.89008,275.38663,6.0,0.0,0.5393138,0.57229006,0.62220156,0.63956684
51.3904,-102.2165,50.593,-96.099,D,2016,05,09,2016-05-09,327.6,81,42.7,299.7,0,-1.9967773,3.3964586,284.67386,283.93088,284.20215,277.89008,275.38663,6.0,0.0,0.5393138,0.57229006,0.62220156,0.63956684
50.5854,-100.5984,50.593,-96.099,D,2016,05,09,2016-05-09,324.4,79,26.7,299.0,0,-1.9967773,3.3964586,284.67386,283.93088,284.20215,277.89008,275.38663,6.0,0.0,0.5393138,0.57229006,0.62220156,0.63956684
51.4043,-102.2348,50.593,-96.099,D,2016,05,09,2016-05-09,320.2,56,94.6,294.2,0,-1.9967773,3.3964586,284.67386,283.93088,284.20215,277.89008,275.38663,6.0,0.0,0.5393138,0.57229006,0.62220156,0.63956684
51.2584,-125.8466,50.593,-96.099,D,2016,05,09,2016-05-09,301.3,0,9.9,291.1,0,-1.9967773,3.3964586,284.67386,283.93088,284.20215,277.89008,275.38663,6.0,0.0,0.5393138,0.57229006,0.62220156,0.63956684
51.3995,-102.2464,50.593,-96.099,D,2016,05,09,2016-05-09,327.0,83,32.5,300.4,0,-1.9967773,3.3964586,284.67386,283.93088,284.20215,277.89008,275.38663,6.0,0.0,0.5393138,0.57229006,0.62220156,0.63956684
52.02,-103.205,50.593,-96.099,D,2016,05,09,2016-05-09,318.6,0,29.7,287.3,0,-1.9967773,3.3964586,284.67386,283.93088,284.20215,277.89008,275.38663,6.0,0.0,0.5393138,0.57229006,0.62220156,0.63956684
60.4142,-126.5595,55.678,-106.574,D,2016,05,12,2016-05-12,300.3,19,6.0,289.6,0,-0.9773017,-4.2579036,274.18726,274.78006,277.3669,277.5899,273.2585,1.0,0.0001755019,0.0350393,0.11308831,0.14002073,0.18772817
56.674,-110.7615,55.678,-106.574,D,2016,05,12,2016-05-12,326.1,68,74.7,279.5,0,-0.9773017,-4.2579036,274.18726,274.78006,277.3669,277.5899,273.2585,1.0,0.0001755019,0.0350393,0.11308831,0.14002073,0.18772817
56.666,-110.4145,55.678,-106.574,D,2016,05,12,2016-05-12,341.4,0,166.2,269.9,0,-0.9773017,-4.2579036,274.18726,274.78006,277.3669,277.5899,273.2585,1.0,0.0001755019,0.0350393,0.11308831,0.14002073,0.18772817
56.7112,-110.6368,55.678,-106.574,D,2016,05,12,2016-05-12,318.3,54,54.1,279.5,0,-0.9773017,-4.2579036,274.18726,274.78006,277.3669,277.5899,273.2585,1.0,0.0001755019,0.0350393,0.11308831,0.14002073,0.18772817
56.6342,-110.3539,55.678,-106.574,D,2016,05,12,2016-05-12,313.1,0,48.0,267.8,0,-0.9773017,-4.2579036,274.18726,274.78006,277.3669,277.5899,273.2585,1.0,0.0001755019,0.0350393,0.11308831,0.14002073,0.18772817
56.6861,-110.7511,55.678,-106.574,D,2016,05,12,2016-05-12,320.9,70,60.4,280.9,0,-0.9773017,-4.2579036,274.18726,274.78006,277.3669,277.5899,273.2585,1.0,0.0001755019,0.0350393,0.11308831,0.14002073,0.18772817
56.677,-110.7172,55.678,-106.574,D,2016,05,12,2016-05-12,341.2,92,158.4,281.8,1,-0.9773017,-4.2579036,274.18726,274.78006,277.3669,277.5899,273.2585,1.0,0.0001755019,0.0350393,0.11308831,0.14002073,0.18772817
56.665,-110.728,55.678,-106.574,D,2016,05,12,2016-05-12,342.8,88,165.4,280.2,0,-0.9773017,-4.2579036,274.18726,274.78006,277.3669,277.5899,273.2585,1.0,0.0001755019,0.0350393,0.11308831,0.14002073,0.18772817
56.6332,-110.7616,55.678,-106.574,D,2016,05,12,2016-05-12,309.9,53,37.2,278.3,0,-0.9773017,-4.2579036,274.18726,274.78006,277.3669,277.5899,273.2585,1.0,0.0001755019,0.0350393,0.11308831,0.14002073,0.18772817
56.6515,-111.6551,55.678,-106.574,D,2016,05,12,2016-05-12,346.9,82,178.1,284.7,0,-0.9773017,-4.2579036,274.18726,274.78006,277.3669,277.5899,273.2585,1.0,0.0001755019,0.0350393,0.11308831,0.14002073,0.18772817
56.6525,-111.6592,55.678,-106.574,D,2016,05,12,2016-05-12,339.1,69,136.1,284.4,0,-0.9773017,-4.2579036,274.18726,274.78006,277.3669,277.5899,273.2585,1.0,0.0001755019,0.0350393,0.11308831,0.14002073,0.18772817
56.5285,-110.6648,55.678,-106.574,D,2016,05,12,2016-05-12,335.7,87,50.6,275.9,0,-0.9773017,-4.2579036,274.18726,274.78006,277.3669,277.5899,273.2585,1.0,0.0001755019,0.0350393,0.11308831,0.14002073,0.18772817
56.5248,-110.6843,55.678,-106.574,D,2016,05,12,2016-05-12,334.0,82,45.9,277.3,0,-0.9773017,-4.2579036,274.18726,274.78006,277.3669,277.5899,273.2585,1.0,0.0001755019,0.0350393,0.11308831,0.14002073,0.18772817
56.5279,-110.6714,55.678,-106.574,D,2016,05,12,2016-05-12,332.3,88,46.2,277.2,0,-0.9773017,-4.2579036,274.18726,274.78006,277.3669,277.5899,273.2585,1.0,0.0001755019,0.0350393,0.11308831,0.14002073,0.18772817
56.5241,-110.6908,55.678,-106.574,D,2016,05,12,2016-05-12,323.5,77,30.0,277.1,0,-0.9773017,-4.2579036,274.18726,274.78006,277.3669,277.5899,273.2585,1.0,0.0001755019,0.0350393,0.11308831,0.14002073,0.18772817
56.6477,-110.711,55.678,-106.574,D,2016,05,12,2016-05-12,328.7,86,38.3,276.4,0,-0.9773017,-4.2579036,274.18726,274.78006,277.3669,277.5899,273.2585,1.0,0.0001755019,0.0350393,0.11308831,0.14002073,0.18772817
56.6666,-110.7234,55.678,-106.574,D,2016,05,12,2016-05-12,357.7,99,107.6,279.8,1,-0.9773017,-4.2579036,274.18726,274.78006,277.3669,277.5899,273.2585,1.0,0.0001755019,0.0350393,0.11308831,0.14002073,0.18772817
56.6628,-110.7428,55.678,-106.574,D,2016,05,12,2016-05-12,350.8,96,85.6,277.0,1,-0.9773017,-4.2579036,274.18726,274.78006,277.3669,277.5899,273.2585,1.0,0.0001755019,0.0350393,0.11308831,0.14002073,0.18772817
56.6985,-110.614,55.678,-106.574,D,2016,05,12,2016-05-12,324.8,83,33.4,278.0,0,-0.9773017,-4.2579036,274.18726,274.78006,277.3669,277.5899,273.2585,1.0,0.0001755019,0.0350393,0.11308831,0.14002073,0.18772817
56.6947,-110.6332,55.678,-106.574,D,2016,05,12,2016-05-12,317.5,78,23.0,276.4,0,-0.9773017,-4.2579036,274.18726,274.78006,277.3669,277.5899,273.2585,1.0,0.0001755019,0.0350393,0.11308831,0.14002073,0.18772817
56.676,-110.7299,55.678,-106.574,D,2016,05,12,2016-05-12,374.2,100,178.2,284.8,1,-0.9773017,-4.2579036,274.18726,274.78006,277.3669,277.5899,273.2585,1.0,0.0001755019,0.0350393,0.11308831,0.14002073,0.18772817
56.6722,-110.7493,55.678,-106.574,D,2016,05,12,2016-05-12,372.7,100,171.6,284.0,1,-0.9773017,-4.2579036,274.18726,274.78006,277.3669,277.5899,273.2585,1.0,0.0001755019,0.0350393,0.11308831,0.14002073,0.18772817
56.6684,-110.7685,55.678,-106.574,D,2016,05,12,2016-05-12,316.4,72,17.7,277.5,0,-0.9773017,-4.2579036,274.18726,274.78006,277.3669,277.5899,273.2585,1.0,0.0001755019,0.0350393,0.11308831,0.14002073,0.18772817
56.6609,-110.8073,55.678,-106.574,D,2016,05,12,2016-05-12,375.2,100,184.2,282.3,1,-0.9773017,-4.2579036,274.18726,274.78006,277.3669,277.5899,273.2585,1.0,0.0001755019,0.0350393,0.11308831,0.14002073,0.18772817
56.657,-110.8272,55.678,-106.574,D,2016,05,12,2016-05-12,367.9,100,151.5,282.2,1,-0.9773017,-4.2579036,274.18726,274.78006,277.3669,277.5899,273.2585,1.0,0.0001755019,0.0350393,0.11308831,0.14002073,0.18772817
56.7042,-110.6393,55.678,-106.574,D,2016,05,12,2016-05-12,342.2,93,62.0,279.0,1,-0.9773017,-4.2579036,274.18726,274.78006,277.3669,277.5899,273.2585,1.0,0.0001755019,0.0350393,0.11308831,0.14002073,0.18772817
56.7005,-110.6585,55.678,-106.574,D,2016,05,12,2016-05-12,327.6,74,32.0,276.2,0,-0.9773017,-4.2579036,274.18726,274.78006,277.3669,277.5899,273.2585,1.0,0.0001755019,0.0350393,0.11308831,0.14002073,0.18772817
56.6701,-110.8145,55.678,-106.574,D,2016,05,12,2016-05-12,345.7,77,70.4,282.6,0,-0.9773017,-4.2579036,274.18726,274.78006,277.3669,277.5899,273.2585,1.0,0.0001755019,0.0350393,0.11308831,0.14002073,0.18772817
56.6663,-110.8342,55.678,-106.574,D,2016,05,12,2016-05-12,342.8,61,65.9,280.2,0,-0.9773017,-4.2579036,274.18726,274.78006,277.3669,277.5899,273.2585,1.0,0.0001755019,0.0350393,0.11308831,0.14002073,0.18772817
56.6625,-110.8537,55.678,-106.574,D,2016,05,12,2016-05-12,310.5,0,13.2,276.2,0,-0.9773017,-4.2579036,274.18726,274.78006,277.3669,277.5899,273.2585,1.0,0.0001755019,0.0350393,0.11308831,0.14002073,0.18772817
56.7136,-110.6455,55.678,-106.574,D,2016,05,12,2016-05-12,359.2,99,111.0,280.3,1,-0.9773017,-4.2579036,274.18726,274.78006,277.3669,277.5899,273.2585,1.0,0.0001755019,0.0350393,0.11308831,0.14002073,0.18772817
56.7099,-110.6647,55.678,-106.574,D,2016,05,12,2016-05-12,347.3,95,72.9,279.8,1,-0.9773017,-4.2579036,274.18726,274.78006,277.3669,277.5899,273.2585,1.0,0.0001755019,0.0350393,0.11308831,0.14002073,0.18772817
56.7704,-110.4039,55.678,-106.574,D,2016,05,12,2016-05-12,303.1,43,9.4,277.4,0,-0.9773017,-4.2579036,274.18726,274.78006,277.3669,277.5899,273.2585,1.0,0.0001755019,0.0350393,0.11308831,0.14002073,0.18772817
56.7341,-110.5939,55.678,-106.574,D,2016,05,12,2016-05-12,312.3,56,14.6,275.5,0,-0.9773017,-4.2579036,274.18726,274.78006,277.3669,277.5899,273.2585,1.0,0.0001755019,0.0350393,0.11308831,0.14002073,0.18772817
56.7227,-110.876,55.678,-106.574,D,2016,05,12,2016-05-12,371.2,100,167.2,281.5,1,-0.9773017,-4.2579036,274.18726,274.78006,277.3669,277.5899,273.2585,1.0,0.0001755019,0.0350393,0.11308831,0.14002073,0.18772817
56.7189,-110.8955,55.678,-106.574,D,2016,05,12,2016-05-12,325.5,65,31.7,277.8,0,-0.9773017,-4.2579036,274.18726,274.78006,277.3669,277.5899,273.2585,1.0,0.0001755019,0.0350393,0.11308831,0.14002073,0.18772817
56.6424,-111.6448,55.678,-106.574,D,2016,05,12,2016-05-12,376.4,0,211.8,282.3,0,-0.9773017,-4.2579036,274.18726,274.78006,277.3669,277.5899,273.2585,1.0,0.0001755019,0.0350393,0.11308831,0.14002073,0.18772817
56.6382,-111.6651,55.678,-106.574,D,2016,05,12,2016-05-12,352.7,73,104.7,283.5,0,-0.9773017,-4.2579036,274.18726,274.78006,277.3669,277.5899,273.2585,1.0,0.0001755019,0.0350393,0.11308831,0.14002073,0.18772817
56.6522,-111.6512,55.678,-106.574,D,2016,05,12,2016-05-12,328.8,81,42.5,279.2,0,-0.9773017,-4.2579036,274.18726,274.78006,277.3669,277.5899,273.2585,1.0,0.0001755019,0.0350393,0.11308831,0.14002073,0.18772817
56.648,-111.6717,55.678,-106.574,D,2016,05,12,2016-05-12,313.3,53,18.8,282.3,0,-0.9773017,-4.2579036,274.18726,274.78006,277.3669,277.5899,273.2585,1.0,0.0001755019,0.0350393,0.11308831,0.14002073,0.18772817
56.66,-110.774,55.678,-106.574,D,2016,05,12,2016-05-12,309.7,52,81.3,271.9,0,-0.9773017,-4.2579036,274.18726,274.78006,277.3669,277.5899,273.2585,1.0,0.0001755019,0.0350393,0.11308831,0.14002073,0.18772817
56.6605,-110.8461,55.678,-106.574,D,2016,05,12,2016-05-12,318.0,59,136.2,273.6,0,-0.9773017,-4.2579036,274.18726,274.78006,277.3669,277.5899,273.2585,1.0,0.0001755019,0.0350393,0.11308831,0.14002073,0.18772817
56.6601,-110.7827,55.678,-106.574,D,2016,05,12,2016-05-12,310.8,0,89.2,272.0,0,-0.9773017,-4.2579036,274.18726,274.78006,277.3669,277.5899,273.2585,1.0,0.0001755019,0.0350393,0.11308831,0.14002073,0.18772817
56.6608,-110.8547,55.678,-106.574,D,2016,05,12,2016-05-12,316.6,0,125.6,273.3,0,-0.9773017,-4.2579036,274.18726,274.78006,277.3669,277.5899,273.2585,1.0,0.0001755019,0.0350393,0.11308831,0.14002073,0.18772817
56.5226,-121.212,55.678,-106.574,D,2016,05,12,2016-05-12,313.1,52,18.8,291.6,0,-0.9773017,-4.2579036,274.18726,274.78006,277.3669,277.5899,273.2585,1.0,0.0001755019,0.0350393,0.11308831,0.14002073,0.18772817
56.642,-120.1913,55.678,-106.574,D,2016,05,12,2016-05-12,318.0,44,28.6,293.6,0,-0.9773017,-4.2579036,274.18726,274.78006,277.3669,277.5899,273.2585,1.0,0.0001755019,0.0350393,0.11308831,0.14002073,0.18772817
56.5238,-111.4271,56.554,-111.007,N,2016,05,13,2016-05-13,313.9,69,17.0,279.1,0,1.2794667,-2.4724884,289.25922,284.50317,277.2975,272.21622,273.78723,6.0,0.0,0.49639672,0.52923685,0.5549837,0.57371277
56.6595,-110.9,56.554,-111.007,N,2016,05,13,2016-05-13,307.1,29,11.2,277.1,0,1.2794667,-2.4724884,289.25922,284.50317,277.2975,272.21622,273.78723,6.0,0.0,0.49639672,0.52923685,0.5549837,0.57371277
56.6641,-110.926,56.554,-111.007,N,2016,05,13,2016-05-13,306.8,51,11.7,277.9,0,1.2794667,-2.4724884,289.25922,284.50317,277.2975,272.21622,273.78723,6.0,0.0,0.49639672,0.52923685,0.5549837,0.57371277
56.673,-110.9301,56.554,-111.007,N,2016,05,13,2016-05-13,309.1,76,13.8,276.6,0,1.2794667,-2.4724884,289.25922,284.50317,277.2975,272.21622,273.78723,6.0,0.0,0.49639672,0.52923685,0.5549837,0.57371277
56.6603,-111.6548,56.554,-111.007,N,2016,05,13,2016-05-13,304.5,60,11.3,275.5,0,1.2794667,-2.4724884,289.25922,284.50317,277.2975,272.21622,273.78723,6.0,0.0,0.49639672,0.52923685,0.5549837,0.57371277
56.6607,-110.809,56.731,-110.886,D,2016,05,13,2016-05-13,351.0,84,59.5,293.3,0,1.9430573,-0.14621627,273.33527,272.33188,276.69962,272.07745,273.80597,6.0,0.0,0.4953434,0.5275349,0.5519489,0.5811493
56.6584,-110.7929,56.731,-110.886,D,2016,05,13,2016-05-13,335.0,0,32.0,284.4,0,1.9430573,-0.14621627,273.33527,272.33188,276.69962,272.07745,273.80597,6.0,0.0,0.4953434,0.5275349,0.5519489,0.5811493
56.6519,-110.813,56.731,-110.886,D,2016,05,13,2016-05-13,341.7,92,41.6,289.0,1,1.9430573,-0.14621627,273.33527,272.33188,276.69962,272.07745,273.80597,6.0,0.0,0.4953434,0.5275349,0.5519489,0.5811493
56.6496,-110.797,56.731,-110.886,D,2016,05,13,2016-05-13,326.5,73,21.0,281.6,0,1.9430573,-0.14621627,273.33527,272.33188,276.69962,272.07745,273.80597,6.0,0.0,0.4953434,0.5275349,0.5519489,0.5811493
56.6649,-111.6554,56.731,-110.886,D,2016,05,13,2016-05-13,346.1,94,54.1,292.4,1,1.9430573,-0.14621627,273.33527,272.33188,276.69962,272.07745,273.80597,6.0,0.0,0.4953434,0.5275349,0.5519489,0.5811493
56.6315,-111.6767,56.731,-110.886,D,2016,05,13,2016-05-13,326.1,64,25.2,285.7,0,1.9430573,-0.14621627,273.33527,272.33188,276.69962,272.07745,273.80597,6.0,0.0,0.4953434,0.5275349,0.5519489,0.5811493
62.0403,-134.4385,56.731,-110.886,D,2016,05,13,2016-05-13,315.9,47,13.5,305.5,0,1.9430573,-0.14621627,273.33527,272.33188,276.69962,272.07745,273.80597,6.0,0.0,0.4953434,0.5275349,0.5519489,0.5811493
56.6568,-110.837,56.731,-110.886,D,2016,05,13,2016-05-13,343.6,80,55.9,291.8,0,1.9430573,-0.14621627,273.33527,272.33188,276.69962,272.07745,273.80597,6.0,0.0,0.4953434,0.5275349,0.5519489,0.5811493
56.6666,-110.8398,56.731,-110.886,D,2016,05,13,2016-05-13,387.3,0,234.3,294.1,0,1.9430573,-0.14621627,273.33527,272.33188,276.69962,272.07745,273.80597,6.0,0.0,0.4953434,0.5275349,0.5519489,0.5811493
56.6585,-110.9181,56.731,-110.886,D,2016,05,13,2016-05-13,324.2,43,23.4,290.6,0,1.9430573,-0.14621627,273.33527,272.33188,276.69962,272.07745,273.80597,6.0,0.0,0.4953434,0.5275349,0.5519489,0.5811493
56.7859,-111.2519,56.731,-110.886,D,2016,05,13,2016-05-13,356.8,98,94.9,298.0,1,1.9430573,-0.14621627,273.33527,272.33188,276.69962,272.07745,273.80597,6.0,0.0,0.4953434,0.5275349,0.5519489,0.5811493
56.7865,-111.2571,56.731,-110.886,D,2016,05,13,2016-05-13,332.8,88,38.6,299.0,0,1.9430573,-0.14621627,273.33527,272.33188,276.69962,272.07745,273.80597,6.0,0.0,0.4953434,0.5275349,0.5519489,0.5811493
56.7419,-120.0619,56.731,-110.886,D,2016,05,13,2016-05-13,330.6,77,32.8,295.7,0,1.9430573,-0.14621627,273.33527,272.33188,276.69962,272.07745,273.80597,6.0,0.0,0.4953434,0.5275349,0.5519489,0.5811493
56.6266,-120.2216,56.731,-110.886,D,2016,05,13,2016-05-13,318.0,50,13.6,298.2,0,1.9430573,-0.14621627,273.33527,272.33188,276.69962,272.07745,273.80597,6.0,0.0,0.4953434,0.5275349,0.5519489,0.5811493
56.4071,-110.9436,54.959,-109.628,N,2016,05,14,2016-05-14,321.7,100,78.0,275.5,1,1.2672354,-1.5775042,289.40115,279.96448,276.07288,274.59015,274.0416,0.0,0.0,0.12174362,0.13760638,0.15890121,0.17058909
56.7093,-110.6012,54.959,-109.628,N,2016,05,14,2016-05-14,300.1,10,20.7,275.6,0,1.2672354,-1.5775042,289.40115,279.96448,276.07288,274.59015,274.0416,0.0,0.0,0.12174362,0.13760638,0.15890121,0.17058909
56.7433,-110.6323,54.959,-109.628,N,2016,05,14,2016-05-14,300.2,21,22.2,276.1,0,1.2672354,-1.5775042,289.40115,279.96448,276.07288,274.59015,274.0416,0.0,0.0,0.12174362,0.13760638,0.15890121,0.17058909
56.2792,-110.8308,54.959,-109.628,N,2016,05,14,2016-05-14,302.5,50,28.1,276.8,0,1.2672354,-1.5775042,289.40115,279.96448,276.07288,274.59015,274.0416,0.0,0.0,0.12174362,0.13760638,0.15890121,0.17058909
56.5978,-110.4329,54.959,-109.628,N,2016,05,14,2016-05-14,307.2,18,43.2,278.5,0,1.2672354,-1.5775042,289.40115,279.96448,276.07288,274.59015,274.0416,0.0,0.0,0.12174362,0.13760638,0.15890121,0.17058909
56.7493,-120.0643,54.959,-109.628,N,2016,05,14,2016-05-14,301.1,23,9.4,275.4,0,1.2672354,-1.5775042,289.40115,279.96448,276.07288,274.59015,274.0416,0.0,0.0,0.12174362,0.13760638,0.15890121,0.17058909
56.7287,-120.0749,54.959,-109.628,N,2016,05,14,2016-05-14,305.9,65,12.8,274.0,0,1.2672354,-1.5775042,289.40115,279.96448,276.07288,274.59015,274.0416,0.0,0.0,0.12174362,0.13760638,0.15890121,0.17058909
56.7194,-120.0713,54.959,-109.628,N,2016,05,14,2016-05-14,320.4,100,26.3,276.9,1,1.2672354,-1.5775042,289.40115,279.96448,276.07288,274.59015,274.0416,0.0,0.0,0.12174362,0.13760638,0.15890121,0.17058909
56.6117,-110.4349,54.959,-109.628,N,2016,05,14,2016-05-14,305.4,35,39.0,277.8,0,1.2672354,-1.5775042,289.40115,279.96448,276.07288,274.59015,274.0416,0.0,0.0,0.12174362,0.13760638,0.15890121,0.17058909
56.6642,-110.2215,54.959,-109.628,N,2016,05,14,2016-05-14,303.6,56,12.1,276.1,0,1.2672354,-1.5775042,289.40115,279.96448,276.07288,274.59015,274.0416,0.0,0.0,0.12174362,0.13760638,0.15890121,0.17058909
56.7085,-110.5959,54.959,-109.628,N,2016,05,14,2016-05-14,300.5,28,9.5,274.0,0,1.2672354,-1.5775042,289.40115,279.96448,276.07288,274.59015,274.0416,0.0,0.0,0.12174362,0.13760638,0.15890121,0.17058909
56.6223,-110.4706,54.959,-109.628,N,2016,05,14,2016-05-14,308.6,24,13.4,278.0,0,1.2672354,-1.5775042,289.40115,279.96448,276.07288,274.59015,274.0416,0.0,0.0,0.12174362,0.13760638,0.15890121,0.17058909
56.605,-110.4259,54.959,-109.628,N,2016,05,14,2016-05-14,319.1,26,21.8,281.1,0,1.2672354,-1.5775042,289.40115,279.96448,276.07288,274.59015,274.0416,0.0,0.0,0.12174362,0.13760638,0.15890121,0.17058909
56.7241,-120.0627,54.959,-109.628,N,2016,05,14,2016-05-14,301.8,44,16.4,274.1,0,1.2672354,-1.5775042,289.40115,279.96448,276.07288,274.59015,274.0416,0.0,0.0,0.12174362,0.13760638,0.15890121,0.17058909
57.4271,-113.5227,56.767,-113.007,D,2016,05,14,2016-05-14,305.5,24,6.6,291.1,0,1.5994718,-0.44765615,273.63718,272.17523,277.55576,272.3237,273.8335,6.0,0.0,0.52075994,0.5408762,0.58167136,0.5910231
56.7624,-119.9649,56.767,-113.007,D,2016,05,14,2016-05-14,328.9,60,22.5,299.3,0,1.5994718,-0.44765615,273.63718,272.17523,277.55576,272.3237,273.8335,6.0,0.0,0.52075994,0.5408762,0.58167136,0.5910231
56.7671,-120.0549,56.767,-113.007,D,2016,05,14,2016-05-14,377.7,100,138.3,300.4,1,1.5994718,-0.44765615,273.63718,272.17523,277.55576,272.3237,273.8335,6.0,0.0,0.52075994,0.5408762,0.58167136,0.5910231
56.7646,-120.039,56.767,-113.007,D,2016,05,14,2016-05-14,378.0,100,138.2,302.6,1,1.5994718,-0.44765615,273.63718,272.17523,277.55576,272.3237,273.8335,6.0,0.0,0.52075994,0.5408762,0.58167136,0.5910231
56.7559,-120.0434,56.767,-113.007,D,2016,05,14,2016-05-14,331.3,52,22.6,303.3,0,1.5994718,-0.44765615,273.63718,272.17523,277.55576,272.3237,273.8335,6.0,0.0,0.52075994,0.5408762,0.58167136,0.5910231
56.7234,-120.0769,56.767,-113.007,D,2016,05,14,2016-05-14,343.8,93,41.1,303.2,1,1.5994718,-0.44765615,273.63718,272.17523,277.55576,272.3237,273.8335,6.0,0.0,0.52075994,0.5408762,0.58167136,0.5910231
56.721,-120.061,56.767,-113.007,D,2016,05,14,2016-05-14,337.7,90,30.1,302.6,1,1.5994718,-0.44765615,273.63718,272.17523,277.55576,272.3237,273.8335,6.0,0.0,0.52075994,0.5408762,0.58167136,0.5910231
56.707,-120.1535,56.767,-113.007,D,2016,05,14,2016-05-14,358.1,99,78.0,297.8,1,1.5994718,-0.44765615,273.63718,272.17523,277.55576,272.3237,273.8335,6.0,0.0,0.52075994,0.5408762,0.58167136,0.5910231
56.7045,-120.1376,56.767,-113.007,D,2016,05,14,2016-05-14,376.0,100,133.1,306.3,1,1.5994718,-0.44765615,273.63718,272.17523,277.55576,272.3237,273.8335,6.0,0.0,0.52075994,0.5408762,0.58167136,0.5910231
56.6754,-120.1923,56.767,-113.007,D,2016,05,14,2016-05-14,334.4,88,31.1,297.6,0,1.5994718,-0.44765615,273.63718,272.17523,277.55576,272.3237,273.8335,6.0,0.0,0.52075994,0.5408762,0.58167136,0.5910231
56.6935,-120.1387,56.767,-113.007,D,2016,05,14,2016-05-14,328.7,85,153.8,297.2,0,1.5994718,-0.44765615,273.63718,272.17523,277.55576,272.3237,273.8335,6.0,0.0,0.52075994,0.5408762,0.58167136,0.5910231
56.7164,-120.1013,56.767,-113.007,D,2016,05,14,2016-05-14,316.2,11,72.9,295.5,0,1.5994718,-0.44765615,273.63718,272.17523,277.55576,272.3237,273.8335,6.0,0.0,0.52075994,0.5408762,0.58167136,0.5910231
56.6997,-120.1535,56.767,-113.007,D,2016,05,14,2016-05-14,395.1,100,1475.0,299.3,1,1.5994718,-0.44765615,273.63718,272.17523,277.55576,272.3237,273.8335,6.0,0.0,0.52075994,0.5408762,0.58167136,0.5910231
56.7635,-120.0124,56.767,-113.007,D,2016,05,14,2016-05-14,332.0,87,188.5,295.7,0,1.5994718,-0.44765615,273.63718,272.17523,277.55576,272.3237,273.8335,6.0,0.0,0.52075994,0.5408762,0.58167136,0.5910231
56.7469,-120.0643,56.767,-113.007,D,2016,05,14,2016-05-14,351.8,97,414.0,296.1,1,1.5994718,-0.44765615,273.63718,272.17523,277.55576,272.3237,273.8335,6.0,0.0,0.52075994,0.5408762,0.58167136,0.5910231
56.7702,-120.0234,56.767,-113.007,D,2016,05,14,2016-05-14,329.8,86,180.2,291.2,0,1.5994718,-0.44765615,273.63718,272.17523,277.55576,272.3237,273.8335,6.0,0.0,0.52075994,0.5408762,0.58167136,0.5910231
56.7535,-120.0751,56.767,-113.007,D,2016,05,14,2016-05-14,340.8,92,286.7,293.1,1,1.5994718,-0.44765615,273.63718,272.17523,277.55576,272.3237,273.8335,6.0,0.0,0.52075994,0.5408762,0.58167136,0.5910231
56.7604,-120.0401,56.767,-113.007,D,2016,05,14,2016-05-14,335.9,68,47.8,298.1,0,1.5994718,-0.44765615,273.63718,272.17523,277.55576,272.3237,273.8335,6.0,0.0,0.52075994,0.5408762,0.58167136,0.5910231
56.6465,-120.2213,56.767,-113.007,D,2016,05,14,2016-05-14,348.6,95,83.7,297.4,1,1.5994718,-0.44765615,273.63718,272.17523,277.55576,272.3237,273.8335,6.0,0.0,0.52075994,0.5408762,0.58167136,0.5910231
56.6447,-120.2055,56.767,-113.007,D,2016,05,14,2016-05-14,330.6,70,35.4,300.4,0,1.5994718,-0.44765615,273.63718,272.17523,277.55576,272.3237,273.8335,6.0,0.0,0.52075994,0.5408762,0.58167136,0.5910231
56.6427,-120.2274,56.767,-113.007,D,2016,05,14,2016-05-14,325.0,56,27.5,296.4,0,1.5994718,-0.44765615,273.63718,272.17523,277.55576,272.3237,273.8335,6.0,0.0,0.52075994,0.5408762,0.58167136,0.5910231
56.6673,-120.1898,56.767,-113.007,D,2016,05,14,2016-05-14,326.6,34,25.3,299.0,0,1.5994718,-0.44765615,273.63718,272.17523,277.55576,272.3237,273.8335,6.0,0.0,0.52075994,0.5408762,0.58167136,0.5910231
56.6776,-120.1928,56.767,-113.007,D,2016,05,14,2016-05-14,384.3,100,259.0,299.3,1,1.5994718,-0.44765615,273.63718,272.17523,277.55576,272.3237,273.8335,6.0,0.0,0.52075994,0.5408762,0.58167136,0.5910231
56.6756,-120.2147,56.767,-113.007,D,2016,05,14,2016-05-14,413.3,100,529.4,306.6,1,1.5994718,-0.44765615,273.63718,272.17523,277.55576,272.3237,273.8335,6.0,0.0,0.52075994,0.5408762,0.58167136,0.5910231
56.7043,-120.1326,56.767,-113.007,D,2016,05,14,2016-05-14,337.5,90,47.0,300.4,1,1.5994718,-0.44765615,273.63718,272.17523,277.55576,272.3237,273.8335,6.0,0.0,0.52075994,0.5408762,0.58167136,0.5910231
56.7023,-120.1547,56.767,-113.007,D,2016,05,14,2016-05-14,375.2,100,199.5,303.7,1,1.5994718,-0.44765615,273.63718,272.17523,277.55576,272.3237,273.8335,6.0,0.0,0.52075994,0.5408762,0.58167136,0.5910231
56.7003,-120.1768,56.767,-113.007,D,2016,05,14,2016-05-14,375.5,100,204.2,296.5,1,1.5994718,-0.44765615,273.63718,272.17523,277.55576,272.3237,273.8335,6.0,0.0,0.52075994,0.5408762,0.58167136,0.5910231
56.7208,-120.069,56.767,-113.007,D,2016,05,14,2016-05-14,340.0,89,54.3,304.9,0,1.5994718,-0.44765615,273.63718,272.17523,277.55576,272.3237,273.8335,6.0,0.0,0.52075994,0.5408762,0.58167136,0.5910231
56.7147,-120.1356,56.767,-113.007,D,2016,05,14,2016-05-14,367.1,100,155.6,297.9,1,1.5994718,-0.44765615,273.63718,272.17523,277.55576,272.3237,273.8335,6.0,0.0,0.52075994,0.5408762,0.58167136,0.5910231
56.7127,-120.1578,56.767,-113.007,D,2016,05,14,2016-05-14,364.0,100,144.5,298.3,1,1.5994718,-0.44765615,273.63718,272.17523,277.55576,272.3237,273.8335,6.0,0.0,0.52075994,0.5408762,0.58167136,0.5910231
56.7106,-120.1799,56.767,-113.007,D,2016,05,14,2016-05-14,403.4,100,424.7,298.2,1,1.5994718,-0.44765615,273.63718,272.17523,277.55576,272.3237,273.8335,6.0,0.0,0.52075994,0.5408762,0.58167136,0.5910231
56.7086,-120.2019,56.767,-113.007,D,2016,05,14,2016-05-14,342.1,92,69.0,289.1,1,1.5994718,-0.44765615,273.63718,272.17523,277.55576,272.3237,273.8335,6.0,0.0,0.52075994,0.5408762,0.58167136,0.5910231
56.7291,-120.0943,56.767,-113.007,D,2016,05,14,2016-05-14,356.0,98,108.1,298.7,1,1.5994718,-0.44765615,273.63718,272.17523,277.55576,272.3237,273.8335,6.0,0.0,0.52075994,0.5408762,0.58167136,0.5910231
56.723,-120.1609,56.767,-113.007,D,2016,05,14,2016-05-14,372.5,100,193.0,292.6,1,1.5994718,-0.44765615,273.63718,272.17523,277.55576,272.3237,273.8335,6.0,0.0,0.52075994,0.5408762,0.58167136,0.5910231
56.7209,-120.183,56.767,-113.007,D,2016,05,14,2016-05-14,338.5,91,62.7,286.7,1,1.5994718,-0.44765615,273.63718,272.17523,277.55576,272.3237,273.8335,6.0,0.0,0.52075994,0.5408762,0.58167136,0.5910231
56.7415,-120.0751,56.767,-113.007,D,2016,05,14,2016-05-14,346.2,86,74.6,299.5,0,1.5994718,-0.44765615,273.63718,272.17523,277.55576,272.3237,273.8335,6.0,0.0,0.52075994,0.5408762,0.58167136,0.5910231
56.7584,-120.0625,56.767,-113.007,D,2016,05,14,2016-05-14,330.4,41,37.3,298.7,0,1.5994718,-0.44765615,273.63718,272.17523,277.55576,272.3237,273.8335,6.0,0.0,0.52075994,0.5408762,0.58167136,0.5910231
56.7688,-120.0656,56.767,-113.007,D,2016,05,14,2016-05-14,346.5,94,83.2,296.4,1,1.5994718,-0.44765615,273.63718,272.17523,277.55576,272.3237,273.8335,6.0,0.0,0.52075994,0.5408762,0.58167136,0.5910231
56.7654,-120.0684,56.782,-114.809,N,2016,05,15,2016-05-15,302.7,38,21.6,276.7,0,0.16222735,1.900662,294.06213,289.34952,280.4082,273.13617,273.5558,3.0,0.0,0.41279745,0.44043356,0.47779346,0.4445667
56.6633,-120.2463,56.782,-114.809,N,2016,05,15,2016-05-15,306.6,26,25.1,279.9,0,0.16222735,1.900662,294.06213,289.34952,280.4082,273.13617,273.5558,3.0,0.0,0.41279745,0.44043356,0.47779346,0.4445667
56.7166,-120.1619,56.782,-114.809,N,2016,05,15,2016-05-15,312.6,20,33.9,280.6,0,0.16222735,1.900662,294.06213,289.34952,280.4082,273.13617,273.5558,3.0,0.0,0.41279745,0.44043356,0.47779346,0.4445667
56.7721,-120.0407,56.782,-114.809,N,2016,05,15,2016-05-15,308.5,75,30.9,280.4,0,0.16222735,1.900662,294.06213,289.34952,280.4082,273.13617,273.5558,3.0,0.0,0.41279745,0.44043356,0.47779346,0.4445667
56.6827,-120.2218,56.782,-114.809,N,2016,05,15,2016-05-15,314.9,14,18.4,278.2,0,0.16222735,1.900662,294.06213,289.34952,280.4082,273.13617,273.5558,3.0,0.0,0.41279745,0.44043356,0.47779346,0.4445667
56.7677,-120.0513,56.782,-114.809,N,2016,05,15,2016-05-15,304.6,38,12.1,275.5,0,0.16222735,1.900662,294.06213,289.34952,280.4082,273.13617,273.5558,3.0,0.0,0.41279745,0.44043356,0.47779346,0.4445667
56.7767,-120.046,56.782,-114.809,N,2016,05,15,2016-05-15,305.7,43,13.0,277.9,0,0.16222735,1.900662,294.06213,289.34952,280.4082,273.13617,273.5558,3.0,0.0,0.41279745,0.44043356,0.47779346,0.4445667
56.592,-120.0062,56.351,-116.711,D,2016,05,15,2016-05-15,315.2,59,39.4,294.7,0,-1.4756899,1.9690835,275.2171,274.70523,279.75745,274.96445,273.3543,3.0,0.0,0.2669651,0.27652067,0.3218488,0.30594262
56.5973,-121.3723,56.351,-116.711,D,2016,05,15,2016-05-15,312.3,63,44.6,292.6,0,-1.4756899,1.9690835,275.2171,274.70523,279.75745,274.96445,273.3543,3.0,0.0,0.2669651,0.27652067,0.3218488,0.30594262
56.5958,-121.3233,56.351,-116.711,D,2016,05,15,2016-05-15,375.2,100,636.2,299.6,1,-1.4756899,1.9690835,275.2171,274.70523,279.75745,274.96445,273.3543,3.0,0.0,0.2669651,0.27652067,0.3218488,0.30594262
56.5929,-121.2269,56.351,-116.711,D,2016,05,15,2016-05-15,309.0,43,24.0,296.6,0,-1.4756899,1.9690835,275.2171,274.70523,279.75745,274.96445,273.3543,3.0,0.0,0.2669651,0.27652067,0.3218488,0.30594262
56.3251,-121.7135,56.351,-116.711,D,2016,05,15,2016-05-15,336.6,89,177.8,292.1,0,-1.4756899,1.9690835,275.2171,274.70523,279.75745,274.96445,273.3543,3.0,0.0,0.2669651,0.27652067,0.3218488,0.30594262
56.3238,-121.6641,56.351,-116.711,D,2016,05,15,2016-05-15,329.5,82,124.1,294.8,0,-1.4756899,1.9690835,275.2171,274.70523,279.75745,274.96445,273.3543,3.0,0.0,0.2669651,0.27652067,0.3218488,0.30594262
56.31,-121.7145,56.351,-116.711,D,2016,05,15,2016-05-15,321.0,79,87.7,294.8,0,-1.4756899,1.9690835,275.2171,274.70523,279.75745,274.96445,273.3543,3.0,0.0,0.2669651,0.27652067,0.3218488,0.30594262
56.3088,-121.6652,56.351,-116.711,D,2016,05,15,2016-05-15,322.5,80,92.3,296.1,0,-1.4756899,1.9690835,275.2171,274.70523,279.75745,274.96445,273.3543,3.0,0.0,0.2669651,0.27652067,0.3218488,0.30594262
56.3112,-121.72,56.351,-116.711,D,2016,05,15,2016-05-15,331.5,86,144.4,294.6,0,-1.4756899,1.9690835,275.2171,274.70523,279.75745,274.96445,273.3543,3.0,0.0,0.2669651,0.27652067,0.3218488,0.30594262
56.3097,-121.6705,56.351,-116.711,D,2016,05,15,2016-05-15,333.7,88,156.8,296.5,0,-1.4756899,1.9690835,275.2171,274.70523,279.75745,274.96445,273.3543,3.0,0.0,0.2669651,0.27652067,0.3218488,0.30594262
56.2948,-121.6715,56.351,-116.711,D,2016,05,15,2016-05-15,308.8,34,31.4,293.4,0,-1.4756899,1.9690835,275.2171,274.70523,279.75745,274.96445,273.3543,3.0,0.0,0.2669651,0.27652067,0.3218488,0.30594262
56.7919,-120.0525,56.351,-116.711,D,2016,05,15,2016-05-15,373.0,100,495.7,294.5,1,-1.4756899,1.9690835,275.2171,274.70523,279.75745,274.96445,273.3543,3.0,0.0,0.2669651,0.27652067,0.3218488,0.30594262
56.7902,-120.0094,56.351,-116.711,D,2016,05,15,2016-05-15,345.0,94,196.7,294.0,1,-1.4756899,1.9690835,275.2171,274.70523,279.75745,274.96445,273.3543,3.0,0.0,0.2669651,0.27652067,0.3218488,0.30594262
56.7779,-120.054,56.351,-116.711,D,2016,05,15,2016-05-15,377.6,100,559.0,298.2,1,-1.4756899,1.9690835,275.2171,274.70523,279.75745,274.96445,273.3543,3.0,0.0,0.2669651,0.27652067,0.3218488,0.30594262
56.7762,-120.0109,56.351,-116.711,D,2016,05,15,2016-05-15,353.4,97,262.7,297.4,1,-1.4756899,1.9690835,275.2171,274.70523,279.75745,274.96445,273.3543,3.0,0.0,0.2669651,0.27652067,0.3218488,0.30594262
56.7654,-120.0987,56.351,-116.711,D,2016,05,15,2016-05-15,375.8,100,542.5,296.8,1,-1.4756899,1.9690835,275.2171,274.70523,279.75745,274.96445,273.3543,3.0,0.0,0.2669651,0.27652067,0.3218488,0.30594262
56.7639,-120.0556,56.351,-116.711,D,2016,05,15,2016-05-15,321.7,66,61.3,297.0,0,-1.4756899,1.9690835,275.2171,274.70523,279.75745,274.96445,273.3543,3.0,0.0,0.2669651,0.27652067,0.3218488,0.30594262
56.787,-120.0587,56.351,-116.711,D,2016,05,15,2016-05-15,382.7,100,652.1,297.1,1,-1.4756899,1.9690835,275.2171,274.70523,279.75745,274.96445,273.3543,3.0,0.0,0.2669651,0.27652067,0.3218488,0.30594262
56.7852,-120.0157,56.351,-116.711,D,2016,05,15,2016-05-15,375.1,100,527.4,297.0,1,-1.4756899,1.9690835,275.2171,274.70523,279.75745,274.96445,273.3543,3.0,0.0,0.2669651,0.27652067,0.3218488,0.30594262
56.773,-120.0602,56.351,-116.711,D,2016,05,15,2016-05-15,332.6,88,117.1,296.1,0,-1.4756899,1.9690835,275.2171,274.70523,279.75745,274.96445,273.3543,3.0,0.0,0.2669651,0.27652067,0.3218488,0.30594262
56.7712,-120.0172,56.351,-116.711,D,2016,05,15,2016-05-15,330.6,87,107.4,298.1,0,-1.4756899,1.9690835,275.2171,274.70523,279.75745,274.96445,273.3543,3.0,0.0,0.2669651,0.27652067,0.3218488,0.30594262
56.7607,-120.1048,56.351,-116.711,D,2016,05,15,2016-05-15,382.9,100,650.4,299.6,1,-1.4756899,1.9690835,275.2171,274.70523,279.75745,274.96445,273.3543,3.0,0.0,0.2669651,0.27652067,0.3218488,0.30594262
56.759,-120.0618,56.351,-116.711,D,2016,05,15,2016-05-15,337.2,86,135.9,297.7,0,-1.4756899,1.9690835,275.2171,274.70523,279.75745,274.96445,273.3543,3.0,0.0,0.2669651,0.27652067,0.3218488,0.30594262
56.7467,-120.1064,56.351,-116.711,D,2016,05,15,2016-05-15,346.1,90,196.0,297.0,1,-1.4756899,1.9690835,275.2171,274.70523,279.75745,274.96445,273.3543,3.0,0.0,0.2669651,0.27652067,0.3218488,0.30594262
56.745,-120.0632,56.351,-116.711,D,2016,05,15,2016-05-15,326.7,48,75.3,299.1,0,-1.4756899,1.9690835,275.2171,274.70523,279.75745,274.96445,273.3543,3.0,0.0,0.2669651,0.27652067,0.3218488,0.30594262
56.736,-120.1945,56.351,-116.711,D,2016,05,15,2016-05-15,342.5,92,180.8,291.6,1,-1.4756899,1.9690835,275.2171,274.70523,279.75745,274.96445,273.3543,3.0,0.0,0.2669651,0.27652067,0.3218488,0.30594262
56.7344,-120.1511,56.351,-116.711,D,2016,05,15,2016-05-15,332.2,76,110.4,294.3,0,-1.4756899,1.9690835,275.2171,274.70523,279.75745,274.96445,273.3543,3.0,0.0,0.2669651,0.27652067,0.3218488,0.30594262
56.7327,-120.1079,56.351,-116.711,D,2016,05,15,2016-05-15,323.9,61,65.6,296.5,0,-1.4756899,1.9690835,275.2171,274.70523,279.75745,274.96445,273.3543,3.0,0.0,0.2669651,0.27652067,0.3218488,0.30594262
56.7236,-120.2397,56.351,-116.711,D,2016,05,15,2016-05-15,307.5,34,24.4,288.0,0,-1.4756899,1.9690835,275.2171,274.70523,279.75745,274.96445,273.3543,3.0,0.0,0.2669651,0.27652067,0.3218488,0.30594262
56.7219,-120.1961,56.351,-116.711,D,2016,05,15,2016-05-15,389.6,100,784.6,300.7,1,-1.4756899,1.9690835,275.2171,274.70523,279.75745,274.96445,273.3543,3.0,0.0,0.2669651,0.27652067,0.3218488,0.30594262
56.7203,-120.1527,56.351,-116.711,D,2016,05,15,2016-05-15,327.5,32,75.4,298.8,0,-1.4756899,1.9690835,275.2171,274.70523,279.75745,274.96445,273.3543,3.0,0.0,0.2669651,0.27652067,0.3218488,0.30594262
56.7079,-120.1978,56.351,-116.711,D,2016,05,15,2016-05-15,338.3,77,138.6,295.7,0,-1.4756899,1.9690835,275.2171,274.70523,279.75745,274.96445,273.3543,3.0,0.0,0.2669651,0.27652067,0.3218488,0.30594262
56.6954,-120.243,56.351,-116.711,D,2016,05,15,2016-05-15,356.9,98,308.2,292.6,1,-1.4756899,1.9690835,275.2171,274.70523,279.75745,274.96445,273.3543,3.0,0.0,0.2669651,0.27652067,0.3218488,0.30594262
56.6938,-120.1992,56.351,-116.711,D,2016,05,15,2016-05-15,340.7,92,160.5,293.8,1,-1.4756899,1.9690835,275.2171,274.70523,279.75745,274.96445,273.3543,3.0,0.0,0.2669651,0.27652067,0.3218488,0.30594262
56.6922,-120.1557,56.351,-116.711,D,2016,05,15,2016-05-15,315.0,43,23.4,295.9,0,-1.4756899,1.9690835,275.2171,274.70523,279.75745,274.96445,273.3543,3.0,0.0,0.2669651,0.27652067,0.3218488,0.30594262
56.6813,-120.2445,56.351,-116.711,D,2016,05,15,2016-05-15,402.2,100,1084.0,299.7,1,-1.4756899,1.9690835,275.2171,274.70523,279.75745,274.96445,273.3543,3.0,0.0,0.2669651,0.27652067,0.3218488,0.30594262
56.6797,-120.2006,56.351,-116.711,D,2016,05,15,2016-05-15,365.4,100,392.1,298.0,1,-1.4756899,1.9690835,275.2171,274.70523,279.75745,274.96445,273.3543,3.0,0.0,0.2669651,0.27652067,0.3218488,0.30594262
56.7178,-120.2043,56.351,-116.711,D,2016,05,15,2016-05-15,367.6,100,419.1,297.6,1,-1.4756899,1.9690835,275.2171,274.70523,279.75745,274.96445,273.3543,3.0,0.0,0.2669651,0.27652067,0.3218488,0.30594262
56.716,-120.161,56.351,-116.711,D,2016,05,15,2016-05-15,333.6,69,103.9,301.1,0,-1.4756899,1.9690835,275.2171,274.70523,279.75745,274.96445,273.3543,3.0,0.0,0.2669651,0.27652067,0.3218488,0.30594262
56.7037,-120.206,56.351,-116.711,D,2016,05,15,2016-05-15,326.3,63,79.3,293.9,0,-1.4756899,1.9690835,275.2171,274.70523,279.75745,274.96445,273.3543,3.0,0.0,0.2669651,0.27652067,0.3218488,0.30594262
56.7019,-120.1625,56.351,-116.711,D,2016,05,15,2016-05-15,330.4,86,89.9,299.6,0,-1.4756899,1.9690835,275.2171,274.70523,279.75745,274.96445,273.3543,3.0,0.0,0.2669651,0.27652067,0.3218488,0.30594262
56.6914,-120.2511,56.351,-116.711,D,2016,05,15,2016-05-15,345.2,94,205.0,292.0,1,-1.4756899,1.9690835,275.2171,274.70523,279.75745,274.96445,273.3543,3.0,0.0,0.2669651,0.27652067,0.3218488,0.30594262
56.6896,-120.2074,56.351,-116.711,D,2016,05,15,2016-05-15,347.3,95,210.8,295.0,1,-1.4756899,1.9690835,275.2171,274.70523,279.75745,274.96445,273.3543,3.0,0.0,0.2669651,0.27652067,0.3218488,0.30594262
56.6772,-120.2526,56.351,-116.711,D,2016,05,15,2016-05-15,390.4,100,808.1,298.4,1,-1.4756899,1.9690835,275.2171,274.70523,279.75745,274.96445,273.3543,3.0,0.0,0.2669651,0.27652067,0.3218488,0.30594262
56.6755,-120.2087,56.351,-116.711,D,2016,05,15,2016-05-15,381.1,100,620.6,299.6,1,-1.4756899,1.9690835,275.2171,274.70523,279.75745,274.96445,273.3543,3.0,0.0,0.2669651,0.27652067,0.3218488,0.30594262
56.6631,-120.2541,56.351,-116.711,D,2016,05,15,2016-05-15,353.5,97,270.7,297.3,1,-1.4756899,1.9690835,275.2171,274.70523,279.75745,274.96445,273.3543,3.0,0.0,0.2669651,0.27652067,0.3218488,0.30594262
56.6614,-120.2101,56.351,-116.711,D,2016,05,15,2016-05-15,334.3,84,116.4,296.8,0,-1.4756899,1.9690835,275.2171,274.70523,279.75745,274.96445,273.3543,3.0,0.0,0.2669651,0.27652067,0.3218488,0.30594262
56.649,-120.2555,56.351,-116.711,D,2016,05,15,2016-05-15,334.4,89,125.6,295.2,0,-1.4756899,1.9690835,275.2171,274.70523,279.75745,274.96445,273.3543,3.0,0.0,0.2669651,0.27652067,0.3218488,0.30594262
56.5971,-119.9997,56.351,-116.711,D,2016,05,15,2016-05-15,314.8,56,38.1,293.9,0,-1.4756899,1.9690835,275.2171,274.70523,279.75745,274.96445,273.3543,3.0,0.0,0.2669651,0.27652067,0.3218488,0.30594262
56.5844,-120.0102,56.351,-116.711,D,2016,05,15,2016-05-15,356.0,98,201.6,298.0,1,-1.4756899,1.9690835,275.2171,274.70523,279.75745,274.96445,273.3543,3.0,0.0,0.2669651,0.27652067,0.3218488,0.30594262
56.5766,-119.9794,56.351,-116.711,D,2016,05,15,2016-05-15,327.7,64,55.6,297.3,0,-1.4756899,1.9690835,275.2171,274.70523,279.75745,274.96445,273.3543,3.0,0.0,0.2669651,0.27652067,0.3218488,0.30594262
56.5295,-119.9043,56.351,-116.711,D,2016,05,15,2016-05-15,312.3,40,16.5,297.9,0,-1.4756899,1.9690835,275.2171,274.70523,279.75745,274.96445,273.3543,3.0,0.0,0.2669651,0.27652067,0.3218488,0.30594262
56.5372,-120.1633,56.351,-116.711,D,2016,05,15,2016-05-15,328.4,84,57.0,301.2,0,-1.4756899,1.9690835,275.2171,274.70523,279.75745,274.96445,273.3543,3.0,0.0,0.2669651,0.27652067,0.3218488,0.30594262
56.6129,-121.2251,56.351,-116.711,D,2016,05,15,2016-05-15,319.0,65,30.7,297.3,0,-1.4756899,1.9690835,275.2171,274.70523,279.75745,274.96445,273.3543,3.0,0.0,0.2669651,0.27652067,0.3218488,0.30594262
56.6,-121.3347,56.351,-116.711,D,2016,05,15,2016-05-15,341.5,92,103.3,298.3,1,-1.4756899,1.9690835,275.2171,274.70523,279.75745,274.96445,273.3543,3.0,0.0,0.2669651,0.27652067,0.3218488,0.30594262
56.5934,-121.3074,56.351,-116.711,D,2016,05,15,2016-05-15,335.7,89,78.6,299.7,0,-1.4756899,1.9690835,275.2171,274.70523,279.75745,274.96445,273.3543,3.0,0.0,0.2669651,0.27652067,0.3218488,0.30594262
56.5889,-121.3429,56.351,-116.711,D,2016,05,15,2016-05-15,312.8,51,20.9,296.9,0,-1.4756899,1.9690835,275.2171,274.70523,279.75745,274.96445,273.3543,3.0,0.0,0.2669651,0.27652067,0.3218488,0.30594262
56.3476,-121.6785,56.351,-116.711,D,2016,05,15,2016-05-15,357.9,99,184.7,288.8,1,-1.4756899,1.9690835,275.2171,274.70523,279.75745,274.96445,273.3543,3.0,0.0,0.2669651,0.27652067,0.3218488,0.30594262
56.3431,-121.7139,56.351,-116.711,D,2016,05,15,2016-05-15,320.4,74,37.4,291.6,0,-1.4756899,1.9690835,275.2171,274.70523,279.75745,274.96445,273.3543,3.0,0.0,0.2669651,0.27652067,0.3218488,0.30594262
56.3366,-121.687,56.351,-116.711,D,2016,05,15,2016-05-15,431.4,100,1180.5,305.4,1,-1.4756899,1.9690835,275.2171,274.70523,279.75745,274.96445,273.3543,3.0,0.0,0.2669651,0.27652067,0.3218488,0.30594262
56.3301,-121.66,56.351,-116.711,D,2016,05,15,2016-05-15,398.7,100,573.4,302.0,1,-1.4756899,1.9690835,275.2171,274.70523,279.75745,274.96445,273.3543,3.0,0.0,0.2669651,0.27652067,0.3218488,0.30594262
56.3419,-121.6881,56.351,-116.711,D,2016,05,15,2016-05-15,419.0,100,911.7,302.4,1,-1.4756899,1.9690835,275.2171,274.70523,279.75745,274.96445,273.3543,3.0,0.0,0.2669651,0.27652067,0.3218488,0.30594262
56.3355,-121.661,56.351,-116.711,D,2016,05,15,2016-05-15,373.4,100,293.5,295.7,1,-1.4756899,1.9690835,275.2171,274.70523,279.75745,274.96445,273.3543,3.0,0.0,0.2669651,0.27652067,0.3218488,0.30594262
56.3309,-121.6965,56.351,-116.711,D,2016,05,15,2016-05-15,364.9,100,228.9,295.7,1,-1.4756899,1.9690835,275.2171,274.70523,279.75745,274.96445,273.3543,3.0,0.0,0.2669651,0.27652067,0.3218488,0.30594262
56.3245,-121.6695,56.351,-116.711,D,2016,05,15,2016-05-15,394.7,100,521.0,303.2,1,-1.4756899,1.9690835,275.2171,274.70523,279.75745,274.96445,273.3543,3.0,0.0,0.2669651,0.27652067,0.3218488,0.30594262
56.318,-121.6419,56.351,-116.711,D,2016,05,15,2016-05-15,325.8,84,44.8,299.6,0,-1.4756899,1.9690835,275.2171,274.70523,279.75745,274.96445,273.3543,3.0,0.0,0.2669651,0.27652067,0.3218488,0.30594262
56.32,-121.705,56.351,-116.711,D,2016,05,15,2016-05-15,396.9,100,549.1,306.7,1,-1.4756899,1.9690835,275.2171,274.70523,279.75745,274.96445,273.3543,3.0,0.0,0.2669651,0.27652067,0.3218488,0.30594262
56.3136,-121.6779,56.351,-116.711,D,2016,05,15,2016-05-15,361.2,100,202.3,302.1,1,-1.4756899,1.9690835,275.2171,274.70523,279.75745,274.96445,273.3543,3.0,0.0,0.2669651,0.27652067,0.3218488,0.30594262
56.3091,-121.7135,56.351,-116.711,D,2016,05,15,2016-05-15,333.3,88,70.2,300.0,0,-1.4756899,1.9690835,275.2171,274.70523,279.75745,274.96445,273.3543,3.0,0.0,0.2669651,0.27652067,0.3218488,0.30594262
56.3026,-121.6864,56.351,-116.711,D,2016,05,15,2016-05-15,336.8,90,81.3,299.5,1,-1.4756899,1.9690835,275.2171,274.70523,279.75745,274.96445,273.3543,3.0,0.0,0.2669651,0.27652067,0.3218488,0.30594262
56.2962,-121.6594,56.351,-116.711,D,2016,05,15,2016-05-15,309.3,25,11.0,298.0,0,-1.4756899,1.9690835,275.2171,274.70523,279.75745,274.96445,273.3543,3.0,0.0,0.2669651,0.27652067,0.3218488,0.30594262
56.3155,-121.7405,56.351,-116.711,D,2016,05,15,2016-05-15,308.2,63,13.3,294.2,0,-1.4756899,1.9690835,275.2171,274.70523,279.75745,274.96445,273.3543,3.0,0.0,0.2669651,0.27652067,0.3218488,0.30594262
56.7916,-120.0429,56.351,-116.711,D,2016,05,15,2016-05-15,366.6,100,287.7,292.6,1,-1.4756899,1.9690835,275.2171,274.70523,279.75745,274.96445,273.3543,3.0,0.0,0.2669651,0.27652067,0.3218488,0.30594262
56.784,-120.0128,56.351,-116.711,D,2016,05,15,2016-05-15,380.5,100,427.6,296.4,1,-1.4756899,1.9690835,275.2171,274.70523,279.75745,274.96445,273.3543,3.0,0.0,0.2669651,0.27652067,0.3218488,0.30594262
56.7765,-119.9829,56.351,-116.711,D,2016,05,15,2016-05-15,330.4,66,72.8,296.7,0,-1.4756899,1.9690835,275.2171,274.70523,279.75745,274.96445,273.3543,3.0,0.0,0.2669651,0.27652067,0.3218488,0.30594262
56.7802,-120.0524,56.351,-116.711,D,2016,05,15,2016-05-15,326.7,50,56.7,290.0,0,-1.4756899,1.9690835,275.2171,274.70523,279.75745,274.96445,273.3543,3.0,0.0,0.2669651,0.27652067,0.3218488,0.30594262
56.7726,-120.0223,56.351,-116.711,D,2016,05,15,2016-05-15,353.5,97,183.1,293.9,1,-1.4756899,1.9690835,275.2171,274.70523,279.75745,274.96445,273.3543,3.0,0.0,0.2669651,0.27652067,0.3218488,0.30594262
56.7613,-120.0319,56.351,-116.711,D,2016,05,15,2016-05-15,323.1,44,42.9,293.7,0,-1.4756899,1.9690835,275.2171,274.70523,279.75745,274.96445,273.3543,3.0,0.0,0.2669651,0.27652067,0.3218488,0.30594262
56.7537,-120.111,56.351,-116.711,D,2016,05,15,2016-05-15,353.3,90,176.1,289.0,1,-1.4756899,1.9690835,275.2171,274.70523,279.75745,274.96445,273.3543,3.0,0.0,0.2669651,0.27652067,0.3218488,0.30594262
56.7499,-120.1504,56.351,-116.711,D,2016,05,15,2016-05-15,344.6,54,126.5,283.3,0,-1.4756899,1.9690835,275.2171,274.70523,279.75745,274.96445,273.3543,3.0,0.0,0.2669651,0.27652067,0.3218488,0.30594262
56.7423,-120.1205,56.351,-116.711,D,2016,05,15,2016-05-15,362.8,100,238.2,286.7,1,-1.4756899,1.9690835,275.2171,274.70523,279.75745,274.96445,273.3543,3.0,0.0,0.2669651,0.27652067,0.3218488,0.30594262
56.7635,-120.1082,56.351,-116.711,D,2016,05,15,2016-05-15,333.4,34,75.7,288.4,0,-1.4756899,1.9690835,275.2171,274.70523,279.75745,274.96445,273.3543,3.0,0.0,0.2669651,0.27652067,0.3218488,0.30594262
56.7596,-120.1478,56.351,-116.711,D,2016,05,15,2016-05-15,333.0,9,77.4,284.7,0,-1.4756899,1.9690835,275.2171,274.70523,279.75745,274.96445,273.3543,3.0,0.0,0.2669651,0.27652067,0.3218488,0.30594262
56.7521,-120.1177,56.351,-116.711,D,2016,05,15,2016-05-15,362.4,100,238.7,289.3,1,-1.4756899,1.9690835,275.2171,274.70523,279.75745,274.96445,273.3543,3.0,0.0,0.2669651,0.27652067,0.3218488,0.30594262
56.7407,-120.1272,56.351,-116.711,D,2016,05,15,2016-05-15,347.4,83,136.8,284.3,0,-1.4756899,1.9690835,275.2171,274.70523,279.75745,274.96445,273.3543,3.0,0.0,0.2669651,0.27652067,0.3218488,0.30594262
56.7369,-120.1667,56.351,-116.711,D,2016,05,15,2016-05-15,345.5,59,130.4,285.4,0,-1.4756899,1.9690835,275.2171,274.70523,279.75745,274.96445,273.3543,3.0,0.0,0.2669651,0.27652067,0.3218488,0.30594262
56.7294,-120.1367,56.351,-116.711,D,2016,05,15,2016-05-15,338.3,63,87.0,283.7,0,-1.4756899,1.9690835,275.2171,274.70523,279.75745,274.96445,273.3543,3.0,0.0,0.2669651,0.27652067,0.3218488,0.30594262
56.7255,-120.1761,56.351,-116.711,D,2016,05,15,2016-05-15,340.6,52,103.4,282.2,0,-1.4756899,1.9690835,275.2171,274.70523,279.75745,274.96445,273.3543,3.0,0.0,0.2669651,0.27652067,0.3218488,0.30594262
56.7217,-120.2155,56.351,-116.711,D,2016,05,15,2016-05-15,368.9,100,300.9,284.7,1,-1.4756899,1.9690835,275.2171,274.70523,279.75745,274.96445,273.3543,3.0,0.0,0.2669651,0.27652067,0.3218488,0.30594262
56.7142,-120.1856,56.351,-116.711,D,2016,05,15,2016-05-15,362.9,87,238.2,280.6,0,-1.4756899,1.9690835,275.2171,274.70523,279.75745,274.96445,273.3543,3.0,0.0,0.2669651,0.27652067,0.3218488,0.30594262
56.7064,-120.2639,56.351,-116.711,D,2016,05,15,2016-05-15,342.4,87,123.8,280.9,0,-1.4756899,1.9690835,275.2171,274.70523,279.75745,274.96445,273.3543,3.0,0.0,0.2669651,0.27652067,0.3218488,0.30594262
56.6839,-120.1747,56.351,-116.711,D,2016,05,15,2016-05-15,384.6,94,451.8,291.9,1,-1.4756899,1.9690835,275.2171,274.70523,279.75745,274.96445,273.3543,3.0,0.0,0.2669651,0.27652067,0.3218488,0.30594262
56.6951,-120.2732,56.351,-116.711,D,2016,05,15,2016-05-15,379.0,94,402.4,291.1,1,-1.4756899,1.9690835,275.2171,274.70523,279.75745,274.96445,273.3543,3.0,0.0,0.2669651,0.27652067,0.3218488,0.30594262
56.6876,-120.2435,56.351,-116.711,D,2016,05,15,2016-05-15,408.8,94,838.9,296.0,1,-1.4756899,1.9690835,275.2171,274.70523,279.75745,274.96445,273.3543,3.0,0.0,0.2669651,0.27652067,0.3218488,0.30594262
56.6801,-120.2139,56.351,-116.711,D,2016,05,15,2016-05-15,351.9,89,151.5,291.8,0,-1.4756899,1.9690835,275.2171,274.70523,279.75745,274.96445,273.3543,3.0,0.0,0.2669651,0.27652067,0.3218488,0.30594262
56.6726,-120.1843,56.351,-116.711,D,2016,05,15,2016-05-15,348.6,76,130.0,296.2,0,-1.4756899,1.9690835,275.2171,274.70523,279.75745,274.96445,273.3543,3.0,0.0,0.2669651,0.27652067,0.3218488,0.30594262
56.6838,-120.2826,56.351,-116.711,D,2016,05,15,2016-05-15,310.0,65,20.5,292.7,0,-1.4756899,1.9690835,275.2171,274.70523,279.75745,274.96445,273.3543,3.0,0.0,0.2669651,0.27652067,0.3218488,0.30594262
56.6762,-120.2529,56.351,-116.711,D,2016,05,15,2016-05-15,383.5,100,448.6,300.5,1,-1.4756899,1.9690835,275.2171,274.70523,279.75745,274.96445,273.3543,3.0,0.0,0.2669651,0.27652067,0.3218488,0.30594262
56.6688,-120.2233,56.351,-116.711,D,2016,05,15,2016-05-15,369.0,100,283.3,298.9,1,-1.4756899,1.9690835,275.2171,274.70523,279.75745,274.96445,273.3543,3.0,0.0,0.2669651,0.27652067,0.3218488,0.30594262
56.7049,-120.2721,56.351,-116.711,D,2016,05,15,2016-05-15,347.6,82,151.2,285.3,0,-1.4756899,1.9690835,275.2171,274.70523,279.75745,274.96445,273.3543,3.0,0.0,0.2669651,0.27652067,0.3218488,0.30594262
56.6827,-120.1826,56.351,-116.711,D,2016,05,15,2016-05-15,383.2,94,429.8,294.6,1,-1.4756899,1.9690835,275.2171,274.70523,279.75745,274.96445,273.3543,3.0,0.0,0.2669651,0.27652067,0.3218488,0.30594262
56.6935,-120.2815,56.351,-116.711,D,2016,05,15,2016-05-15,339.7,86,113.4,290.4,0,-1.4756899,1.9690835,275.2171,274.70523,279.75745,274.96445,273.3543,3.0,0.0,0.2669651,0.27652067,0.3218488,0.30594262
56.6861,-120.2516,56.351,-116.711,D,2016,05,15,2016-05-15,405.6,87,782.9,300.8,0,-1.4756899,1.9690835,275.2171,274.70523,279.75745,274.96445,273.3543,3.0,0.0,0.2669651,0.27652067,0.3218488,0.30594262
56.6788,-120.2219,56.351,-116.711,D,2016,05,15,2016-05-15,354.7,84,169.0,294.8,0,-1.4756899,1.9690835,275.2171,274.70523,279.75745,274.96445,273.3543,3.0,0.0,0.2669651,0.27652067,0.3218488,0.30594262
56.6714,-120.1922,56.351,-116.711,D,2016,05,15,2016-05-15,345.6,88,113.2,296.6,0,-1.4756899,1.9690835,275.2171,274.70523,279.75745,274.96445,273.3543,3.0,0.0,0.2669651,0.27652067,0.3218488,0.30594262
56.6748,-120.261,56.351,-116.711,D,2016,05,15,2016-05-15,363.1,100,248.1,298.3,1,-1.4756899,1.9690835,275.2171,274.70523,279.75745,274.96445,273.3543,3.0,0.0,0.2669651,0.27652067,0.3218488,0.30594262
56.6674,-120.2313,56.351,-116.711,D,2016,05,15,2016-05-15,374.7,100,346.4,300.7,1,-1.4756899,1.9690835,275.2171,274.70523,279.75745,274.96445,273.3543,3.0,0.0,0.2669651,0.27652067,0.3218488,0.30594262
56.66,-120.2017,56.351,-116.711,D,2016,05,15,2016-05-15,323.7,54,31.3,297.8,0,-1.4756899,1.9690835,275.2171,274.70523,279.75745,274.96445,273.3543,3.0,0.0,0.2669651,0.27652067,0.3218488,0.30594262
56.6635,-120.2704,56.351,-116.711,D,2016,05,15,2016-05-15,344.1,93,126.4,298.7,1,-1.4756899,1.9690835,275.2171,274.70523,279.75745,274.96445,273.3543,3.0,0.0,0.2669651,0.27652067,0.3218488,0.30594262
56.6561,-120.2407,56.351,-116.711,D,2016,05,15,2016-05-15,341.5,87,107.8,301.4,0,-1.4756899,1.9690835,275.2171,274.70523,279.75745,274.96445,273.3543,3.0,0.0,0.2669651,0.27652067,0.3218488,0.30594262
56.6487,-120.2111,56.351,-116.711,D,2016,05,15,2016-05-15,330.0,63,54.6,300.8,0,-1.4756899,1.9690835,275.2171,274.70523,279.75745,274.96445,273.3543,3.0,0.0,0.2669651,0.27652067,0.3218488,0.30594262
56.5959,-120.0007,56.351,-116.711,D,2016,05,15,2016-05-15,409.7,100,901.4,302.7,1,-1.4756899,1.9690835,275.2171,274.70523,279.75745,274.96445,273.3543,3.0,0.0,0.2669651,0.27652067,0.3218488,0.30594262
56.559,-120.0614,56.351,-116.711,D,2016,05,15,2016-05-15,341.9,92,63.6,301.4,1,-1.4756899,1.9690835,275.2171,274.70523,279.75745,274.96445,273.3543,3.0,0.0,0.2669651,0.27652067,0.3218488,0.30594262
56.5358,-120.1719,56.351,-116.711,D,2016,05,15,2016-05-15,345.7,94,76.8,304.0,1,-1.4756899,1.9690835,275.2171,274.70523,279.75745,274.96445,273.3543,3.0,0.0,0.2669651,0.27652067,0.3218488,0.30594262
56.5312,-120.194,56.351,-116.711,D,2016,05,15,2016-05-15,348.9,95,88.5,302.7,1,-1.4756899,1.9690835,275.2171,274.70523,279.75745,274.96445,273.3543,3.0,0.0,0.2669651,0.27652067,0.3218488,0.30594262
56.5825,-120.0032,56.351,-116.711,D,2016,05,15,2016-05-15,351.8,96,95.9,304.0,1,-1.4756899,1.9690835,275.2171,274.70523,279.75745,274.96445,273.3543,3.0,0.0,0.2669651,0.27652067,0.3218488,0.30594262
56.5389,-120.1791,56.351,-116.711,D,2016,05,15,2016-05-15,346.5,94,80.0,304.4,1,-1.4756899,1.9690835,275.2171,274.70523,279.75745,274.96445,273.3543,3.0,0.0,0.2669651,0.27652067,0.3218488,0.30594262
56.5342,-120.2012,56.351,-116.711,D,2016,05,15,2016-05-15,330.4,86,36.4,301.4,0,-1.4756899,1.9690835,275.2171,274.70523,279.75745,274.96445,273.3543,3.0,0.0,0.2669651,0.27652067,0.3218488,0.30594262
56.5908,-119.9893,56.351,-116.711,D,2016,05,15,2016-05-15,372.5,100,196.7,297.6,1,-1.4756899,1.9690835,275.2171,274.70523,279.75745,274.96445,273.3543,3.0,0.0,0.2669651,0.27652067,0.3218488,0.30594262
56.5863,-120.0109,56.351,-116.711,D,2016,05,15,2016-05-15,457.2,100,1330.4,318.0,1,-1.4756899,1.9690835,275.2171,274.70523,279.75745,274.96445,273.3543,3.0,0.0,0.2669651,0.27652067,0.3218488,0.30594262
56.5962,-120.0178,56.351,-116.711,D,2016,05,15,2016-05-15,370.9,100,190.2,298.3,1,-1.4756899,1.9690835,275.2171,274.70523,279.75745,274.96445,273.3543,3.0,0.0,0.2669651,0.27652067,0.3218488,0.30594262
56.3266,-121.6868,56.351,-116.711,D,2016,05,15,2016-05-15,414.3,100,721.9,310.3,1,-1.4756899,1.9690835,275.2171,274.70523,279.75745,274.96445,273.3543,3.0,0.0,0.2669651,0.27652067,0.3218488,0.30594262
56.3323,-121.6619,56.351,-116.711,D,2016,05,15,2016-05-15,367.5,100,213.1,299.0,1,-1.4756899,1.9690835,275.2171,274.70523,279.75745,274.96445,273.3543,3.0,0.0,0.2669651,0.27652067,0.3218488,0.30594262
56.6471,-120.2377,56.351,-116.711,D,2016,05,15,2016-05-15,330.2,80,37.6,301.6,0,-1.4756899,1.9690835,275.2171,274.70523,279.75745,274.96445,273.3543,3.0,0.0,0.2669651,0.27652067,0.3218488,0.30594262
56.6518,-120.2157,56.351,-116.711,D,2016,05,15,2016-05-15,328.7,59,29.3,300.4,0,-1.4756899,1.9690835,275.2171,274.70523,279.75745,274.96445,273.3543,3.0,0.0,0.2669651,0.27652067,0.3218488,0.30594262
56.3046,-121.7288,56.351,-116.711,D,2016,05,15,2016-05-15,351.1,96,127.2,300.4,1,-1.4756899,1.9690835,275.2171,274.70523,279.75745,274.96445,273.3543,3.0,0.0,0.2669651,0.27652067,0.3218488,0.30594262
56.3103,-121.7038,56.351,-116.711,D,2016,05,15,2016-05-15,376.2,100,277.9,307.5,1,-1.4756899,1.9690835,275.2171,274.70523,279.75745,274.96445,273.3543,3.0,0.0,0.2669651,0.27652067,0.3218488,0.30594262
56.316,-121.679,56.351,-116.711,D,2016,05,15,2016-05-15,358.7,99,161.1,302.5,1,-1.4756899,1.9690835,275.2171,274.70523,279.75745,274.96445,273.3543,3.0,0.0,0.2669651,0.27652067,0.3218488,0.30594262
56.3217,-121.6541,56.351,-116.711,D,2016,05,15,2016-05-15,327.4,75,40.3,297.7,0,-1.4756899,1.9690835,275.2171,274.70523,279.75745,274.96445,273.3543,3.0,0.0,0.2669651,0.27652067,0.3218488,0.30594262
56.294,-121.7209,56.351,-116.711,D,2016,05,15,2016-05-15,326.0,78,39.2,298.0,0,-1.4756899,1.9690835,275.2171,274.70523,279.75745,274.96445,273.3543,3.0,0.0,0.2669651,0.27652067,0.3218488,0.30594262
56.2997,-121.696,56.351,-116.711,D,2016,05,15,2016-05-15,341.8,92,84.4,301.4,1,-1.4756899,1.9690835,275.2171,274.70523,279.75745,274.96445,273.3543,3.0,0.0,0.2669651,0.27652067,0.3218488,0.30594262
56.3054,-121.6711,56.351,-116.711,D,2016,05,15,2016-05-15,326.5,67,39.1,301.5,0,-1.4756899,1.9690835,275.2171,274.70523,279.75745,274.96445,273.3543,3.0,0.0,0.2669651,0.27652067,0.3218488,0.30594262
56.3067,-121.7231,56.351,-116.711,D,2016,05,15,2016-05-15,343.3,93,92.7,301.8,1,-1.4756899,1.9690835,275.2171,274.70523,279.75745,274.96445,273.3543,3.0,0.0,0.2669651,0.27652067,0.3218488,0.30594262
56.3123,-121.698,56.351,-116.711,D,2016,05,15,2016-05-15,392.1,100,425.5,308.8,1,-1.4756899,1.9690835,275.2171,274.70523,279.75745,274.96445,273.3543,3.0,0.0,0.2669651,0.27652067,0.3218488,0.30594262
56.318,-121.673,56.351,-116.711,D,2016,05,15,2016-05-15,348.3,95,110.8,302.7,1,-1.4756899,1.9690835,275.2171,274.70523,279.75745,274.96445,273.3543,3.0,0.0,0.2669651,0.27652067,0.3218488,0.30594262
56.7162,-120.2364,56.351,-116.711,D,2016,05,15,2016-05-15,328.0,42,34.1,277.7,0,-1.4756899,1.9690835,275.2171,274.70523,279.75745,274.96445,273.3543,3.0,0.0,0.2669651,0.27652067,0.3218488,0.30594262
56.7208,-120.2144,56.351,-116.711,D,2016,05,15,2016-05-15,390.9,94,328.3,291.4,1,-1.4756899,1.9690835,275.2171,274.70523,279.75745,274.96445,273.3543,3.0,0.0,0.2669651,0.27652067,0.3218488,0.30594262
56.7254,-120.1925,56.351,-116.711,D,2016,05,15,2016-05-15,362.6,100,142.3,288.0,1,-1.4756899,1.9690835,275.2171,274.70523,279.75745,274.96445,273.3543,3.0,0.0,0.2669651,0.27652067,0.3218488,0.30594262
56.7299,-120.1707,56.351,-116.711,D,2016,05,15,2016-05-15,353.8,95,100.6,289.2,1,-1.4756899,1.9690835,275.2171,274.70523,279.75745,274.96445,273.3543,3.0,0.0,0.2669651,0.27652067,0.3218488,0.30594262
56.7391,-120.1271,56.351,-116.711,D,2016,05,15,2016-05-15,341.9,45,57.5,292.2,0,-1.4756899,1.9690835,275.2171,274.70523,279.75745,274.96445,273.3543,3.0,0.0,0.2669651,0.27652067,0.3218488,0.30594262
56.687,-120.2663,56.351,-116.711,D,2016,05,15,2016-05-15,417.4,94,622.4,303.2,1,-1.4756899,1.9690835,275.2171,274.70523,279.75745,274.96445,273.3543,3.0,0.0,0.2669651,0.27652067,0.3218488,0.30594262
56.6969,-120.2734,56.351,-116.711,D,2016,05,15,2016-05-15,378.4,75,237.5,279.6,0,-1.4756899,1.9690835,275.2171,274.70523,279.75745,274.96445,273.3543,3.0,0.0,0.2669651,0.27652067,0.3218488,0.30594262
56.7108,-120.2074,56.351,-116.711,D,2016,05,15,2016-05-15,437.9,94,941.4,303.7,1,-1.4756899,1.9690835,275.2171,274.70523,279.75745,274.96445,273.3543,3.0,0.0,0.2669651,0.27652067,0.3218488,0.30594262
56.7154,-120.1855,56.351,-116.711,D,2016,05,15,2016-05-15,349.1,91,87.1,288.8,1,-1.4756899,1.9690835,275.2171,274.70523,279.75745,274.96445,273.3543,3.0,0.0,0.2669651,0.27652067,0.3218488,0.30594262
56.7246,-120.1418,56.351,-116.711,D,2016,05,15,2016-05-15,340.9,61,57.8,291.4,0,-1.4756899,1.9690835,275.2171,274.70523,279.75745,274.96445,273.3543,3.0,0.0,0.2669651,0.27652067,0.3218488,0.30594262
56.7291,-120.1201,56.351,-116.711,D,2016,05,15,2016-05-15,338.2,90,53.1,292.7,1,-1.4756899,1.9690835,275.2171,274.70523,279.75745,274.96445,273.3543,3.0,0.0,0.2669651,0.27652067,0.3218488,0.30594262
56.7337,-120.0983,56.351,-116.711,D,2016,05,15,2016-05-15,321.9,55,20.1,292.0,0,-1.4756899,1.9690835,275.2171,274.70523,279.75745,274.96445,273.3543,3.0,0.0,0.2669651,0.27652067,0.3218488,0.30594262
56.3017,-121.6901,56.351,-116.711,D,2016,05,15,2016-05-15,350.8,96,123.3,301.9,1,-1.4756899,1.9690835,275.2171,274.70523,279.75745,274.96445,273.3543,3.0,0.0,0.2669651,0.27652067,0.3218488,0.30594262
56.6031,-121.3307,56.351,-116.711,D,2016,05,15,2016-05-15,325.6,79,39.9,293.0,0,-1.4756899,1.9690835,275.2171,274.70523,279.75745,274.96445,273.3543,3.0,0.0,0.2669651,0.27652067,0.3218488,0.30594262
56.5872,-121.3476,56.351,-116.711,D,2016,05,15,2016-05-15,328.7,76,45.5,299.5,0,-1.4756899,1.9690835,275.2171,274.70523,279.75745,274.96445,273.3543,3.0,0.0,0.2669651,0.27652067,0.3218488,0.30594262
56.5927,-121.3234,56.351,-116.711,D,2016,05,15,2016-05-15,369.9,100,217.5,302.4,1,-1.4756899,1.9690835,275.2171,274.70523,279.75745,274.96445,273.3543,3.0,0.0,0.2669651,0.27652067,0.3218488,0.30594262
56.5871,-121.3406,56.351,-116.711,D,2016,05,15,2016-05-15,344.4,94,91.2,301.2,1,-1.4756899,1.9690835,275.2171,274.70523,279.75745,274.96445,273.3543,3.0,0.0,0.2669651,0.27652067,0.3218488,0.30594262
56.5925,-121.3163,56.351,-116.711,D,2016,05,15,2016-05-15,363.0,100,173.4,301.3,1,-1.4756899,1.9690835,275.2171,274.70523,279.75745,274.96445,273.3543,3.0,0.0,0.2669651,0.27652067,0.3218488,0.30594262
56.7954,-120.0475,56.351,-116.711,D,2016,05,15,2016-05-15,362.4,100,148.7,290.5,1,-1.4756899,1.9690835,275.2171,274.70523,279.75745,274.96445,273.3543,3.0,0.0,0.2669651,0.27652067,0.3218488,0.30594262
56.7855,-120.0405,56.351,-116.711,D,2016,05,15,2016-05-15,414.3,100,564.7,303.0,1,-1.4756899,1.9690835,275.2171,274.70523,279.75745,274.96445,273.3543,3.0,0.0,0.2669651,0.27652067,0.3218488,0.30594262
56.79,-120.019,56.351,-116.711,D,2016,05,15,2016-05-15,359.5,95,128.9,291.3,1,-1.4756899,1.9690835,275.2171,274.70523,279.75745,274.96445,273.3543,3.0,0.0,0.2669651,0.27652067,0.3218488,0.30594262
56.7573,-120.1199,56.351,-116.711,D,2016,05,15,2016-05-15,324.3,36,30.7,290.5,0,-1.4756899,1.9690835,275.2171,274.70523,279.75745,274.96445,273.3543,3.0,0.0,0.2669651,0.27652067,0.3218488,0.30594262
56.7756,-120.0335,56.351,-116.711,D,2016,05,15,2016-05-15,364.1,100,147.2,295.4,1,-1.4756899,1.9690835,275.2171,274.70523,279.75745,274.96445,273.3543,3.0,0.0,0.2669651,0.27652067,0.3218488,0.30594262
56.7802,-120.012,56.351,-116.711,D,2016,05,15,2016-05-15,384.5,100,269.9,299.9,1,-1.4756899,1.9690835,275.2171,274.70523,279.75745,274.96445,273.3543,3.0,0.0,0.2669651,0.27652067,0.3218488,0.30594262
56.7848,-119.9902,56.351,-116.711,D,2016,05,15,2016-05-15,341.5,92,69.4,291.3,1,-1.4756899,1.9690835,275.2171,274.70523,279.75745,274.96445,273.3543,3.0,0.0,0.2669651,0.27652067,0.3218488,0.30594262
56.7149,-120.2656,56.351,-116.711,D,2016,05,15,2016-05-15,317.6,39,21.6,271.3,0,-1.4756899,1.9690835,275.2171,274.70523,279.75745,274.96445,273.3543,3.0,0.0,0.2669651,0.27652067,0.3218488,0.30594262
56.7195,-120.2437,56.351,-116.711,D,2016,05,15,2016-05-15,314.8,70,20.0,278.7,0,-1.4756899,1.9690835,275.2171,274.70523,279.75745,274.96445,273.3543,3.0,0.0,0.2669651,0.27652067,0.3218488,0.30594262
56.7289,-120.1999,56.351,-116.711,D,2016,05,15,2016-05-15,337.8,86,60.7,286.1,0,-1.4756899,1.9690835,275.2171,274.70523,279.75745,274.96445,273.3543,3.0,0.0,0.2669651,0.27652067,0.3218488,0.30594262
56.2961,-121.7151,56.351,-116.711,D,2016,05,15,2016-05-15,357.5,99,158.0,300.1,1,-1.4756899,1.9690835,275.2171,274.70523,279.75745,274.96445,273.3543,3.0,0.0,0.2669651,0.27652067,0.3218488,0.30594262
56.7336,-120.1781,56.351,-116.711,D,2016,05,15,2016-05-15,344.7,87,78.4,289.0,0,-1.4756899,1.9690835,275.2171,274.70523,279.75745,274.96445,273.3543,3.0,0.0,0.2669651,0.27652067,0.3218488,0.30594262
56.7428,-120.1346,56.351,-116.711,D,2016,05,15,2016-05-15,361.0,97,131.1,295.4,1,-1.4756899,1.9690835,275.2171,274.70523,279.75745,274.96445,273.3543,3.0,0.0,0.2669651,0.27652067,0.3218488,0.30594262
56.7474,-120.1129,56.351,-116.711,D,2016,05,15,2016-05-15,341.3,42,62.0,293.5,0,-1.4756899,1.9690835,275.2171,274.70523,279.75745,274.96445,273.3543,3.0,0.0,0.2669651,0.27652067,0.3218488,0.30594262
56.7658,-120.0265,56.351,-116.711,D,2016,05,15,2016-05-15,373.2,100,196.4,298.5,1,-1.4756899,1.9690835,275.2171,274.70523,279.75745,274.96445,273.3543,3.0,0.0,0.2669651,0.27652067,0.3218488,0.30594262
56.7353,-120.1996,56.351,-116.711,D,2016,05,15,2016-05-15,321.5,56,27.0,282.2,0,-1.4756899,1.9690835,275.2171,274.70523,279.75745,274.96445,273.3543,3.0,0.0,0.2669651,0.27652067,0.3218488,0.30594262
56.7399,-120.1777,56.351,-116.711,D,2016,05,15,2016-05-15,344.9,82,78.2,287.3,0,-1.4756899,1.9690835,275.2171,274.70523,279.75745,274.96445,273.3543,3.0,0.0,0.2669651,0.27652067,0.3218488,0.30594262
56.749,-120.1341,56.351,-116.711,D,2016,05,15,2016-05-15,376.1,100,212.5,295.1,1,-1.4756899,1.9690835,275.2171,274.70523,279.75745,274.96445,273.3543,3.0,0.0,0.2669651,0.27652067,0.3218488,0.30594262
56.767,-120.0473,56.351,-116.711,D,2016,05,15,2016-05-15,347.5,91,78.1,295.9,1,-1.4756899,1.9690835,275.2171,274.70523,279.75745,274.96445,273.3543,3.0,0.0,0.2669651,0.27652067,0.3218488,0.30594262
56.7715,-120.0257,56.351,-116.711,D,2016,05,15,2016-05-15,387.5,100,291.4,298.1,1,-1.4756899,1.9690835,275.2171,274.70523,279.75745,274.96445,273.3543,3.0,0.0,0.2669651,0.27652067,0.3218488,0.30594262
56.6916,-120.2443,56.351,-116.711,D,2016,05,15,2016-05-15,418.4,87,632.0,298.4,0,-1.4756899,1.9690835,275.2171,274.70523,279.75745,274.96445,273.3543,3.0,0.0,0.2669651,0.27652067,0.3218488,0.30594262
56.6962,-120.2223,56.351,-116.711,D,2016,05,15,2016-05-15,446.0,87,1097.7,300.3,0,-1.4756899,1.9690835,275.2171,274.70523,279.75745,274.96445,273.3543,3.0,0.0,0.2669651,0.27652067,0.3218488,0.30594262
56.7009,-120.2004,56.351,-116.711,D,2016,05,15,2016-05-15,436.2,94,907.8,300.3,1,-1.4756899,1.9690835,275.2171,274.70523,279.75745,274.96445,273.3543,3.0,0.0,0.2669651,0.27652067,0.3218488,0.30594262
56.7055,-120.1785,56.351,-116.711,D,2016,05,15,2016-05-15,342.4,56,64.6,293.0,0,-1.4756899,1.9690835,275.2171,274.70523,279.75745,274.96445,273.3543,3.0,0.0,0.2669651,0.27652067,0.3218488,0.30594262
56.7374,-120.0261,56.351,-116.711,D,2016,05,15,2016-05-15,326.5,37,29.2,301.0,0,-1.4756899,1.9690835,275.2171,274.70523,279.75745,274.96445,273.3543,3.0,0.0,0.2669651,0.27652067,0.3218488,0.30594262
56.742,-120.0043,56.351,-116.711,D,2016,05,15,2016-05-15,335.2,85,48.9,300.1,0,-1.4756899,1.9690835,275.2171,274.70523,279.75745,274.96445,273.3543,3.0,0.0,0.2669651,0.27652067,0.3218488,0.30594262
56.677,-120.2592,56.351,-116.711,D,2016,05,15,2016-05-15,394.4,100,364.8,304.2,1,-1.4756899,1.9690835,275.2171,274.70523,279.75745,274.96445,273.3543,3.0,0.0,0.2669651,0.27652067,0.3218488,0.30594262
56.6816,-120.2372,56.351,-116.711,D,2016,05,15,2016-05-15,371.0,100,187.9,297.9,1,-1.4756899,1.9690835,275.2171,274.70523,279.75745,274.96445,273.3543,3.0,0.0,0.2669651,0.27652067,0.3218488,0.30594262
56.6863,-120.2151,56.351,-116.711,D,2016,05,15,2016-05-15,413.7,100,564.8,309.6,1,-1.4756899,1.9690835,275.2171,274.70523,279.75745,274.96445,273.3543,3.0,0.0,0.2669651,0.27652067,0.3218488,0.30594262
56.6909,-120.1932,56.351,-116.711,D,2016,05,15,2016-05-15,458.8,100,1383.3,317.0,1,-1.4756899,1.9690835,275.2171,274.70523,279.75745,274.96445,273.3543,3.0,0.0,0.2669651,0.27652067,0.3218488,0.30594262
56.6955,-120.1714,56.351,-116.711,D,2016,05,15,2016-05-15,351.4,96,94.3,294.3,1,-1.4756899,1.9690835,275.2171,274.70523,279.75745,274.96445,273.3543,3.0,0.0,0.2669651,0.27652067,0.3218488,0.30594262
56.3421,-121.7275,56.351,-116.711,D,2016,05,15,2016-05-15,315.3,75,23.4,283.0,0,-1.4756899,1.9690835,275.2171,274.70523,279.75745,274.96445,273.3543,3.0,0.0,0.2669651,0.27652067,0.3218488,0.30594262
56.3478,-121.7025,56.351,-116.711,D,2016,05,15,2016-05-15,333.6,88,65.9,287.7,0,-1.4756899,1.9690835,275.2171,274.70523,279.75745,274.96445,273.3543,3.0,0.0,0.2669651,0.27652067,0.3218488,0.30594262
56.6623,-120.2741,56.351,-116.711,D,2016,05,15,2016-05-15,344.7,94,79.0,297.1,1,-1.4756899,1.9690835,275.2171,274.70523,279.75745,274.96445,273.3543,3.0,0.0,0.2669651,0.27652067,0.3218488,0.30594262
56.667,-120.2521,56.351,-116.711,D,2016,05,15,2016-05-15,372.4,100,198.9,301.1,1,-1.4756899,1.9690835,275.2171,274.70523,279.75745,274.96445,273.3543,3.0,0.0,0.2669651,0.27652067,0.3218488,0.30594262
56.6717,-120.23,56.351,-116.711,D,2016,05,15,2016-05-15,366.4,100,161.9,298.8,1,-1.4756899,1.9690835,275.2171,274.70523,279.75745,274.96445,273.3543,3.0,0.0,0.2669651,0.27652067,0.3218488,0.30594262
56.6764,-120.208,56.351,-116.711,D,2016,05,15,2016-05-15,368.0,100,167.4,298.4,1,-1.4756899,1.9690835,275.2171,274.70523,279.75745,274.96445,273.3543,3.0,0.0,0.2669651,0.27652067,0.3218488,0.30594262
56.681,-120.1861,56.351,-116.711,D,2016,05,15,2016-05-15,397.6,100,385.4,302.6,1,-1.4756899,1.9690835,275.2171,274.70523,279.75745,274.96445,273.3543,3.0,0.0,0.2669651,0.27652067,0.3218488,0.30594262
56.6856,-120.1642,56.351,-116.711,D,2016,05,15,2016-05-15,341.9,92,62.2,294.4,1,-1.4756899,1.9690835,275.2171,274.70523,279.75745,274.96445,273.3543,3.0,0.0,0.2669651,0.27652067,0.3218488,0.30594262
56.3315,-121.7197,56.351,-116.711,D,2016,05,15,2016-05-15,362.5,100,187.8,296.4,1,-1.4756899,1.9690835,275.2171,274.70523,279.75745,274.96445,273.3543,3.0,0.0,0.2669651,0.27652067,0.3218488,0.30594262
56.3372,-121.6947,56.351,-116.711,D,2016,05,15,2016-05-15,496.4,100,3191.4,330.2,1,-1.4756899,1.9690835,275.2171,274.70523,279.75745,274.96445,273.3543,3.0,0.0,0.2669651,0.27652067,0.3218488,0.30594262
56.3429,-121.6698,56.351,-116.711,D,2016,05,15,2016-05-15,389.7,100,402.4,298.0,1,-1.4756899,1.9690835,275.2171,274.70523,279.75745,274.96445,273.3543,3.0,0.0,0.2669651,0.27652067,0.3218488,0.30594262
56.6524,-120.267,56.351,-116.711,D,2016,05,15,2016-05-15,348.5,95,92.1,299.1,1,-1.4756899,1.9690835,275.2171,274.70523,279.75745,274.96445,273.3543,3.0,0.0,0.2669651,0.27652067,0.3218488,0.30594262
56.6571,-120.2449,56.351,-116.711,D,2016,05,15,2016-05-15,345.5,94,78.1,300.7,1,-1.4756899,1.9690835,275.2171,274.70523,279.75745,274.96445,273.3543,3.0,0.0,0.2669651,0.27652067,0.3218488,0.30594262
56.6617,-120.2229,56.351,-116.711,D,2016,05,15,2016-05-15,359.3,99,124.2,297.7,1,-1.4756899,1.9690835,275.2171,274.70523,279.75745,274.96445,273.3543,3.0,0.0,0.2669651,0.27652067,0.3218488,0.30594262
56.6664,-120.2008,56.351,-116.711,D,2016,05,15,2016-05-15,354.3,97,103.3,297.3,1,-1.4756899,1.9690835,275.2171,274.70523,279.75745,274.96445,273.3543,3.0,0.0,0.2669651,0.27652067,0.3218488,0.30594262
56.6711,-120.1789,56.351,-116.711,D,2016,05,15,2016-05-15,322.9,72,17.8,295.1,0,-1.4756899,1.9690835,275.2171,274.70523,279.75745,274.96445,273.3543,3.0,0.0,0.2669651,0.27652067,0.3218488,0.30594262
56.3152,-121.7368,56.351,-116.711,D,2016,05,15,2016-05-15,327.4,58,45.6,295.0,0,-1.4756899,1.9690835,275.2171,274.70523,279.75745,274.96445,273.3543,3.0,0.0,0.2669651,0.27652067,0.3218488,0.30594262
56.3209,-121.7118,56.351,-116.711,D,2016,05,15,2016-05-15,381.4,100,323.7,301.1,1,-1.4756899,1.9690835,275.2171,274.70523,279.75745,274.96445,273.3543,3.0,0.0,0.2669651,0.27652067,0.3218488,0.30594262
56.3246,-121.6947,56.351,-116.711,D,2016,05,15,2016-05-15,349.3,96,320.6,291.7,1,-1.4756899,1.9690835,275.2171,274.70523,279.75745,274.96445,273.3543,3.0,0.0,0.2669651,0.27652067,0.3218488,0.30594262
56.3402,-121.6956,56.351,-116.711,D,2016,05,15,2016-05-15,335.1,88,179.3,291.8,0,-1.4756899,1.9690835,275.2171,274.70523,279.75745,274.96445,273.3543,3.0,0.0,0.2669651,0.27652067,0.3218488,0.30594262
56.5317,-120.1702,56.351,-116.711,D,2016,05,15,2016-05-15,316.8,33,55.1,300.0,0,-1.4756899,1.9690835,275.2171,274.70523,279.75745,274.96445,273.3543,3.0,0.0,0.2669651,0.27652067,0.3218488,0.30594262
56.569,-120.1113,56.351,-116.711,D,2016,05,15,2016-05-15,324.3,68,116.9,297.0,0,-1.4756899,1.9690835,275.2171,274.70523,279.75745,274.96445,273.3543,3.0,0.0,0.2669651,0.27652067,0.3218488,0.30594262
56.5866,-119.982,56.351,-116.711,D,2016,05,15,2016-05-15,354.6,98,506.8,294.5,1,-1.4756899,1.9690835,275.2171,274.70523,279.75745,274.96445,273.3543,3.0,0.0,0.2669651,0.27652067,0.3218488,0.30594262
56.5862,-120.0476,56.351,-116.711,D,2016,05,15,2016-05-15,350.9,96,434.7,297.0,1,-1.4756899,1.9690835,275.2171,274.70523,279.75745,274.96445,273.3543,3.0,0.0,0.2669651,0.27652067,0.3218488,0.30594262
56.5872,-121.3306,56.351,-116.711,D,2016,05,15,2016-05-15,326.2,78,118.7,297.5,0,-1.4756899,1.9690835,275.2171,274.70523,279.75745,274.96445,273.3543,3.0,0.0,0.2669651,0.27652067,0.3218488,0.30594262
56.6052,-121.2148,56.351,-116.711,D,2016,05,15,2016-05-15,337.1,90,203.1,298.3,1,-1.4756899,1.9690835,275.2171,274.70523,279.75745,274.96445,273.3543,3.0,0.0,0.2669651,0.27652067,0.3218488,0.30594262
56.6042,-121.2737,56.351,-116.711,D,2016,05,15,2016-05-15,382.9,100,986.9,302.6,1,-1.4756899,1.9690835,275.2171,274.70523,279.75745,274.96445,273.3543,3.0,0.0,0.2669651,0.27652067,0.3218488,0.30594262
56.5582,-120.1197,56.351,-116.711,D,2016,05,15,2016-05-15,323.9,56,103.3,299.7,0,-1.4756899,1.9690835,275.2171,274.70523,279.75745,274.96445,273.3543,3.0,0.0,0.2669651,0.27652067,0.3218488,0.30594262
56.5576,-120.31,56.351,-116.711,D,2016,05,15,2016-05-15,313.9,37,50.4,298.1,0,-1.4756899,1.9690835,275.2171,274.70523,279.75745,274.96445,273.3543,3.0,0.0,0.2669651,0.27652067,0.3218488,0.30594262
56.5752,-119.9908,56.351,-116.711,D,2016,05,15,2016-05-15,348.2,95,400.3,297.3,1,-1.4756899,1.9690835,275.2171,274.70523,279.75745,274.96445,273.3543,3.0,0.0,0.2669651,0.27652067,0.3218488,0.30594262
56.5751,-120.0564,56.351,-116.711,D,2016,05,15,2016-05-15,321.8,70,104.3,296.8,0,-1.4756899,1.9690835,275.2171,274.70523,279.75745,274.96445,273.3543,3.0,0.0,0.2669651,0.27652067,0.3218488,0.30594262
56.5921,-119.991,56.351,-116.711,D,2016,05,15,2016-05-15,338.5,91,270.6,291.9,1,-1.4756899,1.9690835,275.2171,274.70523,279.75745,274.96445,273.3543,3.0,0.0,0.2669651,0.27652067,0.3218488,0.30594262
56.5919,-120.0565,56.351,-116.711,D,2016,05,15,2016-05-15,336.2,90,238.0,294.6,1,-1.4756899,1.9690835,275.2171,274.70523,279.75745,274.96445,273.3543,3.0,0.0,0.2669651,0.27652067,0.3218488,0.30594262
56.5815,-121.3391,56.351,-116.711,D,2016,05,15,2016-05-15,322.5,71,96.4,297.5,0,-1.4756899,1.9690835,275.2171,274.70523,279.75745,274.96445,273.3543,3.0,0.0,0.2669651,0.27652067,0.3218488,0.30594262
56.5989,-121.2242,56.351,-116.711,D,2016,05,15,2016-05-15,327.3,62,123.5,299.5,0,-1.4756899,1.9690835,275.2171,274.70523,279.75745,274.96445,273.3543,3.0,0.0,0.2669651,0.27652067,0.3218488,0.30594262
56.6149,-121.224,56.351,-116.711,D,2016,05,15,2016-05-15,356.4,98,449.7,293.2,1,-1.4756899,1.9690835,275.2171,274.70523,279.75745,274.96445,273.3543,3.0,0.0,0.2669651,0.27652067,0.3218488,0.30594262
56.6141,-121.2831,56.351,-116.711,D,2016,05,15,2016-05-15,403.5,100,1668.6,301.4,1,-1.4756899,1.9690835,275.2171,274.70523,279.75745,274.96445,273.3543,3.0,0.0,0.2669651,0.27652067,0.3218488,0.30594262
56.6578,-120.2467,56.351,-116.711,D,2016,05,15,2016-05-15,333.4,72,199.8,295.3,0,-1.4756899,1.9690835,275.2171,274.70523,279.75745,274.96445,273.3543,3.0,0.0,0.2669651,0.27652067,0.3218488,0.30594262
56.6745,-120.2467,56.351,-116.711,D,2016,05,15,2016-05-15,342.0,93,299.4,293.0,1,-1.4756899,1.9690835,275.2171,274.70523,279.75745,274.96445,273.3543,3.0,0.0,0.2669651,0.27652067,0.3218488,0.30594262
56.6917,-120.1827,56.351,-116.711,D,2016,05,15,2016-05-15,394.8,94,1566.6,293.2,1,-1.4756899,1.9690835,275.2171,274.70523,279.75745,274.96445,273.3543,3.0,0.0,0.2669651,0.27652067,0.3218488,0.30594262
56.6911,-120.2466,56.351,-116.711,D,2016,05,15,2016-05-15,365.8,94,689.5,292.7,1,-1.4756899,1.9690835,275.2171,274.70523,279.75745,274.96445,273.3543,3.0,0.0,0.2669651,0.27652067,0.3218488,0.30594262
56.6615,-120.2507,56.351,-116.711,D,2016,05,15,2016-05-15,338.1,89,250.4,294.7,0,-1.4756899,1.9690835,275.2171,274.70523,279.75745,274.96445,273.3543,3.0,0.0,0.2669651,0.27652067,0.3218488,0.30594262
56.6784,-120.1872,56.351,-116.711,D,2016,05,15,2016-05-15,362.5,100,630.2,291.6,1,-1.4756899,1.9690835,275.2171,274.70523,279.75745,274.96445,273.3543,3.0,0.0,0.2669651,0.27652067,0.3218488,0.30594262
56.6782,-120.2508,56.351,-116.711,D,2016,05,15,2016-05-15,346.1,87,344.8,292.9,0,-1.4756899,1.9690835,275.2171,274.70523,279.75745,274.96445,273.3543,3.0,0.0,0.2669651,0.27652067,0.3218488,0.30594262
56.6948,-120.2509,56.351,-116.711,D,2016,05,15,2016-05-15,356.6,92,515.2,291.0,1,-1.4756899,1.9690835,275.2171,274.70523,279.75745,274.96445,273.3543,3.0,0.0,0.2669651,0.27652067,0.3218488,0.30594262
56.2998,-121.6898,56.351,-116.711,D,2016,05,15,2016-05-15,327.5,49,115.7,299.3,0,-1.4756899,1.9690835,275.2171,274.70523,279.75745,274.96445,273.3543,3.0,0.0,0.2669651,0.27652067,0.3218488,0.30594262
56.3155,-121.6905,56.351,-116.711,D,2016,05,15,2016-05-15,347.6,87,287.5,295.6,0,-1.4756899,1.9690835,275.2171,274.70523,279.75745,274.96445,273.3543,3.0,0.0,0.2669651,0.27652067,0.3218488,0.30594262
56.3143,-121.7452,56.351,-116.711,D,2016,05,15,2016-05-15,365.1,100,537.5,297.3,1,-1.4756899,1.9690835,275.2171,274.70523,279.75745,274.96445,273.3543,3.0,0.0,0.2669651,0.27652067,0.3218488,0.30594262
56.3311,-121.6912,56.351,-116.711,D,2016,05,15,2016-05-15,346.6,91,276.0,292.4,1,-1.4756899,1.9690835,275.2171,274.70523,279.75745,274.96445,273.3543,3.0,0.0,0.2669651,0.27652067,0.3218488,0.30594262
56.309,-121.694,56.351,-116.711,D,2016,05,15,2016-05-15,339.7,74,207.7,299.0,0,-1.4756899,1.9690835,275.2171,274.70523,279.75745,274.96445,273.3543,3.0,0.0,0.2669651,0.27652067,0.3218488,0.30594262
56.308,-121.7487,56.351,-116.711,D,2016,05,15,2016-05-15,365.8,100,553.5,300.0,1,-1.4756899,1.9690835,275.2171,274.70523,279.75745,274.96445,273.3543,3.0,0.0,0.2669651,0.27652067,0.3218488,0.30594262
56.3256,-121.6386,56.351,-116.711,D,2016,05,15,2016-05-15,322.0,26,79.0,293.3,0,-1.4756899,1.9690835,275.2171,274.70523,279.75745,274.96445,273.3543,3.0,0.0,0.2669651,0.27652067,0.3218488,0.30594262
63.8902,-138.8338,57.065,-116.007,N,2016,05,16,2016-05-16,321.9,100,55.4,269.9,1,0.107703984,1.4822053,295.92044,290.50452,282.67206,273.3453,273.22894,3.0,0.0,0.2565032,0.28575104,0.32889813,0.30975932
63.9007,-138.8469,57.065,-116.007,N,2016,05,16,2016-05-16,360.1,100,218.3,273.7,1,0.107703984,1.4822053,295.92044,290.50452,282.67206,273.3453,273.22894,3.0,0.0,0.2565032,0.28575104,0.32889813,0.30975932
63.8922,-138.8795,57.065,-116.007,N,2016,05,16,2016-05-16,331.1,100,81.0,270.0,1,0.107703984,1.4822053,295.92044,290.50452,282.67206,273.3453,273.22894,3.0,0.0,0.2565032,0.28575104,0.32889813,0.30975932
63.9108,-138.8614,57.065,-116.007,N,2016,05,16,2016-05-16,306.1,67,25.4,276.2,0,0.107703984,1.4822053,295.92044,290.50452,282.67206,273.3453,273.22894,3.0,0.0,0.2565032,0.28575104,0.32889813,0.30975932
63.9009,-138.8469,57.065,-116.007,N,2016,05,16,2016-05-16,308.1,73,25.5,278.9,0,0.107703984,1.4822053,295.92044,290.50452,282.67206,273.3453,273.22894,3.0,0.0,0.2565032,0.28575104,0.32889813,0.30975932
63.8895,-138.8426,57.065,-116.007,N,2016,05,16,2016-05-16,300.2,11,14.5,278.9,0,0.107703984,1.4822053,295.92044,290.50452,282.67206,273.3453,273.22894,3.0,0.0,0.2565032,0.28575104,0.32889813,0.30975932
57.5616,-117.2217,56.465,-112.089,D,2016,05,16,2016-05-16,302.3,12,2.3,285.8,0,0.8967966,3.2603083,279.31467,279.07773,281.27307,272.48523,273.87143,6.0,0.0,0.50760096,0.5372828,0.58822405,0.5947847
56.5909,-120.0429,56.465,-112.089,D,2016,05,16,2016-05-16,306.5,42,6.3,281.5,0,0.8967966,3.2603083,279.31467,279.07773,281.27307,272.48523,273.87143,6.0,0.0,0.50760096,0.5372828,0.58822405,0.5947847
56.7238,-120.2836,56.465,-112.089,D,2016,05,16,2016-05-16,341.6,53,37.8,302.8,0,0.8967966,3.2603083,279.31467,279.07773,281.27307,272.48523,273.87143,6.0,0.0,0.50760096,0.5372828,0.58822405,0.5947847
56.7264,-120.2289,56.465,-112.089,D,2016,05,16,2016-05-16,332.3,44,14.6,289.7,0,0.8967966,3.2603083,279.31467,279.07773,281.27307,272.48523,273.87143,6.0,0.0,0.50760096,0.5372828,0.58822405,0.5947847
56.7286,-120.2459,56.465,-112.089,D,2016,05,16,2016-05-16,362.9,100,84.6,288.0,1,0.8967966,3.2603083,279.31467,279.07773,281.27307,272.48523,273.87143,6.0,0.0,0.50760096,0.5372828,0.58822405,0.5947847
56.7307,-120.2629,56.465,-112.089,D,2016,05,16,2016-05-16,357.0,93,71.0,290.3,1,0.8967966,3.2603083,279.31467,279.07773,281.27307,272.48523,273.87143,6.0,0.0,0.50760096,0.5372828,0.58822405,0.5947847
56.7225,-120.1237,56.465,-112.089,D,2016,05,16,2016-05-16,326.6,70,21.3,295.8,0,0.8967966,3.2603083,279.31467,279.07773,281.27307,272.48523,273.87143,6.0,0.0,0.50760096,0.5372828,0.58822405,0.5947847
56.7268,-120.1574,56.465,-112.089,D,2016,05,16,2016-05-16,334.4,55,29.1,296.9,0,0.8967966,3.2603083,279.31467,279.07773,281.27307,272.48523,273.87143,6.0,0.0,0.50760096,0.5372828,0.58822405,0.5947847
56.7355,-120.2252,56.465,-112.089,D,2016,05,16,2016-05-16,350.6,68,52.8,292.3,0,0.8967966,3.2603083,279.31467,279.07773,281.27307,272.48523,273.87143,6.0,0.0,0.50760096,0.5372828,0.58822405,0.5947847
56.7376,-120.2422,56.465,-112.089,D,2016,05,16,2016-05-16,368.9,75,104.7,294.4,0,0.8967966,3.2603083,279.31467,279.07773,281.27307,272.48523,273.87143,6.0,0.0,0.50760096,0.5372828,0.58822405,0.5947847
56.7398,-120.2591,56.465,-112.089,D,2016,05,16,2016-05-16,363.3,71,89.5,293.8,0,0.8967966,3.2603083,279.31467,279.07773,281.27307,272.48523,273.87143,6.0,0.0,0.50760096,0.5372828,0.58822405,0.5947847
56.7441,-120.2932,56.465,-112.089,D,2016,05,16,2016-05-16,344.9,61,49.7,302.1,0,0.8967966,3.2603083,279.31467,279.07773,281.27307,272.48523,273.87143,6.0,0.0,0.50760096,0.5372828,0.58822405,0.5947847
56.7463,-120.3102,56.465,-112.089,D,2016,05,16,2016-05-16,320.3,36,15.0,295.4,0,0.8967966,3.2603083,279.31467,279.07773,281.27307,272.48523,273.87143,6.0,0.0,0.50760096,0.5372828,0.58822405,0.5947847
56.7285,-120.1152,56.465,-112.089,D,2016,05,16,2016-05-16,376.1,100,139.7,298.6,1,0.8967966,3.2603083,279.31467,279.07773,281.27307,272.48523,273.87143,6.0,0.0,0.50760096,0.5372828,0.58822405,0.5947847
56.7307,-120.1321,56.465,-112.089,D,2016,05,16,2016-05-16,352.0,97,62.4,299.5,1,0.8967966,3.2603083,279.31467,279.07773,281.27307,272.48523,273.87143,6.0,0.0,0.50760096,0.5372828,0.58822405,0.5947847
56.7413,-120.2168,56.465,-112.089,D,2016,05,16,2016-05-16,335.1,49,26.3,289.6,0,0.8967966,3.2603083,279.31467,279.07773,281.27307,272.48523,273.87143,6.0,0.0,0.50760096,0.5372828,0.58822405,0.5947847
56.7435,-120.2338,56.465,-112.089,D,2016,05,16,2016-05-16,379.8,100,153.5,293.1,1,0.8967966,3.2603083,279.31467,279.07773,281.27307,272.48523,273.87143,6.0,0.0,0.50760096,0.5372828,0.58822405,0.5947847
56.7456,-120.2508,56.465,-112.089,D,2016,05,16,2016-05-16,389.2,100,200.0,293.0,1,0.8967966,3.2603083,279.31467,279.07773,281.27307,272.48523,273.87143,6.0,0.0,0.50760096,0.5372828,0.58822405,0.5947847
56.7477,-120.2678,56.465,-112.089,D,2016,05,16,2016-05-16,373.3,100,130.3,302.2,1,0.8967966,3.2603083,279.31467,279.07773,281.27307,272.48523,273.87143,6.0,0.0,0.50760096,0.5372828,0.58822405,0.5947847
56.7499,-120.2848,56.465,-112.089,D,2016,05,16,2016-05-16,347.4,65,54.2,299.7,0,0.8967966,3.2603083,279.31467,279.07773,281.27307,272.48523,273.87143,6.0,0.0,0.50760096,0.5372828,0.58822405,0.5947847
56.7333,-120.0777,56.465,-112.089,D,2016,05,16,2016-05-16,330.8,86,23.3,303.6,0,0.8967966,3.2603083,279.31467,279.07773,281.27307,272.48523,273.87143,6.0,0.0,0.50760096,0.5372828,0.58822405,0.5947847
56.7354,-120.0946,56.465,-112.089,D,2016,05,16,2016-05-16,328.1,85,19.8,298.4,0,0.8967966,3.2603083,279.31467,279.07773,281.27307,272.48523,273.87143,6.0,0.0,0.50760096,0.5372828,0.58822405,0.5947847
56.744,-120.1622,56.465,-112.089,D,2016,05,16,2016-05-16,355.2,98,69.9,297.4,1,0.8967966,3.2603083,279.31467,279.07773,281.27307,272.48523,273.87143,6.0,0.0,0.50760096,0.5372828,0.58822405,0.5947847
56.7461,-120.1791,56.465,-112.089,D,2016,05,16,2016-05-16,342.2,76,40.8,296.9,0,0.8967966,3.2603083,279.31467,279.07773,281.27307,272.48523,273.87143,6.0,0.0,0.50760096,0.5372828,0.58822405,0.5947847
56.7483,-120.1961,56.465,-112.089,D,2016,05,16,2016-05-16,343.4,87,44.1,289.2,0,0.8967966,3.2603083,279.31467,279.07773,281.27307,272.48523,273.87143,6.0,0.0,0.50760096,0.5372828,0.58822405,0.5947847
56.7547,-120.247,56.465,-112.089,D,2016,05,16,2016-05-16,376.4,94,142.7,285.2,1,0.8967966,3.2603083,279.31467,279.07773,281.27307,272.48523,273.87143,6.0,0.0,0.50760096,0.5372828,0.58822405,0.5947847
56.7568,-120.2641,56.465,-112.089,D,2016,05,16,2016-05-16,414.3,94,373.7,297.6,1,0.8967966,3.2603083,279.31467,279.07773,281.27307,272.48523,273.87143,6.0,0.0,0.50760096,0.5372828,0.58822405,0.5947847
56.7589,-120.2811,56.465,-112.089,D,2016,05,16,2016-05-16,372.2,100,128.6,297.2,1,0.8967966,3.2603083,279.31467,279.07773,281.27307,272.48523,273.87143,6.0,0.0,0.50760096,0.5372828,0.58822405,0.5947847
56.7611,-120.2982,56.465,-112.089,D,2016,05,16,2016-05-16,371.2,100,125.1,298.7,1,0.8967966,3.2603083,279.31467,279.07773,281.27307,272.48523,273.87143,6.0,0.0,0.50760096,0.5372828,0.58822405,0.5947847
56.7509,-120.1415,56.465,-112.089,D,2016,05,16,2016-05-16,322.5,30,13.0,294.9,0,0.8967966,3.2603083,279.31467,279.07773,281.27307,272.48523,273.87143,6.0,0.0,0.50760096,0.5372828,0.58822405,0.5947847
56.753,-120.1585,56.465,-112.089,D,2016,05,16,2016-05-16,349.7,96,60.0,293.9,1,0.8967966,3.2603083,279.31467,279.07773,281.27307,272.48523,273.87143,6.0,0.0,0.50760096,0.5372828,0.58822405,0.5947847
56.7659,-120.2603,56.465,-112.089,D,2016,05,16,2016-05-16,390.8,75,214.3,291.6,0,0.8967966,3.2603083,279.31467,279.07773,281.27307,272.48523,273.87143,6.0,0.0,0.50760096,0.5372828,0.58822405,0.5947847
56.768,-120.2774,56.465,-112.089,D,2016,05,16,2016-05-16,415.5,94,386.1,299.2,1,0.8967966,3.2603083,279.31467,279.07773,281.27307,272.48523,273.87143,6.0,0.0,0.50760096,0.5372828,0.58822405,0.5947847
56.7702,-120.2944,56.465,-112.089,D,2016,05,16,2016-05-16,426.1,100,485.1,299.7,1,0.8967966,3.2603083,279.31467,279.07773,281.27307,272.48523,273.87143,6.0,0.0,0.50760096,0.5372828,0.58822405,0.5947847
56.7621,-120.1547,56.465,-112.089,D,2016,05,16,2016-05-16,383.8,100,175.4,295.9,1,0.8967966,3.2603083,279.31467,279.07773,281.27307,272.48523,273.87143,6.0,0.0,0.50760096,0.5372828,0.58822405,0.5947847
56.7642,-120.1717,56.465,-112.089,D,2016,05,16,2016-05-16,365.2,100,103.2,292.5,1,0.8967966,3.2603083,279.31467,279.07773,281.27307,272.48523,273.87143,6.0,0.0,0.50760096,0.5372828,0.58822405,0.5947847
56.7771,-120.2737,56.465,-112.089,D,2016,05,16,2016-05-16,339.6,0,42.8,279.8,0,0.8967966,3.2603083,279.31467,279.07773,281.27307,272.48523,273.87143,6.0,0.0,0.50760096,0.5372828,0.58822405,0.5947847
56.7711,-120.151,56.465,-112.089,D,2016,05,16,2016-05-16,387.0,94,192.1,296.5,1,0.8967966,3.2603083,279.31467,279.07773,281.27307,272.48523,273.87143,6.0,0.0,0.50760096,0.5372828,0.58822405,0.5947847
56.7733,-120.1679,56.465,-112.089,D,2016,05,16,2016-05-16,353.0,91,69.5,291.4,1,0.8967966,3.2603083,279.31467,279.07773,281.27307,272.48523,273.87143,6.0,0.0,0.50760096,0.5372828,0.58822405,0.5947847
56.781,-120.0045,56.465,-112.089,D,2016,05,16,2016-05-16,340.1,86,36.9,296.3,0,0.8967966,3.2603083,279.31467,279.07773,281.27307,272.48523,273.87143,6.0,0.0,0.50760096,0.5372828,0.58822405,0.5947847
56.7831,-120.0214,56.465,-112.089,D,2016,05,16,2016-05-16,339.4,84,36.8,295.9,0,0.8967966,3.2603083,279.31467,279.07773,281.27307,272.48523,273.87143,6.0,0.0,0.50760096,0.5372828,0.58822405,0.5947847
56.7191,-120.116,56.465,-112.089,D,2016,05,16,2016-05-16,353.1,97,631.7,286.5,1,0.8967966,3.2603083,279.31467,279.07773,281.27307,272.48523,273.87143,6.0,0.0,0.50760096,0.5372828,0.58822405,0.5947847
56.7341,-120.1342,56.465,-112.089,D,2016,05,16,2016-05-16,331.7,64,257.8,282.9,0,0.8967966,3.2603083,279.31467,279.07773,281.27307,272.48523,273.87143,6.0,0.0,0.50760096,0.5372828,0.58822405,0.5947847
56.7178,-120.1169,56.465,-112.089,D,2016,05,16,2016-05-16,340.8,92,397.9,286.3,1,0.8967966,3.2603083,279.31467,279.07773,281.27307,272.48523,273.87143,6.0,0.0,0.50760096,0.5372828,0.58822405,0.5947847
56.7328,-120.135,56.465,-112.089,D,2016,05,16,2016-05-16,343.5,81,436.7,283.5,0,0.8967966,3.2603083,279.31467,279.07773,281.27307,272.48523,273.87143,6.0,0.0,0.50760096,0.5372828,0.58822405,0.5947847
56.4866,-120.3046,56.465,-112.089,D,2016,05,16,2016-05-16,328.3,83,25.4,295.6,0,0.8967966,3.2603083,279.31467,279.07773,281.27307,272.48523,273.87143,6.0,0.0,0.50760096,0.5372828,0.58822405,0.5947847
56.5595,-119.9292,56.465,-112.089,D,2016,05,16,2016-05-16,327.7,61,20.0,299.0,0,0.8967966,3.2603083,279.31467,279.07773,281.27307,272.48523,273.87143,6.0,0.0,0.50760096,0.5372828,0.58822405,0.5947847
56.5574,-119.947,56.465,-112.089,D,2016,05,16,2016-05-16,400.3,100,284.9,304.3,1,0.8967966,3.2603083,279.31467,279.07773,281.27307,272.48523,273.87143,6.0,0.0,0.50760096,0.5372828,0.58822405,0.5947847
56.5667,-119.9506,56.465,-112.089,D,2016,05,16,2016-05-16,323.8,52,15.7,298.7,0,0.8967966,3.2603083,279.31467,279.07773,281.27307,272.48523,273.87143,6.0,0.0,0.50760096,0.5372828,0.58822405,0.5947847
56.5647,-119.9683,56.465,-112.089,D,2016,05,16,2016-05-16,333.5,87,29.0,300.3,0,0.8967966,3.2603083,279.31467,279.07773,281.27307,272.48523,273.87143,6.0,0.0,0.50760096,0.5372828,0.58822405,0.5947847
56.5656,-120.043,56.465,-112.089,D,2016,05,16,2016-05-16,329.4,63,23.2,301.6,0,0.8967966,3.2603083,279.31467,279.07773,281.27307,272.48523,273.87143,6.0,0.0,0.50760096,0.5372828,0.58822405,0.5947847
56.5811,-119.9933,56.465,-112.089,D,2016,05,16,2016-05-16,355.9,92,79.6,299.4,1,0.8967966,3.2603083,279.31467,279.07773,281.27307,272.48523,273.87143,6.0,0.0,0.50760096,0.5372828,0.58822405,0.5947847
56.5791,-120.011,56.465,-112.089,D,2016,05,16,2016-05-16,360.8,100,94.2,300.3,1,0.8967966,3.2603083,279.31467,279.07773,281.27307,272.48523,273.87143,6.0,0.0,0.50760096,0.5372828,0.58822405,0.5947847
56.5846,-119.9999,56.465,-112.089,D,2016,05,16,2016-05-16,358.3,93,89.2,301.1,1,0.8967966,3.2603083,279.31467,279.07773,281.27307,272.48523,273.87143,6.0,0.0,0.50760096,0.5372828,0.58822405,0.5947847
56.593,-120.0955,56.465,-112.089,D,2016,05,16,2016-05-16,324.2,76,19.5,292.6,0,0.8967966,3.2603083,279.31467,279.07773,281.27307,272.48523,273.87143,6.0,0.0,0.50760096,0.5372828,0.58822405,0.5947847
56.6842,-120.0262,56.465,-112.089,D,2016,05,16,2016-05-16,343.8,93,49.3,296.3,1,0.8967966,3.2603083,279.31467,279.07773,281.27307,272.48523,273.87143,6.0,0.0,0.50760096,0.5372828,0.58822405,0.5947847
56.6821,-120.0438,56.465,-112.089,D,2016,05,16,2016-05-16,335.9,78,31.5,297.7,0,0.8967966,3.2603083,279.31467,279.07773,281.27307,272.48523,273.87143,6.0,0.0,0.50760096,0.5372828,0.58822405,0.5947847
56.6637,-120.203,56.465,-112.089,D,2016,05,16,2016-05-16,335.2,67,29.3,298.9,0,0.8967966,3.2603083,279.31467,279.07773,281.27307,272.48523,273.87143,6.0,0.0,0.50760096,0.5372828,0.58822405,0.5947847
56.6617,-120.2205,56.465,-112.089,D,2016,05,16,2016-05-16,362.9,100,95.9,295.8,1,0.8967966,3.2603083,279.31467,279.07773,281.27307,272.48523,273.87143,6.0,0.0,0.50760096,0.5372828,0.58822405,0.5947847
56.6955,-120.0121,56.465,-112.089,D,2016,05,16,2016-05-16,346.3,94,56.0,296.9,1,0.8967966,3.2603083,279.31467,279.07773,281.27307,272.48523,273.87143,6.0,0.0,0.50760096,0.5372828,0.58822405,0.5947847
56.6934,-120.0297,56.465,-112.089,D,2016,05,16,2016-05-16,502.8,100,1933.8,337.9,1,0.8967966,3.2603083,279.31467,279.07773,281.27307,272.48523,273.87143,6.0,0.0,0.50760096,0.5372828,0.58822405,0.5947847
56.6914,-120.0473,56.465,-112.089,D,2016,05,16,2016-05-16,460.3,100,977.0,331.6,1,0.8967966,3.2603083,279.31467,279.07773,281.27307,272.48523,273.87143,6.0,0.0,0.50760096,0.5372828,0.58822405,0.5947847
56.6771,-120.1713,56.465,-112.089,D,2016,05,16,2016-05-16,333.1,82,23.3,301.0,0,0.8967966,3.2603083,279.31467,279.07773,281.27307,272.48523,273.87143,6.0,0.0,0.50760096,0.5372828,0.58822405,0.5947847
56.6709,-120.2241,56.465,-112.089,D,2016,05,16,2016-05-16,335.2,79,26.3,300.7,0,0.8967966,3.2603083,279.31467,279.07773,281.27307,272.48523,273.87143,6.0,0.0,0.50760096,0.5372828,0.58822405,0.5947847
56.7048,-120.0154,56.465,-112.089,D,2016,05,16,2016-05-16,407.0,100,337.6,298.5,1,0.8967966,3.2603083,279.31467,279.07773,281.27307,272.48523,273.87143,6.0,0.0,0.50760096,0.5372828,0.58822405,0.5947847
56.7028,-120.0331,56.465,-112.089,D,2016,05,16,2016-05-16,442.6,100,707.6,324.8,1,0.8967966,3.2603083,279.31467,279.07773,281.27307,272.48523,273.87143,6.0,0.0,0.50760096,0.5372828,0.58822405,0.5947847
56.7007,-120.0508,56.465,-112.089,D,2016,05,16,2016-05-16,350.3,96,58.4,313.7,1,0.8967966,3.2603083,279.31467,279.07773,281.27307,272.48523,273.87143,6.0,0.0,0.50760096,0.5372828,0.58822405,0.5947847
56.6863,-120.1748,56.465,-112.089,D,2016,05,16,2016-05-16,340.5,91,37.4,303.2,1,0.8967966,3.2603083,279.31467,279.07773,281.27307,272.48523,273.87143,6.0,0.0,0.50760096,0.5372828,0.58822405,0.5947847
56.6843,-120.1925,56.465,-112.089,D,2016,05,16,2016-05-16,340.2,91,34.5,299.7,1,0.8967966,3.2603083,279.31467,279.07773,281.27307,272.48523,273.87143,6.0,0.0,0.50760096,0.5372828,0.58822405,0.5947847
56.6822,-120.2101,56.465,-112.089,D,2016,05,16,2016-05-16,336.8,66,27.1,295.8,0,0.8967966,3.2603083,279.31467,279.07773,281.27307,272.48523,273.87143,6.0,0.0,0.50760096,0.5372828,0.58822405,0.5947847
56.674,-120.2804,56.465,-112.089,D,2016,05,16,2016-05-16,333.1,19,26.3,292.4,0,0.8967966,3.2603083,279.31467,279.07773,281.27307,272.48523,273.87143,6.0,0.0,0.50760096,0.5372828,0.58822405,0.5947847
56.6935,-120.196,56.465,-112.089,D,2016,05,16,2016-05-16,367.0,100,106.7,304.0,1,0.8967966,3.2603083,279.31467,279.07773,281.27307,272.48523,273.87143,6.0,0.0,0.50760096,0.5372828,0.58822405,0.5947847
56.6894,-120.2312,56.465,-112.089,D,2016,05,16,2016-05-16,363.8,100,93.5,301.4,1,0.8967966,3.2603083,279.31467,279.07773,281.27307,272.48523,273.87143,6.0,0.0,0.50760096,0.5372828,0.58822405,0.5947847
56.6832,-120.284,56.465,-112.089,D,2016,05,16,2016-05-16,338.5,23,33.6,296.2,0,0.8967966,3.2603083,279.31467,279.07773,281.27307,272.48523,273.87143,6.0,0.0,0.50760096,0.5372828,0.58822405,0.5947847
56.6811,-120.3015,56.465,-112.089,D,2016,05,16,2016-05-16,336.9,61,35.2,296.6,0,0.8967966,3.2603083,279.31467,279.07773,281.27307,272.48523,273.87143,6.0,0.0,0.50760096,0.5372828,0.58822405,0.5947847
56.7224,-120.1147,56.465,-112.089,D,2016,05,16,2016-05-16,341.1,91,41.8,293.6,1,0.8967966,3.2603083,279.31467,279.07773,281.27307,272.48523,273.87143,6.0,0.0,0.50760096,0.5372828,0.58822405,0.5947847
56.6996,-120.3087,56.465,-112.089,D,2016,05,16,2016-05-16,338.0,53,37.1,292.2,0,0.8967966,3.2603083,279.31467,279.07773,281.27307,272.48523,273.87143,6.0,0.0,0.50760096,0.5372828,0.58822405,0.5947847
56.7316,-120.1182,56.465,-112.089,D,2016,05,16,2016-05-16,347.7,94,57.1,295.9,1,0.8967966,3.2603083,279.31467,279.07773,281.27307,272.48523,273.87143,6.0,0.0,0.50760096,0.5372828,0.58822405,0.5947847
56.7254,-120.1714,56.465,-112.089,D,2016,05,16,2016-05-16,330.5,50,20.0,283.0,0,0.8967966,3.2603083,279.31467,279.07773,281.27307,272.48523,273.87143,6.0,0.0,0.50760096,0.5372828,0.58822405,0.5947847
56.7233,-120.1891,56.465,-112.089,D,2016,05,16,2016-05-16,360.2,100,85.3,289.2,1,0.8967966,3.2603083,279.31467,279.07773,281.27307,272.48523,273.87143,6.0,0.0,0.50760096,0.5372828,0.58822405,0.5947847
56.7171,-120.242,56.465,-112.089,D,2016,05,16,2016-05-16,351.9,46,59.5,304.7,0,0.8967966,3.2603083,279.31467,279.07773,281.27307,272.48523,273.87143,6.0,0.0,0.50760096,0.5372828,0.58822405,0.5947847
56.715,-120.2596,56.465,-112.089,D,2016,05,16,2016-05-16,385.2,100,187.6,301.4,1,0.8967966,3.2603083,279.31467,279.07773,281.27307,272.48523,273.87143,6.0,0.0,0.50760096,0.5372828,0.58822405,0.5947847
56.713,-120.2772,56.465,-112.089,D,2016,05,16,2016-05-16,359.8,85,85.1,296.2,0,0.8967966,3.2603083,279.31467,279.07773,281.27307,272.48523,273.87143,6.0,0.0,0.50760096,0.5372828,0.58822405,0.5947847
56.7088,-120.3123,56.465,-112.089,D,2016,05,16,2016-05-16,339.3,55,39.8,293.9,0,0.8967966,3.2603083,279.31467,279.07773,281.27307,272.48523,273.87143,6.0,0.0,0.50760096,0.5372828,0.58822405,0.5947847
56.7388,-120.1396,56.465,-112.089,D,2016,05,16,2016-05-16,339.7,91,37.9,290.2,1,0.8967966,3.2603083,279.31467,279.07773,281.27307,272.48523,273.87143,6.0,0.0,0.50760096,0.5372828,0.58822405,0.5947847
56.7368,-120.1573,56.465,-112.089,D,2016,05,16,2016-05-16,390.2,94,216.4,293.8,1,0.8967966,3.2603083,279.31467,279.07773,281.27307,272.48523,273.87143,6.0,0.0,0.50760096,0.5372828,0.58822405,0.5947847
56.7347,-120.175,56.465,-112.089,D,2016,05,16,2016-05-16,356.9,93,77.4,289.2,1,0.8967966,3.2603083,279.31467,279.07773,281.27307,272.48523,273.87143,6.0,0.0,0.50760096,0.5372828,0.58822405,0.5947847
56.7326,-120.1927,56.465,-112.089,D,2016,05,16,2016-05-16,358.5,93,81.1,294.6,1,0.8967966,3.2603083,279.31467,279.07773,281.27307,272.48523,273.87143,6.0,0.0,0.50760096,0.5372828,0.58822405,0.5947847
56.7305,-120.2104,56.465,-112.089,D,2016,05,16,2016-05-16,347.7,76,50.4,299.2,0,0.8967966,3.2603083,279.31467,279.07773,281.27307,272.48523,273.87143,6.0,0.0,0.50760096,0.5372828,0.58822405,0.5947847
56.7284,-120.228,56.465,-112.089,D,2016,05,16,2016-05-16,422.1,100,457.1,310.2,1,0.8967966,3.2603083,279.31467,279.07773,281.27307,272.48523,273.87143,6.0,0.0,0.50760096,0.5372828,0.58822405,0.5947847
56.7263,-120.2457,56.465,-112.089,D,2016,05,16,2016-05-16,455.1,100,876.1,320.8,1,0.8967966,3.2603083,279.31467,279.07773,281.27307,272.48523,273.87143,6.0,0.0,0.50760096,0.5372828,0.58822405,0.5947847
56.7243,-120.2633,56.465,-112.089,D,2016,05,16,2016-05-16,372.1,100,124.5,303.1,1,0.8967966,3.2603083,279.31467,279.07773,281.27307,272.48523,273.87143,6.0,0.0,0.50760096,0.5372828,0.58822405,0.5947847
56.7606,-120.0364,56.465,-112.089,D,2016,05,16,2016-05-16,327.3,54,20.5,293.6,0,0.8967966,3.2603083,279.31467,279.07773,281.27307,272.48523,273.87143,6.0,0.0,0.50760096,0.5372828,0.58822405,0.5947847
56.7481,-120.1432,56.465,-112.089,D,2016,05,16,2016-05-16,372.2,100,132.6,294.3,1,0.8967966,3.2603083,279.31467,279.07773,281.27307,272.48523,273.87143,6.0,0.0,0.50760096,0.5372828,0.58822405,0.5947847
56.7377,-120.2316,56.465,-112.089,D,2016,05,16,2016-05-16,389.2,100,207.3,301.2,1,0.8967966,3.2603083,279.31467,279.07773,281.27307,272.48523,273.87143,6.0,0.0,0.50760096,0.5372828,0.58822405,0.5947847
56.7356,-120.2493,56.465,-112.089,D,2016,05,16,2016-05-16,377.5,99,149.9,305.7,1,0.8967966,3.2603083,279.31467,279.07773,281.27307,272.48523,273.87143,6.0,0.0,0.50760096,0.5372828,0.58822405,0.5947847
56.7681,-120.0073,56.465,-112.089,D,2016,05,16,2016-05-16,359.6,89,89.5,296.5,0,0.8967966,3.2603083,279.31467,279.07773,281.27307,272.48523,273.87143,6.0,0.0,0.50760096,0.5372828,0.58822405,0.5947847
56.7517,-120.1499,56.465,-112.089,D,2016,05,16,2016-05-16,339.2,79,39.1,288.6,0,0.8967966,3.2603083,279.31467,279.07773,281.27307,272.48523,273.87143,6.0,0.0,0.50760096,0.5372828,0.58822405,0.5947847
56.7497,-120.1677,56.465,-112.089,D,2016,05,16,2016-05-16,350.4,90,61.8,285.5,1,0.8967966,3.2603083,279.31467,279.07773,281.27307,272.48523,273.87143,6.0,0.0,0.50760096,0.5372828,0.58822405,0.5947847
56.7476,-120.1854,56.465,-112.089,D,2016,05,16,2016-05-16,391.2,100,223.8,298.1,1,0.8967966,3.2603083,279.31467,279.07773,281.27307,272.48523,273.87143,6.0,0.0,0.50760096,0.5372828,0.58822405,0.5947847
56.7456,-120.2031,56.465,-112.089,D,2016,05,16,2016-05-16,333.5,68,26.1,292.8,0,0.8967966,3.2603083,279.31467,279.07773,281.27307,272.48523,273.87143,6.0,0.0,0.50760096,0.5372828,0.58822405,0.5947847
56.7435,-120.2208,56.465,-112.089,D,2016,05,16,2016-05-16,330.1,27,20.3,293.2,0,0.8967966,3.2603083,279.31467,279.07773,281.27307,272.48523,273.87143,6.0,0.0,0.50760096,0.5372828,0.58822405,0.5947847
56.7415,-120.2385,56.465,-112.089,D,2016,05,16,2016-05-16,340.6,77,37.2,298.9,0,0.8967966,3.2603083,279.31467,279.07773,281.27307,272.48523,273.87143,6.0,0.0,0.50760096,0.5372828,0.58822405,0.5947847
56.7774,-120.0108,56.465,-112.089,D,2016,05,16,2016-05-16,381.5,94,175.6,295.6,1,0.8967966,3.2603083,279.31467,279.07773,281.27307,272.48523,273.87143,6.0,0.0,0.50760096,0.5372828,0.58822405,0.5947847
56.7589,-120.1713,56.465,-112.089,D,2016,05,16,2016-05-16,360.3,75,89.7,280.6,0,0.8967966,3.2603083,279.31467,279.07773,281.27307,272.48523,273.87143,6.0,0.0,0.50760096,0.5372828,0.58822405,0.5947847
56.7569,-120.189,56.465,-112.089,D,2016,05,16,2016-05-16,358.4,93,82.8,291.0,1,0.8967966,3.2603083,279.31467,279.07773,281.27307,272.48523,273.87143,6.0,0.0,0.50760096,0.5372828,0.58822405,0.5947847
56.7528,-120.2244,56.465,-112.089,D,2016,05,16,2016-05-16,359.3,99,84.2,296.0,1,0.8967966,3.2603083,279.31467,279.07773,281.27307,272.48523,273.87143,6.0,0.0,0.50760096,0.5372828,0.58822405,0.5947847
56.7507,-120.2421,56.465,-112.089,D,2016,05,16,2016-05-16,396.1,100,251.1,307.4,1,0.8967966,3.2603083,279.31467,279.07773,281.27307,272.48523,273.87143,6.0,0.0,0.50760096,0.5372828,0.58822405,0.5947847
56.76,-120.2458,56.465,-112.089,D,2016,05,16,2016-05-16,345.4,85,49.9,297.2,0,0.8967966,3.2603083,279.31467,279.07773,281.27307,272.48523,273.87143,6.0,0.0,0.50760096,0.5372828,0.58822405,0.5947847
56.7579,-120.2634,56.465,-112.089,D,2016,05,16,2016-05-16,384.0,100,182.8,308.4,1,0.8967966,3.2603083,279.31467,279.07773,281.27307,272.48523,273.87143,6.0,0.0,0.50760096,0.5372828,0.58822405,0.5947847
56.7558,-120.281,56.465,-112.089,D,2016,05,16,2016-05-16,389.9,100,216.3,313.3,1,0.8967966,3.2603083,279.31467,279.07773,281.27307,272.48523,273.87143,6.0,0.0,0.50760096,0.5372828,0.58822405,0.5947847
56.7713,-120.2317,56.465,-112.089,D,2016,05,16,2016-05-16,379.4,94,166.9,297.5,1,0.8967966,3.2603083,279.31467,279.07773,281.27307,272.48523,273.87143,6.0,0.0,0.50760096,0.5372828,0.58822405,0.5947847
56.7692,-120.2494,56.465,-112.089,D,2016,05,16,2016-05-16,363.5,100,102.9,303.0,1,0.8967966,3.2603083,279.31467,279.07773,281.27307,272.48523,273.87143,6.0,0.0,0.50760096,0.5372828,0.58822405,0.5947847
56.7671,-120.267,56.465,-112.089,D,2016,05,16,2016-05-16,361.1,53,93.5,308.3,0,0.8967966,3.2603083,279.31467,279.07773,281.27307,272.48523,273.87143,6.0,0.0,0.50760096,0.5372828,0.58822405,0.5947847
56.7651,-120.2846,56.465,-112.089,D,2016,05,16,2016-05-16,403.0,92,298.9,316.1,1,0.8967966,3.2603083,279.31467,279.07773,281.27307,272.48523,273.87143,6.0,0.0,0.50760096,0.5372828,0.58822405,0.5947847
56.763,-120.3022,56.465,-112.089,D,2016,05,16,2016-05-16,388.6,100,212.1,302.5,1,0.8967966,3.2603083,279.31467,279.07773,281.27307,272.48523,273.87143,6.0,0.0,0.50760096,0.5372828,0.58822405,0.5947847
56.7764,-120.2706,56.465,-112.089,D,2016,05,16,2016-05-16,376.5,100,152.3,303.7,1,0.8967966,3.2603083,279.31467,279.07773,281.27307,272.48523,273.87143,6.0,0.0,0.50760096,0.5372828,0.58822405,0.5947847
56.7743,-120.2883,56.465,-112.089,D,2016,05,16,2016-05-16,360.1,90,92.7,301.6,1,0.8967966,3.2603083,279.31467,279.07773,281.27307,272.48523,273.87143,6.0,0.0,0.50760096,0.5372828,0.58822405,0.5947847
56.243,-110.6497,56.127,-110.481,D,2016,05,17,2016-05-17,329.3,85,38.5,283.6,0,1.5614243,3.7147653,285.55203,285.15738,283.3855,272.46085,273.79272,6.0,0.0,0.46597075,0.5109983,0.5621555,0.5834216
56.2429,-110.7643,56.127,-110.481,D,2016,05,17,2016-05-17,320.8,49,17.9,284.6,0,1.5614243,3.7147653,285.55203,285.15738,283.3855,272.46085,273.79272,6.0,0.0,0.46597075,0.5109983,0.5621555,0.5834216
56.2388,-110.7196,56.127,-110.481,D,2016,05,17,2016-05-17,359.3,99,128.1,295.6,1,1.5614243,3.7147653,285.55203,285.15738,283.3855,272.46085,273.79272,6.0,0.0,0.46597075,0.5109983,0.5621555,0.5834216
56.2367,-110.6973,56.127,-110.481,D,2016,05,17,2016-05-17,347.7,95,85.9,290.9,1,1.5614243,3.7147653,285.55203,285.15738,283.3855,272.46085,273.79272,6.0,0.0,0.46597075,0.5109983,0.5621555,0.5834216
56.2346,-110.675,56.127,-110.481,D,2016,05,17,2016-05-17,375.3,100,212.7,291.4,1,1.5614243,3.7147653,285.55203,285.15738,283.3855,272.46085,273.79272,6.0,0.0,0.46597075,0.5109983,0.5621555,0.5834216
56.2325,-110.6528,56.127,-110.481,D,2016,05,17,2016-05-17,313.6,48,14.7,284.7,0,1.5614243,3.7147653,285.55203,285.15738,283.3855,272.46085,273.79272,6.0,0.0,0.46597075,0.5109983,0.5621555,0.5834216
56.2366,-110.8118,56.127,-110.481,D,2016,05,17,2016-05-17,357.1,93,118.5,298.7,1,1.5614243,3.7147653,285.55203,285.15738,283.3855,272.46085,273.79272,6.0,0.0,0.46597075,0.5109983,0.5621555,0.5834216
56.7713,-111.1733,56.127,-110.481,D,2016,05,17,2016-05-17,323.2,70,27.1,296.5,0,1.5614243,3.7147653,285.55203,285.15738,283.3855,272.46085,273.79272,6.0,0.0,0.46597075,0.5109983,0.5621555,0.5834216
56.7087,-111.648,56.127,-110.481,D,2016,05,17,2016-05-17,317.7,43,13.8,299.3,0,1.5614243,3.7147653,285.55203,285.15738,283.3855,272.46085,273.79272,6.0,0.0,0.46597075,0.5109983,0.5621555,0.5834216
56.6698,-111.8714,56.127,-110.481,D,2016,05,17,2016-05-17,324.9,34,30.7,296.5,0,1.5614243,3.7147653,285.55203,285.15738,283.3855,272.46085,273.79272,6.0,0.0,0.46597075,0.5109983,0.5621555,0.5834216
56.6677,-111.846,56.127,-110.481,D,2016,05,17,2016-05-17,334.8,81,52.8,298.6,0,1.5614243,3.7147653,285.55203,285.15738,283.3855,272.46085,273.79272,6.0,0.0,0.46597075,0.5109983,0.5621555,0.5834216
56.6567,-111.8488,56.127,-110.481,D,2016,05,17,2016-05-17,324.0,30,27.9,298.0,0,1.5614243,3.7147653,285.55203,285.15738,283.3855,272.46085,273.79272,6.0,0.0,0.46597075,0.5109983,0.5621555,0.5834216
56.6363,-111.5985,56.127,-110.481,D,2016,05,17,2016-05-17,313.9,0,12.8,295.1,0,1.5614243,3.7147653,285.55203,285.15738,283.3855,272.46085,273.79272,6.0,0.0,0.46597075,0.5109983,0.5621555,0.5834216
56.6456,-111.8517,56.127,-110.481,D,2016,05,17,2016-05-17,322.9,31,26.5,296.6,0,1.5614243,3.7147653,285.55203,285.15738,283.3855,272.46085,273.79272,6.0,0.0,0.46597075,0.5109983,0.5621555,0.5834216
56.6436,-111.8263,56.127,-110.481,D,2016,05,17,2016-05-17,326.2,50,31.6,298.0,0,1.5614243,3.7147653,285.55203,285.15738,283.3855,272.46085,273.79272,6.0,0.0,0.46597075,0.5109983,0.5621555,0.5834216
56.6253,-111.6011,56.127,-110.481,D,2016,05,17,2016-05-17,312.6,32,11.4,296.6,0,1.5614243,3.7147653,285.55203,285.15738,283.3855,272.46085,273.79272,6.0,0.0,0.46597075,0.5109983,0.5621555,0.5834216
56.6326,-111.8291,56.127,-110.481,D,2016,05,17,2016-05-17,346.0,94,90.1,298.0,1,1.5614243,3.7147653,285.55203,285.15738,283.3855,272.46085,273.79272,6.0,0.0,0.46597075,0.5109983,0.5621555,0.5834216
56.6306,-111.8038,56.127,-110.481,D,2016,05,17,2016-05-17,331.7,73,43.8,298.3,0,1.5614243,3.7147653,285.55203,285.15738,283.3855,272.46085,273.79272,6.0,0.0,0.46597075,0.5109983,0.5621555,0.5834216
56.6195,-111.8067,56.127,-110.481,D,2016,05,17,2016-05-17,345.2,94,86.4,299.5,1,1.5614243,3.7147653,285.55203,285.15738,283.3855,272.46085,273.79272,6.0,0.0,0.46597075,0.5109983,0.5621555,0.5834216
56.6324,-111.8351,56.127,-110.481,D,2016,05,17,2016-05-17,336.1,88,59.2,297.3,0,1.5614243,3.7147653,285.55203,285.15738,283.3855,272.46085,273.79272,6.0,0.0,0.46597075,0.5109983,0.5621555,0.5834216
56.6303,-111.8098,56.127,-110.481,D,2016,05,17,2016-05-17,332.4,81,47.2,298.4,0,1.5614243,3.7147653,285.55203,285.15738,283.3855,272.46085,273.79272,6.0,0.0,0.46597075,0.5109983,0.5621555,0.5834216
56.6192,-111.8126,56.127,-110.481,D,2016,05,17,2016-05-17,339.9,86,70.8,298.7,0,1.5614243,3.7147653,285.55203,285.15738,283.3855,272.46085,273.79272,6.0,0.0,0.46597075,0.5109983,0.5621555,0.5834216
56.6171,-111.7874,56.127,-110.481,D,2016,05,17,2016-05-17,325.6,43,33.1,298.0,0,1.5614243,3.7147653,285.55203,285.15738,283.3855,272.46085,273.79272,6.0,0.0,0.46597075,0.5109983,0.5621555,0.5834216
56.6082,-111.8155,56.127,-110.481,D,2016,05,17,2016-05-17,318.6,56,22.7,295.5,0,1.5614243,3.7147653,285.55203,285.15738,283.3855,272.46085,273.79272,6.0,0.0,0.46597075,0.5109983,0.5621555,0.5834216
56.5608,-111.6489,56.127,-110.481,D,2016,05,17,2016-05-17,317.0,48,18.7,295.7,0,1.5614243,3.7147653,285.55203,285.15738,283.3855,272.46085,273.79272,6.0,0.0,0.46597075,0.5109983,0.5621555,0.5834216
56.5587,-111.6243,56.127,-110.481,D,2016,05,17,2016-05-17,317.4,31,17.5,297.9,0,1.5614243,3.7147653,285.55203,285.15738,283.3855,272.46085,273.79272,6.0,0.0,0.46597075,0.5109983,0.5621555,0.5834216
56.4452,-110.4569,56.127,-110.481,D,2016,05,17,2016-05-17,321.8,48,22.9,284.4,0,1.5614243,3.7147653,285.55203,285.15738,283.3855,272.46085,273.79272,6.0,0.0,0.46597075,0.5109983,0.5621555,0.5834216
56.4348,-110.4599,56.127,-110.481,D,2016,05,17,2016-05-17,328.0,81,33.6,285.5,0,1.5614243,3.7147653,285.55203,285.15738,283.3855,272.46085,273.79272,6.0,0.0,0.46597075,0.5109983,0.5621555,0.5834216
56.5118,-111.4609,56.127,-110.481,D,2016,05,17,2016-05-17,327.8,84,35.0,298.2,0,1.5614243,3.7147653,285.55203,285.15738,283.3855,272.46085,273.79272,6.0,0.0,0.46597075,0.5109983,0.5621555,0.5834216
56.507,-111.5369,56.127,-110.481,D,2016,05,17,2016-05-17,321.5,8,21.6,297.1,0,1.5614243,3.7147653,285.55203,285.15738,283.3855,272.46085,273.79272,6.0,0.0,0.46597075,0.5109983,0.5621555,0.5834216
56.503,-111.4881,56.127,-110.481,D,2016,05,17,2016-05-17,344.2,93,78.7,298.0,1,1.5614243,3.7147653,285.55203,285.15738,283.3855,272.46085,273.79272,6.0,0.0,0.46597075,0.5109983,0.5621555,0.5834216
56.5009,-111.4638,56.127,-110.481,D,2016,05,17,2016-05-17,331.2,86,43.9,295.5,0,1.5614243,3.7147653,285.55203,285.15738,283.3855,272.46085,273.79272,6.0,0.0,0.46597075,0.5109983,0.5621555,0.5834216
56.5102,-111.4683,56.127,-110.481,D,2016,05,17,2016-05-17,333.3,88,49.0,299.7,0,1.5614243,3.7147653,285.55203,285.15738,283.3855,272.46085,273.79272,6.0,0.0,0.46597075,0.5109983,0.5621555,0.5834216
56.5014,-111.4955,56.127,-110.481,D,2016,05,17,2016-05-17,330.8,76,42.5,296.6,0,1.5614243,3.7147653,285.55203,285.15738,283.3855,272.46085,273.79272,6.0,0.0,0.46597075,0.5109983,0.5621555,0.5834216
56.4993,-111.4712,56.127,-110.481,D,2016,05,17,2016-05-17,329.1,75,39.6,295.5,0,1.5614243,3.7147653,285.55203,285.15738,283.3855,272.46085,273.79272,6.0,0.0,0.46597075,0.5109983,0.5621555,0.5834216
56.3591,-110.3982,56.127,-110.481,D,2016,05,17,2016-05-17,322.5,43,25.6,291.7,0,1.5614243,3.7147653,285.55203,285.15738,283.3855,272.46085,273.79272,6.0,0.0,0.46597075,0.5109983,0.5621555,0.5834216
56.3571,-110.3762,56.127,-110.481,D,2016,05,17,2016-05-17,332.3,82,45.0,290.1,0,1.5614243,3.7147653,285.55203,285.15738,283.3855,272.46085,273.79272,6.0,0.0,0.46597075,0.5109983,0.5621555,0.5834216
56.3488,-110.4016,56.127,-110.481,D,2016,05,17,2016-05-17,318.9,58,20.8,289.5,0,1.5614243,3.7147653,285.55203,285.15738,283.3855,272.46085,273.79272,6.0,0.0,0.46597075,0.5109983,0.5621555,0.5834216
56.3082,-110.4876,56.127,-110.481,D,2016,05,17,2016-05-17,344.2,93,75.0,293.3,1,1.5614243,3.7147653,285.55203,285.15738,283.3855,272.46085,273.79272,6.0,0.0,0.46597075,0.5109983,0.5621555,0.5834216
56.2978,-110.4907,56.127,-110.481,D,2016,05,17,2016-05-17,347.7,95,87.2,292.1,1,1.5614243,3.7147653,285.55203,285.15738,283.3855,272.46085,273.79272,6.0,0.0,0.46597075,0.5109983,0.5621555,0.5834216
56.7909,-120.2644,56.127,-110.481,D,2016,05,17,2016-05-17,312.6,71,63.4,291.2,0,1.5614243,3.7147653,285.55203,285.15738,283.3855,272.46085,273.79272,6.0,0.0,0.46597075,0.5109983,0.5621555,0.5834216
56.7699,-119.9077,56.127,-110.481,D,2016,05,17,2016-05-17,323.9,73,123.2,282.7,0,1.5614243,3.7147653,285.55203,285.15738,283.3855,272.46085,273.79272,6.0,0.0,0.46597075,0.5109983,0.5621555,0.5834216
56.2728,-110.5658,56.127,-110.481,D,2016,05,17,2016-05-17,313.7,34,15.3,284.3,0,1.5614243,3.7147653,285.55203,285.15738,283.3855,272.46085,273.79272,6.0,0.0,0.46597075,0.5109983,0.5621555,0.5834216
56.7891,-110.8758,56.127,-110.481,D,2016,05,17,2016-05-17,341.3,87,69.9,293.7,0,1.5614243,3.7147653,285.55203,285.15738,283.3855,272.46085,273.79272,6.0,0.0,0.46597075,0.5109983,0.5621555,0.5834216
56.7912,-110.8993,56.127,-110.481,D,2016,05,17,2016-05-17,375.2,87,221.8,300.6,0,1.5614243,3.7147653,285.55203,285.15738,283.3855,272.46085,273.79272,6.0,0.0,0.46597075,0.5109983,0.5621555,0.5834216
56.8121,-111.1373,56.127,-110.481,D,2016,05,17,2016-05-17,332.7,87,50.1,294.3,0,1.5614243,3.7147653,285.55203,285.15738,283.3855,272.46085,273.79272,6.0,0.0,0.46597075,0.5109983,0.5621555,0.5834216
56.8416,-111.4804,56.127,-110.481,D,2016,05,17,2016-05-17,337.5,56,56.0,296.4,0,1.5614243,3.7147653,285.55203,285.15738,283.3855,272.46085,273.79272,6.0,0.0,0.46597075,0.5109983,0.5621555,0.5834216
56.787,-110.7332,56.127,-110.481,D,2016,05,17,2016-05-17,320.6,50,21.9,288.6,0,1.5614243,3.7147653,285.55203,285.15738,283.3855,272.46085,273.79272,6.0,0.0,0.46597075,0.5109983,0.5621555,0.5834216
56.8525,-111.4775,56.127,-110.481,D,2016,05,17,2016-05-17,366.0,100,170.9,296.1,1,1.5614243,3.7147653,285.55203,285.15738,283.3855,272.46085,273.79272,6.0,0.0,0.46597075,0.5109983,0.5621555,0.5834216
56.8546,-111.5023,56.127,-110.481,D,2016,05,17,2016-05-17,359.6,99,136.9,302.0,1,1.5614243,3.7147653,285.55203,285.15738,283.3855,272.46085,273.79272,6.0,0.0,0.46597075,0.5109983,0.5621555,0.5834216
56.8655,-111.4995,56.127,-110.481,D,2016,05,17,2016-05-17,343.4,75,72.1,298.5,0,1.5614243,3.7147653,285.55203,285.15738,283.3855,272.46085,273.79272,6.0,0.0,0.46597075,0.5109983,0.5621555,0.5834216
56.8781,-111.6496,56.127,-110.481,D,2016,05,17,2016-05-17,350.3,96,94.8,293.5,1,1.5614243,3.7147653,285.55203,285.15738,283.3855,272.46085,273.79272,6.0,0.0,0.46597075,0.5109983,0.5621555,0.5834216
56.8803,-111.6748,56.127,-110.481,D,2016,05,17,2016-05-17,342.2,92,68.8,297.8,1,1.5614243,3.7147653,285.55203,285.15738,283.3855,272.46085,273.79272,6.0,0.0,0.46597075,0.5109983,0.5621555,0.5834216
56.823,-110.8906,56.127,-110.481,D,2016,05,17,2016-05-17,338.2,90,61.3,295.5,1,1.5614243,3.7147653,285.55203,285.15738,283.3855,272.46085,273.79272,6.0,0.0,0.46597075,0.5109983,0.5621555,0.5834216
56.8891,-111.6468,56.127,-110.481,D,2016,05,17,2016-05-17,361.5,100,146.8,296.0,1,1.5614243,3.7147653,285.55203,285.15738,283.3855,272.46085,273.79272,6.0,0.0,0.46597075,0.5109983,0.5621555,0.5834216
56.8913,-111.672,56.127,-110.481,D,2016,05,17,2016-05-17,342.0,77,67.5,298.7,0,1.5614243,3.7147653,285.55203,285.15738,283.3855,272.46085,273.79272,6.0,0.0,0.46597075,0.5109983,0.5621555,0.5834216
56.8665,-111.4921,56.127,-110.481,D,2016,05,17,2016-05-17,342.5,68,69.6,296.8,0,1.5614243,3.7147653,285.55203,285.15738,283.3855,272.46085,273.79272,6.0,0.0,0.46597075,0.5109983,0.5621555,0.5834216
56.8685,-111.5171,56.127,-110.481,D,2016,05,17,2016-05-17,335.6,38,45.6,298.9,0,1.5614243,3.7147653,285.55203,285.15738,283.3855,272.46085,273.79272,6.0,0.0,0.46597075,0.5109983,0.5621555,0.5834216
56.8786,-111.6423,56.127,-110.481,D,2016,05,17,2016-05-17,343.2,93,67.2,290.1,1,1.5614243,3.7147653,285.55203,285.15738,283.3855,272.46085,273.79272,6.0,0.0,0.46597075,0.5109983,0.5621555,0.5834216
56.8806,-111.6675,56.127,-110.481,D,2016,05,17,2016-05-17,354.1,97,113.2,297.0,1,1.5614243,3.7147653,285.55203,285.15738,283.3855,272.46085,273.79272,6.0,0.0,0.46597075,0.5109983,0.5621555,0.5834216
56.8263,-110.8825,56.127,-110.481,D,2016,05,17,2016-05-17,334.1,51,48.9,293.9,0,1.5614243,3.7147653,285.55203,285.15738,283.3855,272.46085,273.79272,6.0,0.0,0.46597075,0.5109983,0.5621555,0.5834216
56.8283,-110.906,56.127,-110.481,D,2016,05,17,2016-05-17,336.3,48,53.8,294.6,0,1.5614243,3.7147653,285.55203,285.15738,283.3855,272.46085,273.79272,6.0,0.0,0.46597075,0.5109983,0.5621555,0.5834216
56.8896,-111.6395,56.127,-110.481,D,2016,05,17,2016-05-17,355.6,98,116.8,290.0,1,1.5614243,3.7147653,285.55203,285.15738,283.3855,272.46085,273.79272,6.0,0.0,0.46597075,0.5109983,0.5621555,0.5834216
56.8916,-111.6647,56.127,-110.481,D,2016,05,17,2016-05-17,357.9,99,132.8,299.0,1,1.5614243,3.7147653,285.55203,285.15738,283.3855,272.46085,273.79272,6.0,0.0,0.46597075,0.5109983,0.5621555,0.5834216
56.8369,-110.8793,56.127,-110.481,D,2016,05,17,2016-05-17,347.0,81,86.6,293.8,0,1.5614243,3.7147653,285.55203,285.15738,283.3855,272.46085,273.79272,6.0,0.0,0.46597075,0.5109983,0.5621555,0.5834216
56.8389,-110.9029,56.127,-110.481,D,2016,05,17,2016-05-17,351.8,78,102.2,295.3,0,1.5614243,3.7147653,285.55203,285.15738,283.3855,272.46085,273.79272,6.0,0.0,0.46597075,0.5109983,0.5621555,0.5834216
56.9054,-111.5585,56.127,-110.481,D,2016,05,17,2016-05-17,326.2,21,23.3,296.0,0,1.5614243,3.7147653,285.55203,285.15738,283.3855,272.46085,273.79272,6.0,0.0,0.46597075,0.5109983,0.5621555,0.5834216
56.9003,-111.1053,56.127,-110.481,D,2016,05,17,2016-05-17,329.2,85,44.5,292.6,0,1.5614243,3.7147653,285.55203,285.15738,283.3855,272.46085,273.79272,6.0,0.0,0.46597075,0.5109983,0.5621555,0.5834216
56.9174,-111.1751,56.127,-110.481,D,2016,05,17,2016-05-17,330.9,87,46.5,292.3,0,1.5614243,3.7147653,285.55203,285.15738,283.3855,272.46085,273.79272,6.0,0.0,0.46597075,0.5109983,0.5621555,0.5834216
56.9325,-111.0964,56.127,-110.481,D,2016,05,17,2016-05-17,312.7,48,15.9,289.8,0,1.5614243,3.7147653,285.55203,285.15738,283.3855,272.46085,273.79272,6.0,0.0,0.46597075,0.5109983,0.5621555,0.5834216
56.9347,-111.1205,56.127,-110.481,D,2016,05,17,2016-05-17,326.8,84,39.6,292.5,0,1.5614243,3.7147653,285.55203,285.15738,283.3855,272.46085,273.79272,6.0,0.0,0.46597075,0.5109983,0.5621555,0.5834216
56.9371,-111.1139,56.127,-110.481,D,2016,05,17,2016-05-17,334.6,89,59.2,292.2,0,1.5614243,3.7147653,285.55203,285.15738,283.3855,272.46085,273.79272,6.0,0.0,0.46597075,0.5109983,0.5621555,0.5834216
56.2492,-110.6025,56.127,-110.481,D,2016,05,17,2016-05-17,361.0,100,136.6,284.1,1,1.5614243,3.7147653,285.55203,285.15738,283.3855,272.46085,273.79272,6.0,0.0,0.46597075,0.5109983,0.5621555,0.5834216
56.8035,-111.1643,56.127,-110.481,D,2016,05,17,2016-05-17,354.4,97,116.8,298.7,1,1.5614243,3.7147653,285.55203,285.15738,283.3855,272.46085,273.79272,6.0,0.0,0.46597075,0.5109983,0.5621555,0.5834216
56.8014,-111.1402,56.127,-110.481,D,2016,05,17,2016-05-17,355.5,98,122.2,295.6,1,1.5614243,3.7147653,285.55203,285.15738,283.3855,272.46085,273.79272,6.0,0.0,0.46597075,0.5109983,0.5621555,0.5834216
56.7889,-110.9968,56.127,-110.481,D,2016,05,17,2016-05-17,317.1,19,17.8,297.6,0,1.5614243,3.7147653,285.55203,285.15738,283.3855,272.46085,273.79272,6.0,0.0,0.46597075,0.5109983,0.5621555,0.5834216
56.8424,-111.7613,56.127,-110.481,D,2016,05,17,2016-05-17,338.6,53,60.8,297.1,0,1.5614243,3.7147653,285.55203,285.15738,283.3855,272.46085,273.79272,6.0,0.0,0.46597075,0.5109983,0.5621555,0.5834216
56.815,-111.5632,56.127,-110.481,D,2016,05,17,2016-05-17,350.1,96,92.9,301.3,1,1.5614243,3.7147653,285.55203,285.15738,283.3855,272.46085,273.79272,6.0,0.0,0.46597075,0.5109983,0.5621555,0.5834216
56.804,-111.566,56.127,-110.481,D,2016,05,17,2016-05-17,338.2,81,55.2,299.5,0,1.5614243,3.7147653,285.55203,285.15738,283.3855,272.46085,273.79272,6.0,0.0,0.46597075,0.5109983,0.5621555,0.5834216
56.802,-111.5413,56.127,-110.481,D,2016,05,17,2016-05-17,328.7,38,32.7,296.6,0,1.5614243,3.7147653,285.55203,285.15738,283.3855,272.46085,273.79272,6.0,0.0,0.46597075,0.5109983,0.5621555,0.5834216
56.8,-111.5166,56.127,-110.481,D,2016,05,17,2016-05-17,326.2,43,30.2,294.3,0,1.5614243,3.7147653,285.55203,285.15738,283.3855,272.46085,273.79272,6.0,0.0,0.46597075,0.5109983,0.5621555,0.5834216
56.7951,-111.5938,56.127,-110.481,D,2016,05,17,2016-05-17,334.2,88,48.1,299.2,0,1.5614243,3.7147653,285.55203,285.15738,283.3855,272.46085,273.79272,6.0,0.0,0.46597075,0.5109983,0.5621555,0.5834216
56.8091,-111.7756,56.127,-110.481,D,2016,05,17,2016-05-17,330.5,35,39.4,298.2,0,1.5614243,3.7147653,285.55203,285.15738,283.3855,272.46085,273.79272,6.0,0.0,0.46597075,0.5109983,0.5621555,0.5834216
56.7943,-111.6001,56.127,-110.481,D,2016,05,17,2016-05-17,328.6,80,35.8,299.3,0,1.5614243,3.7147653,285.55203,285.15738,283.3855,272.46085,273.79272,6.0,0.0,0.46597075,0.5109983,0.5621555,0.5834216
56.7703,-111.5809,56.127,-110.481,D,2016,05,17,2016-05-17,326.3,83,33.8,296.8,0,1.5614243,3.7147653,285.55203,285.15738,283.3855,272.46085,273.79272,6.0,0.0,0.46597075,0.5109983,0.5621555,0.5834216
56.7539,-111.7899,56.127,-110.481,D,2016,05,17,2016-05-17,328.9,72,34.8,299.2,0,1.5614243,3.7147653,285.55203,285.15738,283.3855,272.46085,273.79272,6.0,0.0,0.46597075,0.5109983,0.5621555,0.5834216
56.7197,-111.6451,56.127,-110.481,D,2016,05,17,2016-05-17,322.2,73,22.0,299.4,0,1.5614243,3.7147653,285.55203,285.15738,283.3855,272.46085,273.79272,6.0,0.0,0.46597075,0.5109983,0.5621555,0.5834216
56.2286,-110.6925,56.127,-110.481,D,2016,05,17,2016-05-17,374.1,75,844.3,285.7,0,1.5614243,3.7147653,285.55203,285.15738,283.3855,272.46085,273.79272,6.0,0.0,0.46597075,0.5109983,0.5621555,0.5834216
56.2485,-110.8121,56.127,-110.481,D,2016,05,17,2016-05-17,366.2,100,639.1,297.4,1,1.5614243,3.7147653,285.55203,285.15738,283.3855,272.46085,273.79272,6.0,0.0,0.46597075,0.5109983,0.5621555,0.5834216
56.2315,-110.7596,56.127,-110.481,D,2016,05,17,2016-05-17,418.9,100,2516.8,296.6,1,1.5614243,3.7147653,285.55203,285.15738,283.3855,272.46085,273.79272,6.0,0.0,0.46597075,0.5109983,0.5621555,0.5834216
56.6309,-111.847,56.127,-110.481,D,2016,05,17,2016-05-17,326.1,46,108.1,293.5,0,1.5614243,3.7147653,285.55203,285.15738,283.3855,272.46085,273.79272,6.0,0.0,0.46597075,0.5109983,0.5621555,0.5834216
56.6167,-111.7999,56.127,-110.481,D,2016,05,17,2016-05-17,328.1,0,125.2,294.0,0,1.5614243,3.7147653,285.55203,285.15738,283.3855,272.46085,273.79272,6.0,0.0,0.46597075,0.5109983,0.5621555,0.5834216
56.5167,-111.5289,56.127,-110.481,D,2016,05,17,2016-05-17,328.6,84,125.6,293.8,0,1.5614243,3.7147653,285.55203,285.15738,283.3855,272.46085,273.79272,6.0,0.0,0.46597075,0.5109983,0.5621555,0.5834216
56.5019,-111.4805,56.127,-110.481,D,2016,05,17,2016-05-17,367.4,100,608.5,293.6,1,1.5614243,3.7147653,285.55203,285.15738,283.3855,272.46085,273.79272,6.0,0.0,0.46597075,0.5109983,0.5621555,0.5834216
56.5177,-111.5906,56.127,-110.481,D,2016,05,17,2016-05-17,326.6,84,118.9,294.0,0,1.5614243,3.7147653,285.55203,285.15738,283.3855,272.46085,273.79272,6.0,0.0,0.46597075,0.5109983,0.5621555,0.5834216
56.5031,-111.5429,56.127,-110.481,D,2016,05,17,2016-05-17,327.3,85,123.9,294.4,0,1.5614243,3.7147653,285.55203,285.15738,283.3855,272.46085,273.79272,6.0,0.0,0.46597075,0.5109983,0.5621555,0.5834216
56.2396,-110.7576,56.127,-110.481,D,2016,05,17,2016-05-17,431.8,100,3311.5,302.0,1,1.5614243,3.7147653,285.55203,285.15738,283.3855,272.46085,273.79272,6.0,0.0,0.46597075,0.5109983,0.5621555,0.5834216
56.2229,-110.7052,56.127,-110.481,D,2016,05,17,2016-05-17,370.5,75,744.5,284.9,0,1.5614243,3.7147653,285.55203,285.15738,283.3855,272.46085,273.79272,6.0,0.0,0.46597075,0.5109983,0.5621555,0.5834216
56.2425,-110.8255,56.127,-110.481,D,2016,05,17,2016-05-17,376.0,100,869.8,298.3,1,1.5614243,3.7147653,285.55203,285.15738,283.3855,272.46085,273.79272,6.0,0.0,0.46597075,0.5109983,0.5621555,0.5834216
56.2258,-110.773,56.127,-110.481,D,2016,05,17,2016-05-17,380.7,100,1001.7,294.9,1,1.5614243,3.7147653,285.55203,285.15738,283.3855,272.46085,273.79272,6.0,0.0,0.46597075,0.5109983,0.5621555,0.5834216
56.2285,-110.8403,56.127,-110.481,D,2016,05,17,2016-05-17,316.4,58,69.5,293.1,0,1.5614243,3.7147653,285.55203,285.15738,283.3855,272.46085,273.79272,6.0,0.0,0.46597075,0.5109983,0.5621555,0.5834216
56.2118,-110.7881,56.127,-110.481,D,2016,05,17,2016-05-17,316.5,57,71.6,291.7,0,1.5614243,3.7147653,285.55203,285.15738,283.3855,272.46085,273.79272,6.0,0.0,0.46597075,0.5109983,0.5621555,0.5834216
56.6266,-111.7834,56.127,-110.481,D,2016,05,17,2016-05-17,318.2,50,66.6,293.8,0,1.5614243,3.7147653,285.55203,285.15738,283.3855,272.46085,273.79272,6.0,0.0,0.46597075,0.5109983,0.5621555,0.5834216
56.5119,-111.5272,56.127,-110.481,D,2016,05,17,2016-05-17,347.7,95,305.9,294.7,1,1.5614243,3.7147653,285.55203,285.15738,283.3855,272.46085,273.79272,6.0,0.0,0.46597075,0.5109983,0.5621555,0.5834216
56.4969,-111.4791,56.127,-110.481,D,2016,05,17,2016-05-17,363.7,100,544.6,292.3,1,1.5614243,3.7147653,285.55203,285.15738,283.3855,272.46085,273.79272,6.0,0.0,0.46597075,0.5109983,0.5621555,0.5834216
56.2455,-110.7448,56.127,-110.481,D,2016,05,17,2016-05-17,400.0,94,1655.5,296.8,1,1.5614243,3.7147653,285.55203,285.15738,283.3855,272.46085,273.79272,6.0,0.0,0.46597075,0.5109983,0.5621555,0.5834216
56.5106,-111.4651,56.127,-110.481,D,2016,05,17,2016-05-17,319.1,72,74.9,292.3,0,1.5614243,3.7147653,285.55203,285.15738,283.3855,272.46085,273.79272,6.0,0.0,0.46597075,0.5109983,0.5621555,0.5834216
56.5267,-111.5748,56.127,-110.481,D,2016,05,17,2016-05-17,330.3,86,140.9,295.3,0,1.5614243,3.7147653,285.55203,285.15738,283.3855,272.46085,273.79272,6.0,0.0,0.46597075,0.5109983,0.5621555,0.5834216
56.6409,-111.8303,56.127,-110.481,D,2016,05,17,2016-05-17,336.8,85,190.9,294.8,0,1.5614243,3.7147653,285.55203,285.15738,283.3855,272.46085,273.79272,6.0,0.0,0.46597075,0.5109983,0.5621555,0.5834216
56.6543,-111.8166,56.127,-110.481,D,2016,05,17,2016-05-17,326.7,71,106.0,295.2,0,1.5614243,3.7147653,285.55203,285.15738,283.3855,272.46085,273.79272,6.0,0.0,0.46597075,0.5109983,0.5621555,0.5834216
56.6685,-111.8632,56.127,-110.481,D,2016,05,17,2016-05-17,341.9,92,229.0,294.6,1,1.5614243,3.7147653,285.55203,285.15738,283.3855,272.46085,273.79272,6.0,0.0,0.46597075,0.5109983,0.5621555,0.5834216
56.7312,-111.6724,56.127,-110.481,D,2016,05,17,2016-05-17,319.2,71,60.6,293.6,0,1.5614243,3.7147653,285.55203,285.15738,283.3855,272.46085,273.79272,6.0,0.0,0.46597075,0.5109983,0.5621555,0.5834216
56.4183,-110.4891,56.127,-110.481,D,2016,05,17,2016-05-17,307.6,24,21.5,291.5,0,1.5614243,3.7147653,285.55203,285.15738,283.3855,272.46085,273.79272,6.0,0.0,0.46597075,0.5109983,0.5621555,0.5834216
56.7572,-111.5833,56.127,-110.481,D,2016,05,17,2016-05-17,326.0,83,105.4,292.8,0,1.5614243,3.7147653,285.55203,285.15738,283.3855,272.46085,273.79272,6.0,0.0,0.46597075,0.5109983,0.5621555,0.5834216
56.7406,-111.6547,56.127,-110.481,D,2016,05,17,2016-05-17,316.9,40,45.2,293.2,0,1.5614243,3.7147653,285.55203,285.15738,283.3855,272.46085,273.79272,6.0,0.0,0.46597075,0.5109983,0.5621555,0.5834216
56.753,-111.5798,56.127,-110.481,D,2016,05,17,2016-05-17,326.1,81,100.4,293.0,0,1.5614243,3.7147653,285.55203,285.15738,283.3855,272.46085,273.79272,6.0,0.0,0.46597075,0.5109983,0.5621555,0.5834216
56.4378,-110.4608,56.127,-110.481,D,2016,05,17,2016-05-17,328.7,0,156.1,290.7,0,1.5614243,3.7147653,285.55203,285.15738,283.3855,272.46085,273.79272,6.0,0.0,0.46597075,0.5109983,0.5621555,0.5834216
56.7933,-111.5379,56.127,-110.481,D,2016,05,17,2016-05-17,334.8,89,159.0,290.7,0,1.5614243,3.7147653,285.55203,285.15738,283.3855,272.46085,273.79272,6.0,0.0,0.46597075,0.5109983,0.5621555,0.5834216
56.8221,-111.6324,56.127,-110.481,D,2016,05,17,2016-05-17,328.1,45,98.1,294.4,0,1.5614243,3.7147653,285.55203,285.15738,283.3855,272.46085,273.79272,6.0,0.0,0.46597075,0.5109983,0.5621555,0.5834216
56.79,-111.5363,56.127,-110.481,D,2016,05,17,2016-05-17,330.3,50,117.6,291.1,0,1.5614243,3.7147653,285.55203,285.15738,283.3855,272.46085,273.79272,6.0,0.0,0.46597075,0.5109983,0.5621555,0.5834216
56.8192,-111.6303,56.127,-110.481,D,2016,05,17,2016-05-17,328.6,57,93.9,294.2,0,1.5614243,3.7147653,285.55203,285.15738,283.3855,272.46085,273.79272,6.0,0.0,0.46597075,0.5109983,0.5621555,0.5834216
56.8436,-111.4799,56.127,-110.481,D,2016,05,17,2016-05-17,339.8,80,199.8,292.7,0,1.5614243,3.7147653,285.55203,285.15738,283.3855,272.46085,273.79272,6.0,0.0,0.46597075,0.5109983,0.5621555,0.5834216
56.901,-111.6672,56.127,-110.481,D,2016,05,17,2016-05-17,332.1,68,137.0,295.7,0,1.5614243,3.7147653,285.55203,285.15738,283.3855,272.46085,273.79272,6.0,0.0,0.46597075,0.5109983,0.5621555,0.5834216
56.6137,-110.6855,56.127,-110.481,D,2016,05,17,2016-05-17,335.0,89,197.1,294.5,0,1.5614243,3.7147653,285.55203,285.15738,283.3855,272.46085,273.79272,6.0,0.0,0.46597075,0.5109983,0.5621555,0.5834216
56.6297,-110.736,56.127,-110.481,D,2016,05,17,2016-05-17,315.7,75,62.8,294.2,0,1.5614243,3.7147653,285.55203,285.15738,283.3855,272.46085,273.79272,6.0,0.0,0.46597075,0.5109983,0.5621555,0.5834216
56.6201,-110.6708,56.127,-110.481,D,2016,05,17,2016-05-17,321.4,75,90.9,293.3,0,1.5614243,3.7147653,285.55203,285.15738,283.3855,272.46085,273.79272,6.0,0.0,0.46597075,0.5109983,0.5621555,0.5834216
56.6363,-110.7212,56.127,-110.481,D,2016,05,17,2016-05-17,310.7,49,37.2,293.5,0,1.5614243,3.7147653,285.55203,285.15738,283.3855,272.46085,273.79272,6.0,0.0,0.46597075,0.5109983,0.5621555,0.5834216
56.7848,-110.8992,56.127,-110.481,D,2016,05,17,2016-05-17,400.0,0,1521.9,277.6,0,1.5614243,3.7147653,285.55203,285.15738,283.3855,272.46085,273.79272,6.0,0.0,0.46597075,0.5109983,0.5621555,0.5834216
56.7012,-110.5168,56.127,-110.481,D,2016,05,17,2016-05-17,339.8,79,255.3,292.2,0,1.5614243,3.7147653,285.55203,285.15738,283.3855,272.46085,273.79272,6.0,0.0,0.46597075,0.5109983,0.5621555,0.5834216
56.6949,-110.5197,56.127,-110.481,D,2016,05,17,2016-05-17,339.5,0,251.2,288.8,0,1.5614243,3.7147653,285.55203,285.15738,283.3855,272.46085,273.79272,6.0,0.0,0.46597075,0.5109983,0.5621555,0.5834216
56.7923,-120.2756,56.127,-110.481,D,2016,05,17,2016-05-17,324.5,60,36.4,278.0,0,1.5614243,3.7147653,285.55203,285.15738,283.3855,272.46085,273.79272,6.0,0.0,0.46597075,0.5109983,0.5621555,0.5834216
56.8024,-120.2682,56.127,-110.481,D,2016,05,17,2016-05-17,326.6,63,41.7,282.0,0,1.5614243,3.7147653,285.55203,285.15738,283.3855,272.46085,273.79272,6.0,0.0,0.46597075,0.5109983,0.5621555,0.5834216
56.7974,-120.2451,56.127,-110.481,D,2016,05,17,2016-05-17,322.5,59,33.9,279.1,0,1.5614243,3.7147653,285.55203,285.15738,283.3855,272.46085,273.79272,6.0,0.0,0.46597075,0.5109983,0.5621555,0.5834216
56.7937,-120.2683,56.127,-110.481,D,2016,05,17,2016-05-17,335.9,90,64.4,278.0,1,1.5614243,3.7147653,285.55203,285.15738,283.3855,272.46085,273.79272,6.0,0.0,0.46597075,0.5109983,0.5621555,0.5834216
56.7987,-120.2378,56.127,-110.481,D,2016,05,17,2016-05-17,315.5,53,23.9,279.8,0,1.5614243,3.7147653,285.55203,285.15738,283.3855,272.46085,273.79272,6.0,0.0,0.46597075,0.5109983,0.5621555,0.5834216
56.8038,-120.2609,56.127,-110.481,D,2016,05,17,2016-05-17,327.7,85,46.5,282.8,0,1.5614243,3.7147653,285.55203,285.15738,283.3855,272.46085,273.79272,6.0,0.0,0.46597075,0.5109983,0.5621555,0.5834216
56.3075,-121.7527,56.127,-110.481,D,2016,05,17,2016-05-17,410.8,100,515.3,298.6,1,1.5614243,3.7147653,285.55203,285.15738,283.3855,272.46085,273.79272,6.0,0.0,0.46597075,0.5109983,0.5621555,0.5834216
56.3119,-121.7737,56.127,-110.481,D,2016,05,17,2016-05-17,359.7,99,132.1,289.5,1,1.5614243,3.7147653,285.55203,285.15738,283.3855,272.46085,273.79272,6.0,0.0,0.46597075,0.5109983,0.5621555,0.5834216
56.8929,-111.118,56.127,-110.481,D,2016,05,17,2016-05-17,334.0,87,33.1,283.9,0,1.5614243,3.7147653,285.55203,285.15738,283.3855,272.46085,273.79272,6.0,0.0,0.46597075,0.5109983,0.5621555,0.5834216
56.2179,-110.8045,56.127,-110.481,D,2016,05,17,2016-05-17,344.0,70,43.0,289.0,0,1.5614243,3.7147653,285.55203,285.15738,283.3855,272.46085,273.79272,6.0,0.0,0.46597075,0.5109983,0.5621555,0.5834216
56.2154,-110.8204,56.127,-110.481,D,2016,05,17,2016-05-17,315.5,36,6.4,294.5,0,1.5614243,3.7147653,285.55203,285.15738,283.3855,272.46085,273.79272,6.0,0.0,0.46597075,0.5109983,0.5621555,0.5834216
56.2267,-110.809,56.127,-110.481,D,2016,05,17,2016-05-17,469.0,89,1001.2,327.2,0,1.5614243,3.7147653,285.55203,285.15738,283.3855,272.46085,273.79272,6.0,0.0,0.46597075,0.5109983,0.5621555,0.5834216
56.2242,-110.8249,56.127,-110.481,D,2016,05,17,2016-05-17,350.1,90,55.4,299.1,1,1.5614243,3.7147653,285.55203,285.15738,283.3855,272.46085,273.79272,6.0,0.0,0.46597075,0.5109983,0.5621555,0.5834216
56.2394,-110.7881,56.127,-110.481,D,2016,05,17,2016-05-17,382.5,75,158.5,293.1,0,1.5614243,3.7147653,285.55203,285.15738,283.3855,272.46085,273.79272,6.0,0.0,0.46597075,0.5109983,0.5621555,0.5834216
56.2369,-110.8039,56.127,-110.481,D,2016,05,17,2016-05-17,436.4,89,552.5,328.9,0,1.5614243,3.7147653,285.55203,285.15738,283.3855,272.46085,273.79272,6.0,0.0,0.46597075,0.5109983,0.5621555,0.5834216
56.2482,-110.7926,56.127,-110.481,D,2016,05,17,2016-05-17,345.4,88,46.1,296.5,0,1.5614243,3.7147653,285.55203,285.15738,283.3855,272.46085,273.79272,6.0,0.0,0.46597075,0.5109983,0.5621555,0.5834216
56.2457,-110.8084,56.127,-110.481,D,2016,05,17,2016-05-17,355.0,85,65.3,302.3,0,1.5614243,3.7147653,285.55203,285.15738,283.3855,272.46085,273.79272,6.0,0.0,0.46597075,0.5109983,0.5621555,0.5834216
56.2432,-110.8243,56.127,-110.481,D,2016,05,17,2016-05-17,335.8,63,29.2,301.9,0,1.5614243,3.7147653,285.55203,285.15738,283.3855,272.46085,273.79272,6.0,0.0,0.46597075,0.5109983,0.5621555,0.5834216
56.3471,-110.3989,56.127,-110.481,D,2016,05,17,2016-05-17,327.5,83,22.9,294.7,0,1.5614243,3.7147653,285.55203,285.15738,283.3855,272.46085,273.79272,6.0,0.0,0.46597075,0.5109983,0.5621555,0.5834216
56.2707,-110.89,56.127,-110.481,D,2016,05,17,2016-05-17,321.6,49,9.9,303.3,0,1.5614243,3.7147653,285.55203,285.15738,283.3855,272.46085,273.79272,6.0,0.0,0.46597075,0.5109983,0.5621555,0.5834216
56.3582,-110.3875,56.127,-110.481,D,2016,05,17,2016-05-17,327.2,64,21.3,292.0,0,1.5614243,3.7147653,285.55203,285.15738,283.3855,272.46085,273.79272,6.0,0.0,0.46597075,0.5109983,0.5621555,0.5834216
56.5073,-110.5776,56.127,-110.481,D,2016,05,17,2016-05-17,348.9,90,53.5,298.6,1,1.5614243,3.7147653,285.55203,285.15738,283.3855,272.46085,273.79272,6.0,0.0,0.46597075,0.5109983,0.5621555,0.5834216
56.5049,-110.5935,56.127,-110.481,D,2016,05,17,2016-05-17,329.8,80,21.1,299.9,0,1.5614243,3.7147653,285.55203,285.15738,283.3855,272.46085,273.79272,6.0,0.0,0.46597075,0.5109983,0.5621555,0.5834216
56.5175,-110.6342,56.127,-110.481,D,2016,05,17,2016-05-17,315.1,56,6.8,298.3,0,1.5614243,3.7147653,285.55203,285.15738,283.3855,272.46085,273.79272,6.0,0.0,0.46597075,0.5109983,0.5621555,0.5834216
56.4916,-110.8616,56.127,-110.481,D,2016,05,17,2016-05-17,323.5,79,15.9,299.6,0,1.5614243,3.7147653,285.55203,285.15738,283.3855,272.46085,273.79272,6.0,0.0,0.46597075,0.5109983,0.5621555,0.5834216
56.4891,-110.8775,56.127,-110.481,D,2016,05,17,2016-05-17,336.1,89,32.1,300.9,0,1.5614243,3.7147653,285.55203,285.15738,283.3855,272.46085,273.79272,6.0,0.0,0.46597075,0.5109983,0.5621555,0.5834216
56.5423,-110.5954,56.127,-110.481,D,2016,05,17,2016-05-17,320.1,72,11.0,299.8,0,1.5614243,3.7147653,285.55203,285.15738,283.3855,272.46085,273.79272,6.0,0.0,0.46597075,0.5109983,0.5621555,0.5834216
56.5854,-110.554,56.127,-110.481,D,2016,05,17,2016-05-17,332.5,53,22.1,300.9,0,1.5614243,3.7147653,285.55203,285.15738,283.3855,272.46085,273.79272,6.0,0.0,0.46597075,0.5109983,0.5621555,0.5834216
56.6039,-110.4948,56.127,-110.481,D,2016,05,17,2016-05-17,445.1,89,643.9,309.1,0,1.5614243,3.7147653,285.55203,285.15738,283.3855,272.46085,273.79272,6.0,0.0,0.46597075,0.5109983,0.5621555,0.5834216
56.6015,-110.5107,56.127,-110.481,D,2016,05,17,2016-05-17,401.5,87,250.4,314.7,0,1.5614243,3.7147653,285.55203,285.15738,283.3855,272.46085,273.79272,6.0,0.0,0.46597075,0.5109983,0.5621555,0.5834216
56.5991,-110.5266,56.127,-110.481,D,2016,05,17,2016-05-17,352.9,73,53.2,306.6,0,1.5614243,3.7147653,285.55203,285.15738,283.3855,272.46085,273.79272,6.0,0.0,0.46597075,0.5109983,0.5621555,0.5834216
56.6033,-110.6832,56.127,-110.481,D,2016,05,17,2016-05-17,336.3,83,29.3,302.7,0,1.5614243,3.7147653,285.55203,285.15738,283.3855,272.46085,273.79272,6.0,0.0,0.46597075,0.5109983,0.5621555,0.5834216
56.5934,-110.747,56.127,-110.481,D,2016,05,17,2016-05-17,333.3,86,28.1,298.6,0,1.5614243,3.7147653,285.55203,285.15738,283.3855,272.46085,273.79272,6.0,0.0,0.46597075,0.5109983,0.5621555,0.5834216
56.612,-110.6877,56.127,-110.481,D,2016,05,17,2016-05-17,343.4,92,42.7,302.9,1,1.5614243,3.7147653,285.55203,285.15738,283.3855,272.46085,273.79272,6.0,0.0,0.46597075,0.5109983,0.5621555,0.5834216
56.6096,-110.7037,56.127,-110.481,D,2016,05,17,2016-05-17,321.3,49,11.4,298.7,0,1.5614243,3.7147653,285.55203,285.15738,283.3855,272.46085,273.79272,6.0,0.0,0.46597075,0.5109983,0.5621555,0.5834216
56.6208,-110.6922,56.127,-110.481,D,2016,05,17,2016-05-17,332.7,80,25.3,299.4,0,1.5614243,3.7147653,285.55203,285.15738,283.3855,272.46085,273.79272,6.0,0.0,0.46597075,0.5109983,0.5621555,0.5834216
56.6183,-110.7082,56.127,-110.481,D,2016,05,17,2016-05-17,359.7,99,78.6,303.6,1,1.5614243,3.7147653,285.55203,285.15738,283.3855,272.46085,273.79272,6.0,0.0,0.46597075,0.5109983,0.5621555,0.5834216
56.6158,-110.7241,56.127,-110.481,D,2016,05,17,2016-05-17,333.8,87,26.9,301.8,0,1.5614243,3.7147653,285.55203,285.15738,283.3855,272.46085,273.79272,6.0,0.0,0.46597075,0.5109983,0.5621555,0.5834216
56.4944,-111.4936,56.127,-110.481,D,2016,05,17,2016-05-17,378.1,94,143.4,301.4,1,1.5614243,3.7147653,285.55203,285.15738,283.3855,272.46085,273.79272,6.0,0.0,0.46597075,0.5109983,0.5621555,0.5834216
56.5042,-111.4881,56.127,-110.481,D,2016,05,17,2016-05-17,390.3,100,200.0,294.8,1,1.5614243,3.7147653,285.55203,285.15738,283.3855,272.46085,273.79272,6.0,0.0,0.46597075,0.5109983,0.5621555,0.5834216
56.5016,-111.5042,56.127,-110.481,D,2016,05,17,2016-05-17,412.2,100,338.9,313.2,1,1.5614243,3.7147653,285.55203,285.15738,283.3855,272.46085,273.79272,6.0,0.0,0.46597075,0.5109983,0.5621555,0.5834216
56.5051,-111.5412,56.127,-110.481,D,2016,05,17,2016-05-17,338.8,90,35.6,290.9,1,1.5614243,3.7147653,285.55203,285.15738,283.3855,272.46085,273.79272,6.0,0.0,0.46597075,0.5109983,0.5621555,0.5834216
56.5025,-111.5574,56.127,-110.481,D,2016,05,17,2016-05-17,330.5,62,23.4,298.8,0,1.5614243,3.7147653,285.55203,285.15738,283.3855,272.46085,273.79272,6.0,0.0,0.46597075,0.5109983,0.5621555,0.5834216
56.5201,-111.5669,56.127,-110.481,D,2016,05,17,2016-05-17,371.3,100,116.2,301.6,1,1.5614243,3.7147653,285.55203,285.15738,283.3855,272.46085,273.79272,6.0,0.0,0.46597075,0.5109983,0.5621555,0.5834216
56.5174,-111.583,56.127,-110.481,D,2016,05,17,2016-05-17,399.7,100,253.4,309.0,1,1.5614243,3.7147653,285.55203,285.15738,283.3855,272.46085,273.79272,6.0,0.0,0.46597075,0.5109983,0.5621555,0.5834216
56.5148,-111.5992,56.127,-110.481,D,2016,05,17,2016-05-17,328.3,66,19.8,299.7,0,1.5614243,3.7147653,285.55203,285.15738,283.3855,272.46085,273.79272,6.0,0.0,0.46597075,0.5109983,0.5621555,0.5834216
56.5236,-111.604,56.127,-110.481,D,2016,05,17,2016-05-17,359.7,99,80.3,300.6,1,1.5614243,3.7147653,285.55203,285.15738,283.3855,272.46085,273.79272,6.0,0.0,0.46597075,0.5109983,0.5621555,0.5834216
56.521,-111.6202,56.127,-110.481,D,2016,05,17,2016-05-17,335.2,88,30.0,298.3,0,1.5614243,3.7147653,285.55203,285.15738,283.3855,272.46085,273.79272,6.0,0.0,0.46597075,0.5109983,0.5621555,0.5834216
56.6402,-110.9334,56.127,-110.481,D,2016,05,17,2016-05-17,312.7,64,7.1,296.4,0,1.5614243,3.7147653,285.55203,285.15738,283.3855,272.46085,273.79272,6.0,0.0,0.46597075,0.5109983,0.5621555,0.5834216
56.5298,-111.6249,56.127,-110.481,D,2016,05,17,2016-05-17,337.8,84,33.0,299.4,0,1.5614243,3.7147653,285.55203,285.15738,283.3855,272.46085,273.79272,6.0,0.0,0.46597075,0.5109983,0.5621555,0.5834216
56.5562,-111.6392,56.127,-110.481,D,2016,05,17,2016-05-17,337.1,84,31.6,302.4,0,1.5614243,3.7147653,285.55203,285.15738,283.3855,272.46085,273.79272,6.0,0.0,0.46597075,0.5109983,0.5621555,0.5834216
56.8056,-110.4035,56.127,-110.481,D,2016,05,17,2016-05-17,331.8,0,25.1,293.9,0,1.5614243,3.7147653,285.55203,285.15738,283.3855,272.46085,273.79272,6.0,0.0,0.46597075,0.5109983,0.5621555,0.5834216
56.6169,-111.6068,56.127,-110.481,D,2016,05,17,2016-05-17,344.4,93,47.1,297.8,1,1.5614243,3.7147653,285.55203,285.15738,283.3855,272.46085,273.79272,6.0,0.0,0.46597075,0.5109983,0.5621555,0.5834216
56.6143,-111.623,56.127,-110.481,D,2016,05,17,2016-05-17,319.1,33,11.7,294.7,0,1.5614243,3.7147653,285.55203,285.15738,283.3855,272.46085,273.79272,6.0,0.0,0.46597075,0.5109983,0.5621555,0.5834216
56.6257,-111.6116,56.127,-110.481,D,2016,05,17,2016-05-17,335.3,81,30.4,297.8,0,1.5614243,3.7147653,285.55203,285.15738,283.3855,272.46085,273.79272,6.0,0.0,0.46597075,0.5109983,0.5621555,0.5834216
56.6372,-111.6002,56.127,-110.481,D,2016,05,17,2016-05-17,323.4,64,15.4,297.5,0,1.5614243,3.7147653,285.55203,285.15738,283.3855,272.46085,273.79272,6.0,0.0,0.46597075,0.5109983,0.5621555,0.5834216
56.6054,-111.7949,56.127,-110.481,D,2016,05,17,2016-05-17,370.6,71,120.3,303.1,0,1.5614243,3.7147653,285.55203,285.15738,283.3855,272.46085,273.79272,6.0,0.0,0.46597075,0.5109983,0.5621555,0.5834216
56.6027,-111.8112,56.127,-110.481,D,2016,05,17,2016-05-17,332.5,81,29.7,299.6,0,1.5614243,3.7147653,285.55203,285.15738,283.3855,272.46085,273.79272,6.0,0.0,0.46597075,0.5109983,0.5621555,0.5834216
56.6142,-111.7997,56.127,-110.481,D,2016,05,17,2016-05-17,346.7,77,54.1,293.2,0,1.5614243,3.7147653,285.55203,285.15738,283.3855,272.46085,273.79272,6.0,0.0,0.46597075,0.5109983,0.5621555,0.5834216
56.6116,-111.816,56.127,-110.481,D,2016,05,17,2016-05-17,342.7,92,45.5,301.1,1,1.5614243,3.7147653,285.55203,285.15738,283.3855,272.46085,273.79272,6.0,0.0,0.46597075,0.5109983,0.5621555,0.5834216
56.623,-111.8045,56.127,-110.481,D,2016,05,17,2016-05-17,339.1,79,38.0,293.2,0,1.5614243,3.7147653,285.55203,285.15738,283.3855,272.46085,273.79272,6.0,0.0,0.46597075,0.5109983,0.5621555,0.5834216
56.6204,-111.8208,56.127,-110.481,D,2016,05,17,2016-05-17,349.0,95,56.4,301.4,1,1.5614243,3.7147653,285.55203,285.15738,283.3855,272.46085,273.79272,6.0,0.0,0.46597075,0.5109983,0.5621555,0.5834216
56.8299,-110.5535,56.127,-110.481,D,2016,05,17,2016-05-17,357.1,86,71.3,291.4,0,1.5614243,3.7147653,285.55203,285.15738,283.3855,272.46085,273.79272,6.0,0.0,0.46597075,0.5109983,0.5621555,0.5834216
56.8275,-110.5695,56.127,-110.481,D,2016,05,17,2016-05-17,384.3,87,165.8,294.1,0,1.5614243,3.7147653,285.55203,285.15738,283.3855,272.46085,273.79272,6.0,0.0,0.46597075,0.5109983,0.5621555,0.5834216
56.6319,-111.8093,56.127,-110.481,D,2016,05,17,2016-05-17,356.8,93,74.5,299.8,1,1.5614243,3.7147653,285.55203,285.15738,283.3855,272.46085,273.79272,6.0,0.0,0.46597075,0.5109983,0.5621555,0.5834216
56.6292,-111.8256,56.127,-110.481,D,2016,05,17,2016-05-17,413.2,100,352.1,313.0,1,1.5614243,3.7147653,285.55203,285.15738,283.3855,272.46085,273.79272,6.0,0.0,0.46597075,0.5109983,0.5621555,0.5834216
56.6265,-111.8419,56.127,-110.481,D,2016,05,17,2016-05-17,326.7,68,18.9,300.3,0,1.5614243,3.7147653,285.55203,285.15738,283.3855,272.46085,273.79272,6.0,0.0,0.46597075,0.5109983,0.5621555,0.5834216
56.7887,-110.8845,56.127,-110.481,D,2016,05,17,2016-05-17,411.5,87,325.7,302.5,0,1.5614243,3.7147653,285.55203,285.15738,283.3855,272.46085,273.79272,6.0,0.0,0.46597075,0.5109983,0.5621555,0.5834216
56.7862,-110.9005,56.127,-110.481,D,2016,05,17,2016-05-17,383.3,80,162.7,298.2,0,1.5614243,3.7147653,285.55203,285.15738,283.3855,272.46085,273.79272,6.0,0.0,0.46597075,0.5109983,0.5621555,0.5834216
56.636,-111.8364,56.127,-110.481,D,2016,05,17,2016-05-17,345.3,94,49.0,303.3,1,1.5614243,3.7147653,285.55203,285.15738,283.3855,272.46085,273.79272,6.0,0.0,0.46597075,0.5109983,0.5621555,0.5834216
56.6333,-111.8527,56.127,-110.481,D,2016,05,17,2016-05-17,317.9,42,10.2,298.6,0,1.5614243,3.7147653,285.55203,285.15738,283.3855,272.46085,273.79272,6.0,0.0,0.46597075,0.5109983,0.5621555,0.5834216
56.6448,-111.8412,56.127,-110.481,D,2016,05,17,2016-05-17,337.8,90,34.8,302.2,1,1.5614243,3.7147653,285.55203,285.15738,283.3855,272.46085,273.79272,6.0,0.0,0.46597075,0.5109983,0.5621555,0.5834216
56.6987,-111.5699,56.127,-110.481,D,2016,05,17,2016-05-17,318.0,75,8.5,299.2,0,1.5614243,3.7147653,285.55203,285.15738,283.3855,272.46085,273.79272,6.0,0.0,0.46597075,0.5109983,0.5621555,0.5834216
56.6961,-111.5861,56.127,-110.481,D,2016,05,17,2016-05-17,327.0,83,18.0,300.8,0,1.5614243,3.7147653,285.55203,285.15738,283.3855,272.46085,273.79272,6.0,0.0,0.46597075,0.5109983,0.5621555,0.5834216
56.6536,-111.846,56.127,-110.481,D,2016,05,17,2016-05-17,347.0,94,49.9,302.4,1,1.5614243,3.7147653,285.55203,285.15738,283.3855,272.46085,273.79272,6.0,0.0,0.46597075,0.5109983,0.5621555,0.5834216
56.6509,-111.8623,56.127,-110.481,D,2016,05,17,2016-05-17,340.7,91,38.7,301.2,1,1.5614243,3.7147653,285.55203,285.15738,283.3855,272.46085,273.79272,6.0,0.0,0.46597075,0.5109983,0.5621555,0.5834216
56.6944,-111.6557,56.127,-110.481,D,2016,05,17,2016-05-17,322.9,79,12.6,299.7,0,1.5614243,3.7147653,285.55203,285.15738,283.3855,272.46085,273.79272,6.0,0.0,0.46597075,0.5109983,0.5621555,0.5834216
56.6624,-111.8508,56.127,-110.481,D,2016,05,17,2016-05-17,361.4,100,86.1,303.0,1,1.5614243,3.7147653,285.55203,285.15738,283.3855,272.46085,273.79272,6.0,0.0,0.46597075,0.5109983,0.5621555,0.5834216
56.6598,-111.8671,56.127,-110.481,D,2016,05,17,2016-05-17,344.1,93,45.8,301.7,1,1.5614243,3.7147653,285.55203,285.15738,283.3855,272.46085,273.79272,6.0,0.0,0.46597075,0.5109983,0.5621555,0.5834216
56.6686,-111.872,56.127,-110.481,D,2016,05,17,2016-05-17,328.5,76,21.2,299.1,0,1.5614243,3.7147653,285.55203,285.15738,283.3855,272.46085,273.79272,6.0,0.0,0.46597075,0.5109983,0.5621555,0.5834216
56.7997,-111.116,56.127,-110.481,D,2016,05,17,2016-05-17,377.9,94,142.9,289.1,1,1.5614243,3.7147653,285.55203,285.15738,283.3855,272.46085,273.79272,6.0,0.0,0.46597075,0.5109983,0.5621555,0.5834216
56.7972,-111.1321,56.127,-110.481,D,2016,05,17,2016-05-17,408.8,94,309.7,300.6,1,1.5614243,3.7147653,285.55203,285.15738,283.3855,272.46085,273.79272,6.0,0.0,0.46597075,0.5109983,0.5621555,0.5834216
56.7947,-111.1482,56.127,-110.481,D,2016,05,17,2016-05-17,382.7,87,160.8,295.4,0,1.5614243,3.7147653,285.55203,285.15738,283.3855,272.46085,273.79272,6.0,0.0,0.46597075,0.5109983,0.5621555,0.5834216
56.7921,-111.1643,56.127,-110.481,D,2016,05,17,2016-05-17,353.7,0,66.8,285.4,0,1.5614243,3.7147653,285.55203,285.15738,283.3855,272.46085,273.79272,6.0,0.0,0.46597075,0.5109983,0.5621555,0.5834216
56.7146,-111.649,56.127,-110.481,D,2016,05,17,2016-05-17,338.6,89,32.9,302.8,0,1.5614243,3.7147653,285.55203,285.15738,283.3855,272.46085,273.79272,6.0,0.0,0.46597075,0.5109983,0.5621555,0.5834216
56.712,-111.6652,56.127,-110.481,D,2016,05,17,2016-05-17,329.3,59,19.2,298.5,0,1.5614243,3.7147653,285.55203,285.15738,283.3855,272.46085,273.79272,6.0,0.0,0.46597075,0.5109983,0.5621555,0.5834216
56.806,-111.1367,56.127,-110.481,D,2016,05,17,2016-05-17,349.7,86,58.6,289.9,0,1.5614243,3.7147653,285.55203,285.15738,283.3855,272.46085,273.79272,6.0,0.0,0.46597075,0.5109983,0.5621555,0.5834216
56.8034,-111.1528,56.127,-110.481,D,2016,05,17,2016-05-17,365.1,100,98.2,293.7,1,1.5614243,3.7147653,285.55203,285.15738,283.3855,272.46085,273.79272,6.0,0.0,0.46597075,0.5109983,0.5621555,0.5834216
56.8172,-111.1253,56.127,-110.481,D,2016,05,17,2016-05-17,313.4,67,11.3,286.3,0,1.5614243,3.7147653,285.55203,285.15738,283.3855,272.46085,273.79272,6.0,0.0,0.46597075,0.5109983,0.5621555,0.5834216
56.8147,-111.1414,56.127,-110.481,D,2016,05,17,2016-05-17,322.6,80,19.3,286.6,0,1.5614243,3.7147653,285.55203,285.15738,283.3855,272.46085,273.79272,6.0,0.0,0.46597075,0.5109983,0.5621555,0.5834216
56.7296,-111.6747,56.127,-110.481,D,2016,05,17,2016-05-17,331.3,86,23.2,297.9,0,1.5614243,3.7147653,285.55203,285.15738,283.3855,272.46085,273.79272,6.0,0.0,0.46597075,0.5109983,0.5621555,0.5834216
56.7269,-111.691,56.127,-110.481,D,2016,05,17,2016-05-17,318.6,47,7.9,299.5,0,1.5614243,3.7147653,285.55203,285.15738,283.3855,272.46085,273.79272,6.0,0.0,0.46597075,0.5109983,0.5621555,0.5834216
56.7541,-111.5822,56.127,-110.481,D,2016,05,17,2016-05-17,352.8,97,63.1,301.0,1,1.5614243,3.7147653,285.55203,285.15738,283.3855,272.46085,273.79272,6.0,0.0,0.46597075,0.5109983,0.5621555,0.5834216
56.7515,-111.5984,56.127,-110.481,D,2016,05,17,2016-05-17,326.2,67,17.4,297.5,0,1.5614243,3.7147653,285.55203,285.15738,283.3855,272.46085,273.79272,6.0,0.0,0.46597075,0.5109983,0.5621555,0.5834216
56.7629,-111.5869,56.127,-110.481,D,2016,05,17,2016-05-17,318.8,22,10.0,297.4,0,1.5614243,3.7147653,285.55203,285.15738,283.3855,272.46085,273.79272,6.0,0.0,0.46597075,0.5109983,0.5621555,0.5834216
56.7241,-111.8717,56.127,-110.481,D,2016,05,17,2016-05-17,324.6,48,16.8,298.2,0,1.5614243,3.7147653,285.55203,285.15738,283.3855,272.46085,273.79272,6.0,0.0,0.46597075,0.5109983,0.5621555,0.5834216
56.7911,-111.5192,56.127,-110.481,D,2016,05,17,2016-05-17,377.6,100,136.8,297.7,1,1.5614243,3.7147653,285.55203,285.15738,283.3855,272.46085,273.79272,6.0,0.0,0.46597075,0.5109983,0.5621555,0.5834216
56.7885,-111.5354,56.127,-110.481,D,2016,05,17,2016-05-17,392.0,100,203.7,307.2,1,1.5614243,3.7147653,285.55203,285.15738,283.3855,272.46085,273.79272,6.0,0.0,0.46597075,0.5109983,0.5621555,0.5834216
56.8025,-111.5078,56.127,-110.481,D,2016,05,17,2016-05-17,343.9,81,44.1,290.9,0,1.5614243,3.7147653,285.55203,285.15738,283.3855,272.46085,273.79272,6.0,0.0,0.46597075,0.5109983,0.5621555,0.5834216
56.7999,-111.5239,56.127,-110.481,D,2016,05,17,2016-05-17,375.5,100,128.7,300.1,1,1.5614243,3.7147653,285.55203,285.15738,283.3855,272.46085,273.79272,6.0,0.0,0.46597075,0.5109983,0.5621555,0.5834216
56.7895,-111.5887,56.127,-110.481,D,2016,05,17,2016-05-17,353.9,97,61.9,296.6,1,1.5614243,3.7147653,285.55203,285.15738,283.3855,272.46085,273.79272,6.0,0.0,0.46597075,0.5109983,0.5621555,0.5834216
56.7868,-111.6049,56.127,-110.481,D,2016,05,17,2016-05-17,399.4,100,250.7,306.3,1,1.5614243,3.7147653,285.55203,285.15738,283.3855,272.46085,273.79272,6.0,0.0,0.46597075,0.5109983,0.5621555,0.5834216
56.7551,-111.7998,56.127,-110.481,D,2016,05,17,2016-05-17,349.8,96,56.4,301.6,1,1.5614243,3.7147653,285.55203,285.15738,283.3855,272.46085,273.79272,6.0,0.0,0.46597075,0.5109983,0.5621555,0.5834216
56.8009,-111.5772,56.127,-110.481,D,2016,05,17,2016-05-17,326.3,42,11.4,285.7,0,1.5614243,3.7147653,285.55203,285.15738,283.3855,272.46085,273.79272,6.0,0.0,0.46597075,0.5109983,0.5621555,0.5834216
56.7982,-111.5934,56.127,-110.481,D,2016,05,17,2016-05-17,327.2,32,13.6,290.1,0,1.5614243,3.7147653,285.55203,285.15738,283.3855,272.46085,273.79272,6.0,0.0,0.46597075,0.5109983,0.5621555,0.5834216
56.7956,-111.6096,56.127,-110.481,D,2016,05,17,2016-05-17,348.7,90,52.8,306.6,1,1.5614243,3.7147653,285.55203,285.15738,283.3855,272.46085,273.79272,6.0,0.0,0.46597075,0.5109983,0.5621555,0.5834216
56.7639,-111.8046,56.127,-110.481,D,2016,05,17,2016-05-17,350.6,96,59.1,300.3,1,1.5614243,3.7147653,285.55203,285.15738,283.3855,272.46085,273.79272,6.0,0.0,0.46597075,0.5109983,0.5621555,0.5834216
56.8122,-111.5658,56.127,-110.481,D,2016,05,17,2016-05-17,352.0,91,55.1,299.3,1,1.5614243,3.7147653,285.55203,285.15738,283.3855,272.46085,273.79272,6.0,0.0,0.46597075,0.5109983,0.5621555,0.5834216
56.7754,-111.7931,56.127,-110.481,D,2016,05,17,2016-05-17,328.4,69,20.3,297.7,0,1.5614243,3.7147653,285.55203,285.15738,283.3855,272.46085,273.79272,6.0,0.0,0.46597075,0.5109983,0.5621555,0.5834216
56.7727,-111.8093,56.127,-110.481,D,2016,05,17,2016-05-17,325.3,66,18.0,296.9,0,1.5614243,3.7147653,285.55203,285.15738,283.3855,272.46085,273.79272,6.0,0.0,0.46597075,0.5109983,0.5621555,0.5834216
56.898,-111.0858,56.127,-110.481,D,2016,05,17,2016-05-17,332.6,82,32.5,281.4,0,1.5614243,3.7147653,285.55203,285.15738,283.3855,272.46085,273.79272,6.0,0.0,0.46597075,0.5109983,0.5621555,0.5834216
56.8955,-111.1019,56.127,-110.481,D,2016,05,17,2016-05-17,351.2,96,65.1,287.9,1,1.5614243,3.7147653,285.55203,285.15738,283.3855,272.46085,273.79272,6.0,0.0,0.46597075,0.5109983,0.5621555,0.5834216
56.8777,-111.2147,56.127,-110.481,D,2016,05,17,2016-05-17,318.8,59,16.4,284.9,0,1.5614243,3.7147653,285.55203,285.15738,283.3855,272.46085,273.79272,6.0,0.0,0.46597075,0.5109983,0.5621555,0.5834216
56.8366,-111.4734,56.127,-110.481,D,2016,05,17,2016-05-17,335.3,59,32.5,282.3,0,1.5614243,3.7147653,285.55203,285.15738,283.3855,272.46085,273.79272,6.0,0.0,0.46597075,0.5109983,0.5621555,0.5834216
56.7868,-111.7816,56.127,-110.481,D,2016,05,17,2016-05-17,330.4,66,21.6,299.5,0,1.5614243,3.7147653,285.55203,285.15738,283.3855,272.46085,273.79272,6.0,0.0,0.46597075,0.5109983,0.5621555,0.5834216
56.7842,-111.7979,56.127,-110.481,D,2016,05,17,2016-05-17,331.2,71,24.9,298.0,0,1.5614243,3.7147653,285.55203,285.15738,283.3855,272.46085,273.79272,6.0,0.0,0.46597075,0.5109983,0.5621555,0.5834216
56.9067,-111.0905,56.127,-110.481,D,2016,05,17,2016-05-17,318.7,53,16.2,284.9,0,1.5614243,3.7147653,285.55203,285.15738,283.3855,272.46085,273.79272,6.0,0.0,0.46597075,0.5109983,0.5621555,0.5834216
56.9042,-111.1065,56.127,-110.481,D,2016,05,17,2016-05-17,327.2,82,24.9,287.8,0,1.5614243,3.7147653,285.55203,285.15738,283.3855,272.46085,273.79272,6.0,0.0,0.46597075,0.5109983,0.5621555,0.5834216
56.8454,-111.4781,56.127,-110.481,D,2016,05,17,2016-05-17,377.1,75,139.5,288.3,0,1.5614243,3.7147653,285.55203,285.15738,283.3855,272.46085,273.79272,6.0,0.0,0.46597075,0.5109983,0.5621555,0.5834216
56.8428,-111.4943,56.127,-110.481,D,2016,05,17,2016-05-17,329.6,62,19.8,291.0,0,1.5614243,3.7147653,285.55203,285.15738,283.3855,272.46085,273.79272,6.0,0.0,0.46597075,0.5109983,0.5621555,0.5834216
56.8193,-111.6402,56.127,-110.481,D,2016,05,17,2016-05-17,346.0,94,43.9,301.6,1,1.5614243,3.7147653,285.55203,285.15738,283.3855,272.46085,273.79272,6.0,0.0,0.46597075,0.5109983,0.5621555,0.5834216
56.7983,-111.7701,56.127,-110.481,D,2016,05,17,2016-05-17,335.8,82,27.4,301.7,0,1.5614243,3.7147653,285.55203,285.15738,283.3855,272.46085,273.79272,6.0,0.0,0.46597075,0.5109983,0.5621555,0.5834216
56.7956,-111.7864,56.127,-110.481,D,2016,05,17,2016-05-17,335.4,69,29.1,299.3,0,1.5614243,3.7147653,285.55203,285.15738,283.3855,272.46085,273.79272,6.0,0.0,0.46597075,0.5109983,0.5621555,0.5834216
56.8542,-111.4829,56.127,-110.481,D,2016,05,17,2016-05-17,370.9,0,115.3,277.7,0,1.5614243,3.7147653,285.55203,285.15738,283.3855,272.46085,273.79272,6.0,0.0,0.46597075,0.5109983,0.5621555,0.5834216
56.8516,-111.4991,56.127,-110.481,D,2016,05,17,2016-05-17,345.1,81,43.0,288.4,0,1.5614243,3.7147653,285.55203,285.15738,283.3855,272.46085,273.79272,6.0,0.0,0.46597075,0.5109983,0.5621555,0.5834216
56.849,-111.5153,56.127,-110.481,D,2016,05,17,2016-05-17,332.2,67,21.1,294.9,0,1.5614243,3.7147653,285.55203,285.15738,283.3855,272.46085,273.79272,6.0,0.0,0.46597075,0.5109983,0.5621555,0.5834216
56.8071,-111.7749,56.127,-110.481,D,2016,05,17,2016-05-17,346.1,91,47.0,301.3,1,1.5614243,3.7147653,285.55203,285.15738,283.3855,272.46085,273.79272,6.0,0.0,0.46597075,0.5109983,0.5621555,0.5834216
56.8044,-111.7912,56.127,-110.481,D,2016,05,17,2016-05-17,331.5,61,25.0,298.2,0,1.5614243,3.7147653,285.55203,285.15738,283.3855,272.46085,273.79272,6.0,0.0,0.46597075,0.5109983,0.5621555,0.5834216
56.9116,-111.1803,56.127,-110.481,D,2016,05,17,2016-05-17,359.4,99,81.5,298.0,1,1.5614243,3.7147653,285.55203,285.15738,283.3855,272.46085,273.79272,6.0,0.0,0.46597075,0.5109983,0.5621555,0.5834216
56.9091,-111.1965,56.127,-110.481,D,2016,05,17,2016-05-17,344.0,93,45.7,296.4,1,1.5614243,3.7147653,285.55203,285.15738,283.3855,272.46085,273.79272,6.0,0.0,0.46597075,0.5109983,0.5621555,0.5834216
56.904,-111.2287,56.127,-110.481,D,2016,05,17,2016-05-17,312.0,35,7.6,293.0,0,1.5614243,3.7147653,285.55203,285.15738,283.3855,272.46085,273.79272,6.0,0.0,0.46597075,0.5109983,0.5621555,0.5834216
56.8158,-111.7797,56.127,-110.481,D,2016,05,17,2016-05-17,335.0,72,30.0,299.1,0,1.5614243,3.7147653,285.55203,285.15738,283.3855,272.46085,273.79272,6.0,0.0,0.46597075,0.5109983,0.5621555,0.5834216
56.9304,-111.1204,56.127,-110.481,D,2016,05,17,2016-05-17,321.0,79,16.8,294.0,0,1.5614243,3.7147653,285.55203,285.15738,283.3855,272.46085,273.79272,6.0,0.0,0.46597075,0.5109983,0.5621555,0.5834216
56.9229,-111.1688,56.127,-110.481,D,2016,05,17,2016-05-17,330.4,75,24.5,293.0,0,1.5614243,3.7147653,285.55203,285.15738,283.3855,272.46085,273.79272,6.0,0.0,0.46597075,0.5109983,0.5621555,0.5834216
56.9203,-111.185,56.127,-110.481,D,2016,05,17,2016-05-17,321.0,13,13.9,293.9,0,1.5614243,3.7147653,285.55203,285.15738,283.3855,272.46085,273.79272,6.0,0.0,0.46597075,0.5109983,0.5621555,0.5834216
56.8273,-111.7683,56.127,-110.481,D,2016,05,17,2016-05-17,346.0,93,48.1,301.9,1,1.5614243,3.7147653,285.55203,285.15738,283.3855,272.46085,273.79272,6.0,0.0,0.46597075,0.5109983,0.5621555,0.5834216
56.837,-111.7629,56.127,-110.481,D,2016,05,17,2016-05-17,334.6,73,27.5,302.2,0,1.5614243,3.7147653,285.55203,285.15738,283.3855,272.46085,273.79272,6.0,0.0,0.46597075,0.5109983,0.5621555,0.5834216
56.8748,-111.5891,56.127,-110.481,D,2016,05,17,2016-05-17,332.6,40,21.1,296.9,0,1.5614243,3.7147653,285.55203,285.15738,283.3855,272.46085,273.79272,6.0,0.0,0.46597075,0.5109983,0.5621555,0.5834216
56.8484,-111.7515,56.127,-110.481,D,2016,05,17,2016-05-17,327.3,37,15.5,301.5,0,1.5614243,3.7147653,285.55203,285.15738,283.3855,272.46085,273.79272,6.0,0.0,0.46597075,0.5109983,0.5621555,0.5834216
56.8458,-111.7677,56.127,-110.481,D,2016,05,17,2016-05-17,362.7,100,88.4,303.4,1,1.5614243,3.7147653,285.55203,285.15738,283.3855,272.46085,273.79272,6.0,0.0,0.46597075,0.5109983,0.5621555,0.5834216
56.9018,-111.4804,56.127,-110.481,D,2016,05,17,2016-05-17,353.4,85,66.2,293.3,0,1.5614243,3.7147653,285.55203,285.15738,283.3855,272.46085,273.79272,6.0,0.0,0.46597075,0.5109983,0.5621555,0.5834216
56.8992,-111.4966,56.127,-110.481,D,2016,05,17,2016-05-17,383.1,75,163.6,295.3,0,1.5614243,3.7147653,285.55203,285.15738,283.3855,272.46085,273.79272,6.0,0.0,0.46597075,0.5109983,0.5621555,0.5834216
56.8678,-111.6913,56.127,-110.481,D,2016,05,17,2016-05-17,330.3,83,16.6,301.4,0,1.5614243,3.7147653,285.55203,285.15738,283.3855,272.46085,273.79272,6.0,0.0,0.46597075,0.5109983,0.5621555,0.5834216
56.8651,-111.7076,56.127,-110.481,D,2016,05,17,2016-05-17,325.1,53,10.0,303.1,0,1.5614243,3.7147653,285.55203,285.15738,283.3855,272.46085,273.79272,6.0,0.0,0.46597075,0.5109983,0.5621555,0.5834216
56.8572,-111.7563,56.127,-110.481,D,2016,05,17,2016-05-17,330.8,45,21.7,302.4,0,1.5614243,3.7147653,285.55203,285.15738,283.3855,272.46085,273.79272,6.0,0.0,0.46597075,0.5109983,0.5621555,0.5834216
56.8844,-111.6474,56.127,-110.481,D,2016,05,17,2016-05-17,339.2,53,30.8,303.8,0,1.5614243,3.7147653,285.55203,285.15738,283.3855,272.46085,273.79272,6.0,0.0,0.46597075,0.5109983,0.5621555,0.5834216
56.8818,-111.6636,56.127,-110.481,D,2016,05,17,2016-05-17,345.4,94,41.4,304.0,1,1.5614243,3.7147653,285.55203,285.15738,283.3855,272.46085,273.79272,6.0,0.0,0.46597075,0.5109983,0.5621555,0.5834216
56.8686,-111.7448,56.127,-110.481,D,2016,05,17,2016-05-17,361.5,100,83.9,304.8,1,1.5614243,3.7147653,285.55203,285.15738,283.3855,272.46085,273.79272,6.0,0.0,0.46597075,0.5109983,0.5621555,0.5834216
56.8958,-111.6359,56.127,-110.481,D,2016,05,17,2016-05-17,338.7,39,32.8,296.2,0,1.5614243,3.7147653,285.55203,285.15738,283.3855,272.46085,273.79272,6.0,0.0,0.46597075,0.5109983,0.5621555,0.5834216
56.8932,-111.6522,56.127,-110.481,D,2016,05,17,2016-05-17,365.8,100,94.9,305.9,1,1.5614243,3.7147653,285.55203,285.15738,283.3855,272.46085,273.79272,6.0,0.0,0.46597075,0.5109983,0.5621555,0.5834216
56.9307,-111.4784,56.127,-110.481,D,2016,05,17,2016-05-17,357.8,93,76.5,296.4,1,1.5614243,3.7147653,285.55203,285.15738,283.3855,272.46085,273.79272,6.0,0.0,0.46597075,0.5109983,0.5621555,0.5834216
56.9281,-111.4946,56.127,-110.481,D,2016,05,17,2016-05-17,353.2,84,64.7,297.2,0,1.5614243,3.7147653,285.55203,285.15738,283.3855,272.46085,273.79272,6.0,0.0,0.46597075,0.5109983,0.5621555,0.5834216
56.9394,-111.4831,56.127,-110.481,D,2016,05,17,2016-05-17,326.2,78,21.3,292.4,0,1.5614243,3.7147653,285.55203,285.15738,283.3855,272.46085,273.79272,6.0,0.0,0.46597075,0.5109983,0.5621555,0.5834216
56.9082,-111.678,56.127,-110.481,D,2016,05,17,2016-05-17,341.9,51,38.9,301.6,0,1.5614243,3.7147653,285.55203,285.15738,283.3855,272.46085,273.79272,6.0,0.0,0.46597075,0.5109983,0.5621555,0.5834216
56.9055,-111.6943,56.127,-110.481,D,2016,05,17,2016-05-17,374.2,100,125.8,306.5,1,1.5614243,3.7147653,285.55203,285.15738,283.3855,272.46085,273.79272,6.0,0.0,0.46597075,0.5109983,0.5621555,0.5834216
56.9466,-111.5576,56.127,-110.481,D,2016,05,17,2016-05-17,389.7,100,196.6,300.7,1,1.5614243,3.7147653,285.55203,285.15738,283.3855,272.46085,273.79272,6.0,0.0,0.46597075,0.5109983,0.5621555,0.5834216
56.944,-111.5738,56.127,-110.481,D,2016,05,17,2016-05-17,360.0,100,81.0,298.3,1,1.5614243,3.7147653,285.55203,285.15738,283.3855,272.46085,273.79272,6.0,0.0,0.46597075,0.5109983,0.5621555,0.5834216
56.9476,-111.6111,56.127,-110.481,D,2016,05,17,2016-05-17,345.9,74,50.6,293.4,0,1.5614243,3.7147653,285.55203,285.15738,283.3855,272.46085,273.79272,6.0,0.0,0.46597075,0.5109983,0.5621555,0.5834216
56.9566,-111.6036,56.127,-110.481,D,2016,05,17,2016-05-17,334.5,72,31.5,295.9,0,1.5614243,3.7147653,285.55203,285.15738,283.3855,272.46085,273.79272,6.0,0.0,0.46597075,0.5109983,0.5621555,0.5834216
56.3057,-121.7625,56.127,-110.481,D,2016,05,17,2016-05-17,336.6,90,115.2,276.5,1,1.5614243,3.7147653,285.55203,285.15738,283.3855,272.46085,273.79272,6.0,0.0,0.46597075,0.5109983,0.5621555,0.5834216
56.3121,-121.7362,56.127,-110.481,D,2016,05,17,2016-05-17,314.2,54,33.9,276.5,0,1.5614243,3.7147653,285.55203,285.15738,283.3855,272.46085,273.79272,6.0,0.0,0.46597075,0.5109983,0.5621555,0.5834216
56.3037,-121.7686,56.127,-110.481,D,2016,05,17,2016-05-17,332.3,88,97.5,276.9,0,1.5614243,3.7147653,285.55203,285.15738,283.3855,272.46085,273.79272,6.0,0.0,0.46597075,0.5109983,0.5621555,0.5834216
56.7982,-120.2487,56.127,-110.481,D,2016,05,17,2016-05-17,319.0,67,40.4,277.1,0,1.5614243,3.7147653,285.55203,285.15738,283.3855,272.46085,273.79272,6.0,0.0,0.46597075,0.5109983,0.5621555,0.5834216
56.7914,-120.2768,56.127,-110.481,D,2016,05,17,2016-05-17,327.9,78,63.3,282.6,0,1.5614243,3.7147653,285.55203,285.15738,283.3855,272.46085,273.79272,6.0,0.0,0.46597075,0.5109983,0.5621555,0.5834216
56.7709,-120.3326,56.127,-110.481,D,2016,05,17,2016-05-17,313.5,26,39.8,289.0,0,1.5614243,3.7147653,285.55203,285.15738,283.3855,272.46085,273.79272,6.0,0.0,0.46597075,0.5109983,0.5621555,0.5834216
56.8245,-120.0051,56.127,-110.481,D,2016,05,17,2016-05-17,362.5,100,431.3,282.2,1,1.5614243,3.7147653,285.55203,285.15738,283.3855,272.46085,273.79272,6.0,0.0,0.46597075,0.5109983,0.5621555,0.5834216
56.8231,-120.0533,56.127,-110.481,D,2016,05,17,2016-05-17,330.3,59,124.3,281.6,0,1.5614243,3.7147653,285.55203,285.15738,283.3855,272.46085,273.79272,6.0,0.0,0.46597075,0.5109983,0.5621555,0.5834216
56.775,-120.1921,56.127,-110.481,D,2016,05,17,2016-05-17,321.4,54,66.6,288.0,0,1.5614243,3.7147653,285.55203,285.15738,283.3855,272.46085,273.79272,6.0,0.0,0.46597075,0.5109983,0.5621555,0.5834216
56.8097,-120.0037,56.127,-110.481,D,2016,05,17,2016-05-17,336.7,83,168.8,285.1,0,1.5614243,3.7147653,285.55203,285.15738,283.3855,272.46085,273.79272,6.0,0.0,0.46597075,0.5109983,0.5621555,0.5834216
56.659,-120.0762,56.127,-110.481,D,2016,05,17,2016-05-17,334.6,89,146.1,291.5,0,1.5614243,3.7147653,285.55203,285.15738,283.3855,272.46085,273.79272,6.0,0.0,0.46597075,0.5109983,0.5621555,0.5834216
56.6607,-120.0845,56.127,-110.481,D,2016,05,17,2016-05-17,329.6,86,113.1,292.6,0,1.5614243,3.7147653,285.55203,285.15738,283.3855,272.46085,273.79272,6.0,0.0,0.46597075,0.5109983,0.5621555,0.5834216
56.7383,-119.9473,56.127,-110.481,D,2016,05,17,2016-05-17,338.6,90,180.4,282.8,1,1.5614243,3.7147653,285.55203,285.15738,283.3855,272.46085,273.79272,6.0,0.0,0.46597075,0.5109983,0.5621555,0.5834216
56.7531,-119.9478,56.127,-110.481,D,2016,05,17,2016-05-17,335.3,70,151.1,281.2,0,1.5614243,3.7147653,285.55203,285.15738,283.3855,272.46085,273.79272,6.0,0.0,0.46597075,0.5109983,0.5621555,0.5834216
56.7678,-119.9488,56.127,-110.481,D,2016,05,17,2016-05-17,387.8,100,875.2,286.6,1,1.5614243,3.7147653,285.55203,285.15738,283.3855,272.46085,273.79272,6.0,0.0,0.46597075,0.5109983,0.5621555,0.5834216
56.7751,-120.1878,56.127,-110.481,D,2016,05,17,2016-05-17,323.8,59,73.6,288.1,0,1.5614243,3.7147653,285.55203,285.15738,283.3855,272.46085,273.79272,6.0,0.0,0.46597075,0.5109983,0.5621555,0.5834216
56.7705,-120.3283,56.127,-110.481,D,2016,05,17,2016-05-17,316.4,28,48.4,289.1,0,1.5614243,3.7147653,285.55203,285.15738,283.3855,272.46085,273.79272,6.0,0.0,0.46597075,0.5109983,0.5621555,0.5834216
56.7519,-119.9518,56.127,-110.481,D,2016,05,17,2016-05-17,327.6,40,102.6,280.7,0,1.5614243,3.7147653,285.55203,285.15738,283.3855,272.46085,273.79272,6.0,0.0,0.46597075,0.5109983,0.5621555,0.5834216
56.7679,-119.9058,56.127,-110.481,D,2016,05,17,2016-05-17,360.7,96,405.7,278.5,1,1.5614243,3.7147653,285.55203,285.15738,283.3855,272.46085,273.79272,6.0,0.0,0.46597075,0.5109983,0.5621555,0.5834216
56.7667,-119.9528,56.127,-110.481,D,2016,05,17,2016-05-17,386.1,100,838.0,287.1,1,1.5614243,3.7147653,285.55203,285.15738,283.3855,272.46085,273.79272,6.0,0.0,0.46597075,0.5109983,0.5621555,0.5834216
56.9322,-111.4824,57.055,-111.419,N,2016,05,18,2016-05-18,323.2,100,30.8,287.0,1,2.829959,0.70171654,295.69418,292.54028,284.8825,272.79803,273.82935,6.0,0.0,0.42371497,0.47980413,0.53704184,0.54090846
56.9301,-111.5036,57.055,-111.419,N,2016,05,18,2016-05-18,323.6,100,32.0,286.9,1,2.829959,0.70171654,295.69418,292.54028,284.8825,272.79803,273.82935,6.0,0.0,0.42371497,0.47980413,0.53704184,0.54090846
56.9423,-111.4856,57.055,-111.419,N,2016,05,18,2016-05-18,309.2,77,15.1,283.4,0,2.829959,0.70171654,295.69418,292.54028,284.8825,272.79803,273.82935,6.0,0.0,0.42371497,0.47980413,0.53704184,0.54090846
56.9462,-111.5526,57.055,-111.419,N,2016,05,18,2016-05-18,336.5,100,55.7,286.7,1,2.829959,0.70171654,295.69418,292.54028,284.8825,272.79803,273.82935,6.0,0.0,0.42371497,0.47980413,0.53704184,0.54090846
56.9441,-111.5738,57.055,-111.419,N,2016,05,18,2016-05-18,306.6,24,10.2,281.1,0,2.829959,0.70171654,295.69418,292.54028,284.8825,272.79803,273.82935,6.0,0.0,0.42371497,0.47980413,0.53704184,0.54090846
56.9563,-111.5559,57.055,-111.419,N,2016,05,18,2016-05-18,327.5,100,37.5,283.8,1,2.829959,0.70171654,295.69418,292.54028,284.8825,272.79803,273.82935,6.0,0.0,0.42371497,0.47980413,0.53704184,0.54090846
56.9535,-111.5606,57.055,-111.419,N,2016,05,18,2016-05-18,340.9,100,66.3,285.8,1,2.829959,0.70171654,295.69418,292.54028,284.8825,272.79803,273.82935,6.0,0.0,0.42371497,0.47980413,0.53704184,0.54090846
56.93,-111.6306,57.055,-111.419,N,2016,05,18,2016-05-18,310.8,81,15.9,284.1,0,2.829959,0.70171654,295.69418,292.54028,284.8825,272.79803,273.82935,6.0,0.0,0.42371497,0.47980413,0.53704184,0.54090846
56.9346,-111.488,57.055,-111.419,N,2016,05,18,2016-05-18,318.5,97,23.4,285.7,1,2.829959,0.70171654,295.69418,292.54028,284.8825,272.79803,273.82935,6.0,0.0,0.42371497,0.47980413,0.53704184,0.54090846
56.9506,-111.5428,57.055,-111.419,N,2016,05,18,2016-05-18,335.3,100,49.8,283.3,1,2.829959,0.70171654,295.69418,292.54028,284.8825,272.79803,273.82935,6.0,0.0,0.42371497,0.47980413,0.53704184,0.54090846
56.9527,-111.5622,57.055,-111.419,N,2016,05,18,2016-05-18,326.6,100,35.1,281.9,1,2.829959,0.70171654,295.69418,292.54028,284.8825,272.79803,273.82935,6.0,0.0,0.42371497,0.47980413,0.53704184,0.54090846
56.9331,-110.1824,56.606,-110.292,D,2016,05,18,2016-05-18,360.3,87,102.7,278.4,0,1.5830731,1.4462662,282.14407,280.8175,283.9488,272.21893,273.73648,6.0,0.0,0.45324707,0.50153494,0.5470551,0.5778671
56.924,-110.188,56.606,-110.292,D,2016,05,18,2016-05-18,334.9,64,39.4,285.2,0,1.5830731,1.4462662,282.14407,280.8175,283.9488,272.21893,273.73648,6.0,0.0,0.45324707,0.50153494,0.5470551,0.5778671
56.9207,-110.1702,56.606,-110.292,D,2016,05,18,2016-05-18,338.7,50,44.7,283.6,0,1.5830731,1.4462662,282.14407,280.8175,283.9488,272.21893,273.73648,6.0,0.0,0.45324707,0.50153494,0.5470551,0.5778671
56.9182,-110.2113,56.606,-110.292,D,2016,05,18,2016-05-18,327.0,36,23.8,279.0,0,1.5830731,1.4462662,282.14407,280.8175,283.9488,272.21893,273.73648,6.0,0.0,0.45324707,0.50153494,0.5470551,0.5778671
56.9091,-110.2169,56.606,-110.292,D,2016,05,18,2016-05-18,332.2,50,30.2,278.7,0,1.5830731,1.4462662,282.14407,280.8175,283.9488,272.21893,273.73648,6.0,0.0,0.45324707,0.50153494,0.5470551,0.5778671
56.9,-110.2225,56.606,-110.292,D,2016,05,18,2016-05-18,339.7,92,44.9,278.6,1,1.5830731,1.4462662,282.14407,280.8175,283.9488,272.21893,273.73648,6.0,0.0,0.45324707,0.50153494,0.5470551,0.5778671
56.8901,-110.1691,56.606,-110.292,D,2016,05,18,2016-05-18,361.3,94,101.2,285.8,1,1.5830731,1.4462662,282.14407,280.8175,283.9488,272.21893,273.73648,6.0,0.0,0.45324707,0.50153494,0.5470551,0.5778671
56.8909,-110.228,56.606,-110.292,D,2016,05,18,2016-05-18,319.7,58,16.9,276.8,0,1.5830731,1.4462662,282.14407,280.8175,283.9488,272.21893,273.73648,6.0,0.0,0.45324707,0.50153494,0.5470551,0.5778671
56.8876,-110.2103,56.606,-110.292,D,2016,05,18,2016-05-18,329.2,74,27.9,279.1,0,1.5830731,1.4462662,282.14407,280.8175,283.9488,272.21893,273.73648,6.0,0.0,0.45324707,0.50153494,0.5470551,0.5778671
56.8594,-110.168,56.606,-110.292,D,2016,05,18,2016-05-18,368.8,100,128.8,281.2,1,1.5830731,1.4462662,282.14407,280.8175,283.9488,272.21893,273.73648,6.0,0.0,0.45324707,0.50153494,0.5470551,0.5778671
56.8536,-110.1913,56.606,-110.292,D,2016,05,18,2016-05-18,350.8,80,69.5,278.5,0,1.5830731,1.4462662,282.14407,280.8175,283.9488,272.21893,273.73648,6.0,0.0,0.45324707,0.50153494,0.5470551,0.5778671
56.8503,-110.1736,56.606,-110.292,D,2016,05,18,2016-05-18,395.3,100,267.4,282.8,1,1.5830731,1.4462662,282.14407,280.8175,283.9488,272.21893,273.73648,6.0,0.0,0.45324707,0.50153494,0.5470551,0.5778671
56.8477,-110.1818,56.606,-110.292,D,2016,05,18,2016-05-18,390.4,87,238.7,284.8,0,1.5830731,1.4462662,282.14407,280.8175,283.9488,272.21893,273.73648,6.0,0.0,0.45324707,0.50153494,0.5470551,0.5778671
56.8386,-110.1873,56.606,-110.292,D,2016,05,18,2016-05-18,334.7,39,35.6,274.3,0,1.5830731,1.4462662,282.14407,280.8175,283.9488,272.21893,273.73648,6.0,0.0,0.45324707,0.50153494,0.5470551,0.5778671
56.8145,-110.222,56.606,-110.292,D,2016,05,18,2016-05-18,405.7,100,341.9,290.4,1,1.5830731,1.4462662,282.14407,280.8175,283.9488,272.21893,273.73648,6.0,0.0,0.45324707,0.50153494,0.5470551,0.5778671
56.8112,-110.2042,56.606,-110.292,D,2016,05,18,2016-05-18,464.5,100,1104.7,303.0,1,1.5830731,1.4462662,282.14407,280.8175,283.9488,272.21893,273.73648,6.0,0.0,0.45324707,0.50153494,0.5470551,0.5778671
56.8079,-110.1863,56.606,-110.292,D,2016,05,18,2016-05-18,333.7,56,33.4,275.9,0,1.5830731,1.4462662,282.14407,280.8175,283.9488,272.21893,273.73648,6.0,0.0,0.45324707,0.50153494,0.5470551,0.5778671
56.8087,-110.2453,56.606,-110.292,D,2016,05,18,2016-05-18,349.1,95,66.8,275.7,1,1.5830731,1.4462662,282.14407,280.8175,283.9488,272.21893,273.73648,6.0,0.0,0.45324707,0.50153494,0.5470551,0.5778671
56.8054,-110.2275,56.606,-110.292,D,2016,05,18,2016-05-18,437.4,100,673.9,291.8,1,1.5830731,1.4462662,282.14407,280.8175,283.9488,272.21893,273.73648,6.0,0.0,0.45324707,0.50153494,0.5470551,0.5778671
56.8021,-110.2098,56.606,-110.292,D,2016,05,18,2016-05-18,386.1,100,211.4,281.1,1,1.5830731,1.4462662,282.14407,280.8175,283.9488,272.21893,273.73648,6.0,0.0,0.45324707,0.50153494,0.5470551,0.5778671
56.9481,-111.1246,56.606,-110.292,D,2016,05,18,2016-05-18,338.8,89,41.6,278.9,0,1.5830731,1.4462662,282.14407,280.8175,283.9488,272.21893,273.73648,6.0,0.0,0.45324707,0.50153494,0.5470551,0.5778671
56.9452,-111.1638,56.606,-110.292,D,2016,05,18,2016-05-18,318.4,49,14.4,275.8,0,1.5830731,1.4462662,282.14407,280.8175,283.9488,272.21893,273.73648,6.0,0.0,0.45324707,0.50153494,0.5470551,0.5778671
56.9423,-111.2029,56.606,-110.292,D,2016,05,18,2016-05-18,355.7,98,82.9,278.4,1,1.5830731,1.4462662,282.14407,280.8175,283.9488,272.21893,273.73648,6.0,0.0,0.45324707,0.50153494,0.5470551,0.5778671
56.9393,-111.1859,56.606,-110.292,D,2016,05,18,2016-05-18,348.1,95,61.9,278.1,1,1.5830731,1.4462662,282.14407,280.8175,283.9488,272.21893,273.73648,6.0,0.0,0.45324707,0.50153494,0.5470551,0.5778671
56.9363,-111.169,56.606,-110.292,D,2016,05,18,2016-05-18,345.2,94,53.7,278.1,1,1.5830731,1.4462662,282.14407,280.8175,283.9488,272.21893,273.73648,6.0,0.0,0.45324707,0.50153494,0.5470551,0.5778671
56.8562,-110.7232,56.606,-110.292,D,2016,05,18,2016-05-18,330.5,71,31.2,280.1,0,1.5830731,1.4462662,282.14407,280.8175,283.9488,272.21893,273.73648,6.0,0.0,0.45324707,0.50153494,0.5470551,0.5778671
56.9373,-111.2118,56.606,-110.292,D,2016,05,18,2016-05-18,328.9,65,31.2,275.1,0,1.5830731,1.4462662,282.14407,280.8175,283.9488,272.21893,273.73648,6.0,0.0,0.45324707,0.50153494,0.5470551,0.5778671
56.9344,-111.1949,56.606,-110.292,D,2016,05,18,2016-05-18,333.7,77,38.0,276.8,0,1.5830731,1.4462662,282.14407,280.8175,283.9488,272.21893,273.73648,6.0,0.0,0.45324707,0.50153494,0.5470551,0.5778671
56.9314,-111.1779,56.606,-110.292,D,2016,05,18,2016-05-18,308.1,39,8.6,275.9,0,1.5830731,1.4462662,282.14407,280.8175,283.9488,272.21893,273.73648,6.0,0.0,0.45324707,0.50153494,0.5470551,0.5778671
56.8522,-110.7316,56.606,-110.292,D,2016,05,18,2016-05-18,336.8,29,40.0,282.7,0,1.5830731,1.4462662,282.14407,280.8175,283.9488,272.21893,273.73648,6.0,0.0,0.45324707,0.50153494,0.5470551,0.5778671
56.8463,-110.7543,56.606,-110.292,D,2016,05,18,2016-05-18,338.2,70,43.4,281.9,0,1.5830731,1.4462662,282.14407,280.8175,283.9488,272.21893,273.73648,6.0,0.0,0.45324707,0.50153494,0.5470551,0.5778671
56.8528,-110.8461,56.606,-110.292,D,2016,05,18,2016-05-18,325.1,55,23.9,282.1,0,1.5830731,1.4462662,282.14407,280.8175,283.9488,272.21893,273.73648,6.0,0.0,0.45324707,0.50153494,0.5470551,0.5778671
56.8342,-110.7423,56.606,-110.292,D,2016,05,18,2016-05-18,338.7,57,41.2,286.8,0,1.5830731,1.4462662,282.14407,280.8175,283.9488,272.21893,273.73648,6.0,0.0,0.45324707,0.50153494,0.5470551,0.5778671
56.831,-110.725,56.606,-110.292,D,2016,05,18,2016-05-18,367.0,100,118.5,287.5,1,1.5830731,1.4462662,282.14407,280.8175,283.9488,272.21893,273.73648,6.0,0.0,0.45324707,0.50153494,0.5470551,0.5778671
56.8251,-110.7477,56.606,-110.292,D,2016,05,18,2016-05-18,342.9,70,50.3,284.0,0,1.5830731,1.4462662,282.14407,280.8175,283.9488,272.21893,273.73648,6.0,0.0,0.45324707,0.50153494,0.5470551,0.5778671
56.9487,-111.5021,56.606,-110.292,D,2016,05,18,2016-05-18,333.5,77,34.2,281.8,0,1.5830731,1.4462662,282.14407,280.8175,283.9488,272.21893,273.73648,6.0,0.0,0.45324707,0.50153494,0.5470551,0.5778671
56.8224,-110.7877,56.606,-110.292,D,2016,05,18,2016-05-18,327.7,58,25.2,281.3,0,1.5830731,1.4462662,282.14407,280.8175,283.9488,272.21893,273.73648,6.0,0.0,0.45324707,0.50153494,0.5470551,0.5778671
56.9339,-111.4736,56.606,-110.292,D,2016,05,18,2016-05-18,318.1,60,15.5,281.9,0,1.5830731,1.4462662,282.14407,280.8175,283.9488,272.21893,273.73648,6.0,0.0,0.45324707,0.50153494,0.5470551,0.5778671
56.8897,-111.221,56.606,-110.292,D,2016,05,18,2016-05-18,317.6,73,20.2,271.4,0,1.5830731,1.4462662,282.14407,280.8175,283.9488,272.21893,273.73648,6.0,0.0,0.45324707,0.50153494,0.5470551,0.5778671
56.8867,-111.2039,56.606,-110.292,D,2016,05,18,2016-05-18,312.6,0,15.5,270.7,0,1.5830731,1.4462662,282.14407,280.8175,283.9488,272.21893,273.73648,6.0,0.0,0.45324707,0.50153494,0.5470551,0.5778671
56.8717,-111.119,56.606,-110.292,D,2016,05,18,2016-05-18,326.3,84,28.1,277.9,0,1.5830731,1.4462662,282.14407,280.8175,283.9488,272.21893,273.73648,6.0,0.0,0.45324707,0.50153494,0.5470551,0.5778671
56.8686,-111.102,56.606,-110.292,D,2016,05,18,2016-05-18,304.0,32,7.1,275.4,0,1.5830731,1.4462662,282.14407,280.8175,283.9488,272.21893,273.73648,6.0,0.0,0.45324707,0.50153494,0.5470551,0.5778671
56.8351,-110.9137,56.606,-110.292,D,2016,05,18,2016-05-18,320.8,54,18.7,283.8,0,1.5830731,1.4462662,282.14407,280.8175,283.9488,272.21893,273.73648,6.0,0.0,0.45324707,0.50153494,0.5470551,0.5778671
56.928,-111.4955,56.606,-110.292,D,2016,05,18,2016-05-18,310.9,43,8.7,279.4,0,1.5830731,1.4462662,282.14407,280.8175,283.9488,272.21893,273.73648,6.0,0.0,0.45324707,0.50153494,0.5470551,0.5778671
56.8627,-111.1241,56.606,-110.292,D,2016,05,18,2016-05-18,306.2,57,9.1,274.2,0,1.5830731,1.4462662,282.14407,280.8175,283.9488,272.21893,273.73648,6.0,0.0,0.45324707,0.50153494,0.5470551,0.5778671
56.7957,-110.861,56.606,-110.292,D,2016,05,18,2016-05-18,362.8,100,106.4,286.9,1,1.5830731,1.4462662,282.14407,280.8175,283.9488,272.21893,273.73648,6.0,0.0,0.45324707,0.50153494,0.5470551,0.5778671
56.7926,-110.8437,56.606,-110.292,D,2016,05,18,2016-05-18,332.5,88,35.2,282.7,0,1.5830731,1.4462662,282.14407,280.8175,283.9488,272.21893,273.73648,6.0,0.0,0.45324707,0.50153494,0.5470551,0.5778671
56.7895,-110.8265,56.606,-110.292,D,2016,05,18,2016-05-18,305.9,34,6.7,281.3,0,1.5830731,1.4462662,282.14407,280.8175,283.9488,272.21893,273.73648,6.0,0.0,0.45324707,0.50153494,0.5470551,0.5778671
56.7863,-110.8092,56.606,-110.292,D,2016,05,18,2016-05-18,312.5,69,12.0,282.1,0,1.5830731,1.4462662,282.14407,280.8175,283.9488,272.21893,273.73648,6.0,0.0,0.45324707,0.50153494,0.5470551,0.5778671
56.8073,-111.1256,56.606,-110.292,D,2016,05,18,2016-05-18,364.3,100,113.7,275.8,1,1.5830731,1.4462662,282.14407,280.8175,283.9488,272.21893,273.73648,6.0,0.0,0.45324707,0.50153494,0.5470551,0.5778671
56.8043,-111.1085,56.606,-110.292,D,2016,05,18,2016-05-18,339.3,91,50.5,273.1,1,1.5830731,1.4462662,282.14407,280.8175,283.9488,272.21893,273.73648,6.0,0.0,0.45324707,0.50153494,0.5470551,0.5778671
56.7651,-110.9995,56.606,-110.292,D,2016,05,18,2016-05-18,350.8,96,72.0,282.6,1,1.5830731,1.4462662,282.14407,280.8175,283.9488,272.21893,273.73648,6.0,0.0,0.45324707,0.50153494,0.5470551,0.5778671
56.7621,-110.9824,56.606,-110.292,D,2016,05,18,2016-05-18,327.6,85,27.9,283.6,0,1.5830731,1.4462662,282.14407,280.8175,283.9488,272.21893,273.73648,6.0,0.0,0.45324707,0.50153494,0.5470551,0.5778671
56.834,-111.4452,56.606,-110.292,D,2016,05,18,2016-05-18,353.5,92,70.6,280.3,1,1.5830731,1.4462662,282.14407,280.8175,283.9488,272.21893,273.73648,6.0,0.0,0.45324707,0.50153494,0.5470551,0.5778671
56.7531,-110.9877,56.606,-110.292,D,2016,05,18,2016-05-18,306.8,48,7.5,285.6,0,1.5830731,1.4462662,282.14407,280.8175,283.9488,272.21893,273.73648,6.0,0.0,0.45324707,0.50153494,0.5470551,0.5778671
56.8191,-111.4724,56.606,-110.292,D,2016,05,18,2016-05-18,342.7,79,45.2,279.1,0,1.5830731,1.4462662,282.14407,280.8175,283.9488,272.21893,273.73648,6.0,0.0,0.45324707,0.50153494,0.5470551,0.5778671
56.8162,-111.4556,56.606,-110.292,D,2016,05,18,2016-05-18,413.9,100,372.8,289.0,1,1.5830731,1.4462662,282.14407,280.8175,283.9488,272.21893,273.73648,6.0,0.0,0.45324707,0.50153494,0.5470551,0.5778671
56.8132,-111.4386,56.606,-110.292,D,2016,05,18,2016-05-18,417.2,82,399.5,283.7,0,1.5830731,1.4462662,282.14407,280.8175,283.9488,272.21893,273.73648,6.0,0.0,0.45324707,0.50153494,0.5470551,0.5778671
56.8102,-111.4775,56.606,-110.292,D,2016,05,18,2016-05-18,425.7,100,484.6,292.6,1,1.5830731,1.4462662,282.14407,280.8175,283.9488,272.21893,273.73648,6.0,0.0,0.45324707,0.50153494,0.5470551,0.5778671
56.8073,-111.4607,56.606,-110.292,D,2016,05,18,2016-05-18,469.0,100,1083.7,306.4,1,1.5830731,1.4462662,282.14407,280.8175,283.9488,272.21893,273.73648,6.0,0.0,0.45324707,0.50153494,0.5470551,0.5778671
56.8043,-111.4438,56.606,-110.292,D,2016,05,18,2016-05-18,391.5,94,219.6,285.2,1,1.5830731,1.4462662,282.14407,280.8175,283.9488,272.21893,273.73648,6.0,0.0,0.45324707,0.50153494,0.5470551,0.5778671
56.8013,-111.4827,56.606,-110.292,D,2016,05,18,2016-05-18,340.5,92,42.7,279.0,1,1.5830731,1.4462662,282.14407,280.8175,283.9488,272.21893,273.73648,6.0,0.0,0.45324707,0.50153494,0.5470551,0.5778671
56.7984,-111.4659,56.606,-110.292,D,2016,05,18,2016-05-18,351.8,97,66.5,281.5,1,1.5830731,1.4462662,282.14407,280.8175,283.9488,272.21893,273.73648,6.0,0.0,0.45324707,0.50153494,0.5470551,0.5778671
56.5759,-110.2411,56.606,-110.292,D,2016,05,18,2016-05-18,351.8,97,79.1,275.1,1,1.5830731,1.4462662,282.14407,280.8175,283.9488,272.21893,273.73648,6.0,0.0,0.45324707,0.50153494,0.5470551,0.5778671
56.593,-110.3552,56.606,-110.292,D,2016,05,18,2016-05-18,309.0,64,12.8,276.0,0,1.5830731,1.4462662,282.14407,280.8175,283.9488,272.21893,273.73648,6.0,0.0,0.45324707,0.50153494,0.5470551,0.5778671
56.5898,-110.3376,56.606,-110.292,D,2016,05,18,2016-05-18,306.9,64,11.1,275.3,0,1.5830731,1.4462662,282.14407,280.8175,283.9488,272.21893,273.73648,6.0,0.0,0.45324707,0.50153494,0.5470551,0.5778671
56.5767,-110.2663,56.606,-110.292,D,2016,05,18,2016-05-18,336.5,74,45.9,273.8,0,1.5830731,1.4462662,282.14407,280.8175,283.9488,272.21893,273.73648,6.0,0.0,0.45324707,0.50153494,0.5470551,0.5778671
56.5734,-110.2485,56.606,-110.292,D,2016,05,18,2016-05-18,343.2,70,60.4,274.5,0,1.5830731,1.4462662,282.14407,280.8175,283.9488,272.21893,273.73648,6.0,0.0,0.45324707,0.50153494,0.5470551,0.5778671
56.5701,-110.2307,56.606,-110.292,D,2016,05,18,2016-05-18,312.5,43,14.8,272.4,0,1.5830731,1.4462662,282.14407,280.8175,283.9488,272.21893,273.73648,6.0,0.0,0.45324707,0.50153494,0.5470551,0.5778671
56.629,-110.6072,56.606,-110.292,D,2016,05,18,2016-05-18,301.5,47,8.1,269.5,0,1.5830731,1.4462662,282.14407,280.8175,283.9488,272.21893,273.73648,6.0,0.0,0.45324707,0.50153494,0.5470551,0.5778671
56.5806,-110.343,56.606,-110.292,D,2016,05,18,2016-05-18,327.3,85,32.0,275.6,0,1.5830731,1.4462662,282.14407,280.8175,283.9488,272.21893,273.73648,6.0,0.0,0.45324707,0.50153494,0.5470551,0.5778671
56.5774,-110.3252,56.606,-110.292,D,2016,05,18,2016-05-18,341.5,92,56.6,276.5,1,1.5830731,1.4462662,282.14407,280.8175,283.9488,272.21893,273.73648,6.0,0.0,0.45324707,0.50153494,0.5470551,0.5778671
56.5708,-110.2897,56.606,-110.292,D,2016,05,18,2016-05-18,304.6,59,9.4,269.9,0,1.5830731,1.4462662,282.14407,280.8175,283.9488,272.21893,273.73648,6.0,0.0,0.45324707,0.50153494,0.5470551,0.5778671
56.5675,-110.2719,56.606,-110.292,D,2016,05,18,2016-05-18,311.7,72,14.5,269.9,0,1.5830731,1.4462662,282.14407,280.8175,283.9488,272.21893,273.73648,6.0,0.0,0.45324707,0.50153494,0.5470551,0.5778671
56.554,-111.6424,56.606,-110.292,D,2016,05,18,2016-05-18,303.7,34,7.5,274.1,0,1.5830731,1.4462662,282.14407,280.8175,283.9488,272.21893,273.73648,6.0,0.0,0.45324707,0.50153494,0.5470551,0.5778671
56.5195,-111.5955,56.606,-110.292,D,2016,05,18,2016-05-18,309.3,68,10.7,277.9,0,1.5830731,1.4462662,282.14407,280.8175,283.9488,272.21893,273.73648,6.0,0.0,0.45324707,0.50153494,0.5470551,0.5778671
56.5166,-111.5788,56.606,-110.292,D,2016,05,18,2016-05-18,312.4,68,11.8,279.7,0,1.5830731,1.4462662,282.14407,280.8175,283.9488,272.21893,273.73648,6.0,0.0,0.45324707,0.50153494,0.5470551,0.5778671
56.5018,-111.5504,56.606,-110.292,D,2016,05,18,2016-05-18,311.1,55,10.4,279.6,0,1.5830731,1.4462662,282.14407,280.8175,283.9488,272.21893,273.73648,6.0,0.0,0.45324707,0.50153494,0.5470551,0.5778671
56.493,-111.5001,56.606,-110.292,D,2016,05,18,2016-05-18,321.1,78,19.1,284.3,0,1.5830731,1.4462662,282.14407,280.8175,283.9488,272.21893,273.73648,6.0,0.0,0.45324707,0.50153494,0.5470551,0.5778671
56.6035,-110.3681,56.606,-110.292,D,2016,05,18,2016-05-18,314.7,58,64.3,267.9,0,1.5830731,1.4462662,282.14407,280.8175,283.9488,272.21893,273.73648,6.0,0.0,0.45324707,0.50153494,0.5470551,0.5778671
56.6065,-110.3782,56.606,-110.292,D,2016,05,18,2016-05-18,318.1,35,69.4,268.4,0,1.5830731,1.4462662,282.14407,280.8175,283.9488,272.21893,273.73648,6.0,0.0,0.45324707,0.50153494,0.5470551,0.5778671
56.7969,-110.2109,56.606,-110.292,D,2016,05,18,2016-05-18,385.9,100,0.0,270.9,1,1.5830731,1.4462662,282.14407,280.8175,283.9488,272.21893,273.73648,6.0,0.0,0.45324707,0.50153494,0.5470551,0.5778671
56.8188,-110.744,56.606,-110.292,D,2016,05,18,2016-05-18,332.8,85,140.7,274.5,0,1.5830731,1.4462662,282.14407,280.8175,283.9488,272.21893,273.73648,6.0,0.0,0.45324707,0.50153494,0.5470551,0.5778671
56.8211,-110.7501,56.606,-110.292,D,2016,05,18,2016-05-18,335.1,87,155.0,275.2,0,1.5830731,1.4462662,282.14407,280.8175,283.9488,272.21893,273.73648,6.0,0.0,0.45324707,0.50153494,0.5470551,0.5778671
56.9331,-111.1829,56.606,-110.292,D,2016,05,18,2016-05-18,313.4,39,54.3,272.8,0,1.5830731,1.4462662,282.14407,280.8175,283.9488,272.21893,273.73648,6.0,0.0,0.45324707,0.50153494,0.5470551,0.5778671
56.8007,-110.2186,56.606,-110.292,D,2016,05,18,2016-05-18,406.2,100,0.0,277.0,1,1.5830731,1.4462662,282.14407,280.8175,283.9488,272.21893,273.73648,6.0,0.0,0.45324707,0.50153494,0.5470551,0.5778671
56.8084,-110.177,56.606,-110.292,D,2016,05,18,2016-05-18,330.0,34,59.9,266.9,0,1.5830731,1.4462662,282.14407,280.8175,283.9488,272.21893,273.73648,6.0,0.0,0.45324707,0.50153494,0.5470551,0.5778671
56.912,-110.1741,56.606,-110.292,D,2016,05,18,2016-05-18,399.6,100,648.3,287.1,1,1.5830731,1.4462662,282.14407,280.8175,283.9488,272.21893,273.73648,6.0,0.0,0.45324707,0.50153494,0.5470551,0.5778671
56.9243,-110.1764,56.606,-110.292,D,2016,05,18,2016-05-18,351.7,97,167.7,277.9,1,1.5830731,1.4462662,282.14407,280.8175,283.9488,272.21893,273.73648,6.0,0.0,0.45324707,0.50153494,0.5470551,0.5778671
56.5908,-110.1851,56.606,-110.292,D,2016,05,18,2016-05-18,340.0,79,106.4,277.3,0,1.5830731,1.4462662,282.14407,280.8175,283.9488,272.21893,273.73648,6.0,0.0,0.45324707,0.50153494,0.5470551,0.5778671
56.666,-110.1682,56.606,-110.292,D,2016,05,18,2016-05-18,386.6,94,463.8,289.1,1,1.5830731,1.4462662,282.14407,280.8175,283.9488,272.21893,273.73648,6.0,0.0,0.45324707,0.50153494,0.5470551,0.5778671
56.6783,-110.1704,56.606,-110.292,D,2016,05,18,2016-05-18,337.6,79,89.3,285.7,0,1.5830731,1.4462662,282.14407,280.8175,283.9488,272.21893,273.73648,6.0,0.0,0.45324707,0.50153494,0.5470551,0.5778671
56.5687,-111.9066,56.606,-110.292,D,2016,05,18,2016-05-18,318.3,49,29.6,272.8,0,1.5830731,1.4462662,282.14407,280.8175,283.9488,272.21893,273.73648,6.0,0.0,0.45324707,0.50153494,0.5470551,0.5778671
56.5779,-111.9356,56.606,-110.292,D,2016,05,18,2016-05-18,337.1,61,71.1,273.5,0,1.5830731,1.4462662,282.14407,280.8175,283.9488,272.21893,273.73648,6.0,0.0,0.45324707,0.50153494,0.5470551,0.5778671
56.5924,-111.8915,56.606,-110.292,D,2016,05,18,2016-05-18,404.9,0,570.3,274.9,0,1.5830731,1.4462662,282.14407,280.8175,283.9488,272.21893,273.73648,6.0,0.0,0.45324707,0.50153494,0.5470551,0.5778671
56.5988,-110.2131,56.606,-110.292,D,2016,05,18,2016-05-18,333.2,79,79.9,277.5,0,1.5830731,1.4462662,282.14407,280.8175,283.9488,272.21893,273.73648,6.0,0.0,0.45324707,0.50153494,0.5470551,0.5778671
56.603,-110.1877,56.606,-110.292,D,2016,05,18,2016-05-18,333.2,47,78.9,278.5,0,1.5830731,1.4462662,282.14407,280.8175,283.9488,272.21893,273.73648,6.0,0.0,0.45324707,0.50153494,0.5470551,0.5778671
56.5724,-110.2394,56.606,-110.292,D,2016,05,18,2016-05-18,354.2,92,176.0,273.1,1,1.5830731,1.4462662,282.14407,280.8175,283.9488,272.21893,273.73648,6.0,0.0,0.45324707,0.50153494,0.5470551,0.5778671
56.5705,-110.2706,56.606,-110.292,D,2016,05,18,2016-05-18,356.6,86,192.2,271.7,0,1.5830731,1.4462662,282.14407,280.8175,283.9488,272.21893,273.73648,6.0,0.0,0.45324707,0.50153494,0.5470551,0.5778671
56.5886,-110.1792,56.606,-110.292,D,2016,05,18,2016-05-18,324.1,75,55.5,275.8,0,1.5830731,1.4462662,282.14407,280.8175,283.9488,272.21893,273.73648,6.0,0.0,0.45324707,0.50153494,0.5470551,0.5778671
56.5866,-110.2105,56.606,-110.292,D,2016,05,18,2016-05-18,327.6,85,66.5,275.1,0,1.5830731,1.4462662,282.14407,280.8175,283.9488,272.21893,273.73648,6.0,0.0,0.45324707,0.50153494,0.5470551,0.5778671
56.5806,-110.3041,56.606,-110.292,D,2016,05,18,2016-05-18,322.6,0,50.2,267.1,0,1.5830731,1.4462662,282.14407,280.8175,283.9488,272.21893,273.73648,6.0,0.0,0.45324707,0.50153494,0.5470551,0.5778671
56.6008,-110.1818,56.606,-110.292,D,2016,05,18,2016-05-18,341.2,92,113.8,278.5,1,1.5830731,1.4462662,282.14407,280.8175,283.9488,272.21893,273.73648,6.0,0.0,0.45324707,0.50153494,0.5470551,0.5778671
56.8622,-111.0748,56.918,-110.913,N,2016,05,19,2016-05-19,310.9,50,19.0,285.0,0,-1.5899603,-5.576872,279.4143,281.36035,282.33798,272.3094,273.81857,6.0,1.2591481e-05,0.49539,0.5237768,0.57394034,0.593048
56.8528,-111.119,56.918,-110.913,N,2016,05,19,2016-05-19,327.5,100,46.5,286.7,1,-1.5899603,-5.576872,279.4143,281.36035,282.33798,272.3094,273.81857,6.0,1.2591481e-05,0.49539,0.5237768,0.57394034,0.593048
56.8675,-111.104,56.918,-110.913,N,2016,05,19,2016-05-19,304.7,8,11.7,284.4,0,-1.5899603,-5.576872,279.4143,281.36035,282.33798,272.3094,273.81857,6.0,1.2591481e-05,0.49539,0.5237768,0.57394034,0.593048
56.8627,-111.1263,56.918,-110.913,N,2016,05,19,2016-05-19,312.9,86,22.4,284.7,0,-1.5899603,-5.576872,279.4143,281.36035,282.33798,272.3094,273.81857,6.0,1.2591481e-05,0.49539,0.5237768,0.57394034,0.593048
56.9173,-111.1395,56.918,-110.913,N,2016,05,19,2016-05-19,311.2,82,20.2,283.3,0,-1.5899603,-5.576872,279.4143,281.36035,282.33798,272.3094,273.81857,6.0,1.2591481e-05,0.49539,0.5237768,0.57394034,0.593048
56.9132,-111.2137,56.918,-110.913,N,2016,05,19,2016-05-19,311.1,82,20.2,284.4,0,-1.5899603,-5.576872,279.4143,281.36035,282.33798,272.3094,273.81857,6.0,1.2591481e-05,0.49539,0.5237768,0.57394034,0.593048
56.9086,-111.2356,56.918,-110.913,N,2016,05,19,2016-05-19,326.6,100,45.6,285.0,1,-1.5899603,-5.576872,279.4143,281.36035,282.33798,272.3094,273.81857,6.0,1.2591481e-05,0.49539,0.5237768,0.57394034,0.593048
56.9209,-111.1475,56.918,-110.913,N,2016,05,19,2016-05-19,306.8,7,13.8,283.4,0,-1.5899603,-5.576872,279.4143,281.36035,282.33798,272.3094,273.81857,6.0,1.2591481e-05,0.49539,0.5237768,0.57394034,0.593048
56.9165,-111.2216,56.918,-110.913,N,2016,05,19,2016-05-19,317.1,94,27.8,284.8,1,-1.5899603,-5.576872,279.4143,281.36035,282.33798,272.3094,273.81857,6.0,1.2591481e-05,0.49539,0.5237768,0.57394034,0.593048
56.9118,-111.2434,56.918,-110.913,N,2016,05,19,2016-05-19,311.9,74,20.9,284.1,0,-1.5899603,-5.576872,279.4143,281.36035,282.33798,272.3094,273.81857,6.0,1.2591481e-05,0.49539,0.5237768,0.57394034,0.593048
56.7934,-111.7872,56.918,-110.913,N,2016,05,19,2016-05-19,319.0,93,33.0,277.8,1,-1.5899603,-5.576872,279.4143,281.36035,282.33798,272.3094,273.81857,6.0,1.2591481e-05,0.49539,0.5237768,0.57394034,0.593048
56.9265,-111.2288,56.918,-110.913,N,2016,05,19,2016-05-19,304.5,57,13.0,284.6,0,-1.5899603,-5.576872,279.4143,281.36035,282.33798,272.3094,273.81857,6.0,1.2591481e-05,0.49539,0.5237768,0.57394034,0.593048
56.8036,-111.7946,56.918,-110.913,N,2016,05,19,2016-05-19,365.1,100,188.3,280.9,1,-1.5899603,-5.576872,279.4143,281.36035,282.33798,272.3094,273.81857,6.0,1.2591481e-05,0.49539,0.5237768,0.57394034,0.593048
56.7985,-111.8178,56.918,-110.913,N,2016,05,19,2016-05-19,327.6,100,49.4,274.4,1,-1.5899603,-5.576872,279.4143,281.36035,282.33798,272.3094,273.81857,6.0,1.2591481e-05,0.49539,0.5237768,0.57394034,0.593048
56.8189,-111.7791,56.918,-110.913,N,2016,05,19,2016-05-19,320.9,64,35.8,279.3,0,-1.5899603,-5.576872,279.4143,281.36035,282.33798,272.3094,273.81857,6.0,1.2591481e-05,0.49539,0.5237768,0.57394034,0.593048
56.8138,-111.8022,56.918,-110.913,N,2016,05,19,2016-05-19,335.2,100,68.3,274.6,1,-1.5899603,-5.576872,279.4143,281.36035,282.33798,272.3094,273.81857,6.0,1.2591481e-05,0.49539,0.5237768,0.57394034,0.593048
56.903,-111.4461,56.918,-110.913,N,2016,05,19,2016-05-19,309.0,68,18.5,279.9,0,-1.5899603,-5.576872,279.4143,281.36035,282.33798,272.3094,273.81857,6.0,1.2591481e-05,0.49539,0.5237768,0.57394034,0.593048
56.8341,-111.7636,56.918,-110.913,N,2016,05,19,2016-05-19,325.8,100,45.3,281.6,1,-1.5899603,-5.576872,279.4143,281.36035,282.33798,272.3094,273.81857,6.0,1.2591481e-05,0.49539,0.5237768,0.57394034,0.593048
56.8291,-111.7867,56.918,-110.913,N,2016,05,19,2016-05-19,382.4,100,302.3,285.8,1,-1.5899603,-5.576872,279.4143,281.36035,282.33798,272.3094,273.81857,6.0,1.2591481e-05,0.49539,0.5237768,0.57394034,0.593048
56.824,-111.8098,56.918,-110.913,N,2016,05,19,2016-05-19,322.5,100,38.9,268.8,1,-1.5899603,-5.576872,279.4143,281.36035,282.33798,272.3094,273.81857,6.0,1.2591481e-05,0.49539,0.5237768,0.57394034,0.593048
56.8443,-111.7711,56.918,-110.913,N,2016,05,19,2016-05-19,354.8,100,136.0,283.7,1,-1.5899603,-5.576872,279.4143,281.36035,282.33798,272.3094,273.81857,6.0,1.2591481e-05,0.49539,0.5237768,0.57394034,0.593048
56.8392,-111.7942,56.918,-110.913,N,2016,05,19,2016-05-19,369.5,100,213.1,281.8,1,-1.5899603,-5.576872,279.4143,281.36035,282.33798,272.3094,273.81857,6.0,1.2591481e-05,0.49539,0.5237768,0.57394034,0.593048
56.8545,-111.7787,56.918,-110.913,N,2016,05,19,2016-05-19,306.9,41,16.0,278.1,0,-1.5899603,-5.576872,279.4143,281.36035,282.33798,272.3094,273.81857,6.0,1.2591481e-05,0.49539,0.5237768,0.57394034,0.593048
56.8696,-111.7633,56.918,-110.913,N,2016,05,19,2016-05-19,311.9,83,22.7,280.4,0,-1.5899603,-5.576872,279.4143,281.36035,282.33798,272.3094,273.81857,6.0,1.2591481e-05,0.49539,0.5237768,0.57394034,0.593048
56.9487,-111.5046,56.918,-110.913,N,2016,05,19,2016-05-19,312.8,86,22.5,280.3,0,-1.5899603,-5.576872,279.4143,281.36035,282.33798,272.3094,273.81857,6.0,1.2591481e-05,0.49539,0.5237768,0.57394034,0.593048
56.9511,-111.5128,56.918,-110.913,N,2016,05,19,2016-05-19,309.6,78,20.0,280.0,0,-1.5899603,-5.576872,279.4143,281.36035,282.33798,272.3094,273.81857,6.0,1.2591481e-05,0.49539,0.5237768,0.57394034,0.593048
56.8983,-111.468,56.918,-110.913,N,2016,05,19,2016-05-19,314.6,90,25.3,278.3,1,-1.5899603,-5.576872,279.4143,281.36035,282.33798,272.3094,273.81857,6.0,1.2591481e-05,0.49539,0.5237768,0.57394034,0.593048
56.8457,-110.8555,56.918,-110.913,N,2016,05,19,2016-05-19,323.1,100,37.2,282.8,1,-1.5899603,-5.576872,279.4143,281.36035,282.33798,272.3094,273.81857,6.0,1.2591481e-05,0.49539,0.5237768,0.57394034,0.593048
56.8365,-110.8989,56.918,-110.913,N,2016,05,19,2016-05-19,308.6,62,17.1,282.3,0,-1.5899603,-5.576872,279.4143,281.36035,282.33798,272.3094,273.81857,6.0,1.2591481e-05,0.49539,0.5237768,0.57394034,0.593048
56.832,-110.9208,56.918,-110.913,N,2016,05,19,2016-05-19,324.1,100,39.8,283.4,1,-1.5899603,-5.576872,279.4143,281.36035,282.33798,272.3094,273.81857,6.0,1.2591481e-05,0.49539,0.5237768,0.57394034,0.593048
52.4451,-106.2099,51.927,-103.922,D,2016,05,19,2016-05-19,350.5,95,60.4,308.5,1,-0.6488719,1.0781343,281.6767,280.59015,284.12354,277.8334,273.33276,2.0,0.0,0.22739042,0.23832765,0.28299668,0.3106003
53.4471,-105.0385,51.927,-103.922,D,2016,05,19,2016-05-19,320.9,72,10.1,304.8,0,-0.6488719,1.0781343,281.6767,280.59015,284.12354,277.8334,273.33276,2.0,0.0,0.22739042,0.23832765,0.28299668,0.3106003
52.9124,-105.4215,51.927,-103.922,D,2016,05,19,2016-05-19,328.4,80,16.1,304.8,0,-0.6488719,1.0781343,281.6767,280.59015,284.12354,277.8334,273.33276,2.0,0.0,0.22739042,0.23832765,0.28299668,0.3106003
52.9104,-105.4055,51.927,-103.922,D,2016,05,19,2016-05-19,365.1,100,99.1,308.8,1,-0.6488719,1.0781343,281.6767,280.59015,284.12354,277.8334,273.33276,2.0,0.0,0.22739042,0.23832765,0.28299668,0.3106003
52.9085,-105.3896,51.927,-103.922,D,2016,05,19,2016-05-19,357.5,98,76.1,308.7,1,-0.6488719,1.0781343,281.6767,280.59015,284.12354,277.8334,273.33276,2.0,0.0,0.22739042,0.23832765,0.28299668,0.3106003
52.831,-105.5873,51.927,-103.922,D,2016,05,19,2016-05-19,320.8,54,8.0,304.8,0,-0.6488719,1.0781343,281.6767,280.59015,284.12354,277.8334,273.33276,2.0,0.0,0.22739042,0.23832765,0.28299668,0.3106003
52.5415,-104.3974,51.927,-103.922,D,2016,05,19,2016-05-19,342.1,91,38.6,305.8,1,-0.6488719,1.0781343,281.6767,280.59015,284.12354,277.8334,273.33276,2.0,0.0,0.22739042,0.23832765,0.28299668,0.3106003
52.5395,-104.3825,51.927,-103.922,D,2016,05,19,2016-05-19,326.8,59,16.0,303.3,0,-0.6488719,1.0781343,281.6767,280.59015,284.12354,277.8334,273.33276,2.0,0.0,0.22739042,0.23832765,0.28299668,0.3106003
52.5326,-104.4006,51.927,-103.922,D,2016,05,19,2016-05-19,341.0,85,37.0,305.9,0,-0.6488719,1.0781343,281.6767,280.59015,284.12354,277.8334,273.33276,2.0,0.0,0.22739042,0.23832765,0.28299668,0.3106003
52.5306,-104.3857,51.927,-103.922,D,2016,05,19,2016-05-19,323.7,51,12.9,304.6,0,-0.6488719,1.0781343,281.6767,280.59015,284.12354,277.8334,273.33276,2.0,0.0,0.22739042,0.23832765,0.28299668,0.3106003
52.4432,-106.1936,51.927,-103.922,D,2016,05,19,2016-05-19,327.0,77,14.7,306.2,0,-0.6488719,1.0781343,281.6767,280.59015,284.12354,277.8334,273.33276,2.0,0.0,0.22739042,0.23832765,0.28299668,0.3106003
51.9709,-104.634,51.927,-103.922,D,2016,05,19,2016-05-19,328.6,79,18.0,307.0,0,-0.6488719,1.0781343,281.6767,280.59015,284.12354,277.8334,273.33276,2.0,0.0,0.22739042,0.23832765,0.28299668,0.3106003
51.9639,-104.6518,51.927,-103.922,D,2016,05,19,2016-05-19,326.1,74,14.5,304.8,0,-0.6488719,1.0781343,281.6767,280.59015,284.12354,277.8334,273.33276,2.0,0.0,0.22739042,0.23832765,0.28299668,0.3106003
51.9619,-104.6371,51.927,-103.922,D,2016,05,19,2016-05-19,333.0,83,23.4,305.5,0,-0.6488719,1.0781343,281.6767,280.59015,284.12354,277.8334,273.33276,2.0,0.0,0.22739042,0.23832765,0.28299668,0.3106003
51.9776,-105.6257,51.927,-103.922,D,2016,05,19,2016-05-19,327.8,74,17.6,304.1,0,-0.6488719,1.0781343,281.6767,280.59015,284.12354,277.8334,273.33276,2.0,0.0,0.22739042,0.23832765,0.28299668,0.3106003
51.9724,-105.6342,51.927,-103.922,D,2016,05,19,2016-05-19,330.7,82,23.1,304.8,0,-0.6488719,1.0781343,281.6767,280.59015,284.12354,277.8334,273.33276,2.0,0.0,0.22739042,0.23832765,0.28299668,0.3106003
51.9704,-105.6188,51.927,-103.922,D,2016,05,19,2016-05-19,324.7,75,15.1,303.7,0,-0.6488719,1.0781343,281.6767,280.59015,284.12354,277.8334,273.33276,2.0,0.0,0.22739042,0.23832765,0.28299668,0.3106003
52.2206,-104.5011,51.927,-103.922,D,2016,05,19,2016-05-19,323.5,71,9.4,303.4,0,-0.6488719,1.0781343,281.6767,280.59015,284.12354,277.8334,273.33276,2.0,0.0,0.22739042,0.23832765,0.28299668,0.3106003
52.2185,-104.5154,51.927,-103.922,D,2016,05,19,2016-05-19,358.5,99,71.4,306.8,1,-0.6488719,1.0781343,281.6767,280.59015,284.12354,277.8334,273.33276,2.0,0.0,0.22739042,0.23832765,0.28299668,0.3106003
52.2164,-104.5297,51.927,-103.922,D,2016,05,19,2016-05-19,319.7,41,6.2,305.6,0,-0.6488719,1.0781343,281.6767,280.59015,284.12354,277.8334,273.33276,2.0,0.0,0.22739042,0.23832765,0.28299668,0.3106003
52.815,-104.8869,51.927,-103.922,D,2016,05,19,2016-05-19,323.8,70,7.5,309.0,0,-0.6488719,1.0781343,281.6767,280.59015,284.12354,277.8334,273.33276,2.0,0.0,0.22739042,0.23832765,0.28299668,0.3106003
52.8304,-104.9085,51.927,-103.922,D,2016,05,19,2016-05-19,351.2,95,50.0,311.9,1,-0.6488719,1.0781343,281.6767,280.59015,284.12354,277.8334,273.33276,2.0,0.0,0.22739042,0.23832765,0.28299668,0.3106003
52.8283,-104.923,51.927,-103.922,D,2016,05,19,2016-05-19,372.2,100,108.7,313.7,1,-0.6488719,1.0781343,281.6767,280.59015,284.12354,277.8334,273.33276,2.0,0.0,0.22739042,0.23832765,0.28299668,0.3106003
63.8967,-138.8394,51.927,-103.922,D,2016,05,19,2016-05-19,303.8,44,6.2,292.0,0,-0.6488719,1.0781343,281.6767,280.59015,284.12354,277.8334,273.33276,2.0,0.0,0.22739042,0.23832765,0.28299668,0.3106003
56.9327,-110.1269,55.169,-107.512,D,2016,05,20,2016-05-20,313.7,49,12.8,275.9,0,-4.7617054,-2.0011625,278.79715,279.52795,285.94846,280.70392,273.43558,1.0,0.0,0.02376435,0.08990395,0.15294981,0.20348883
56.8955,-110.2505,55.169,-107.512,D,2016,05,20,2016-05-20,342.3,93,46.9,278.4,1,-4.7617054,-2.0011625,278.79715,279.52795,285.94846,280.70392,273.43558,1.0,0.0,0.02376435,0.08990395,0.15294981,0.20348883
56.893,-110.2345,55.169,-107.512,D,2016,05,20,2016-05-20,333.7,77,33.2,274.2,0,-4.7617054,-2.0011625,278.79715,279.52795,285.94846,280.70392,273.43558,1.0,0.0,0.02376435,0.08990395,0.15294981,0.20348883
56.8868,-110.3127,55.169,-107.512,D,2016,05,20,2016-05-20,366.6,75,103.4,274.2,0,-4.7617054,-2.0011625,278.79715,279.52795,285.94846,280.70392,273.43558,1.0,0.0,0.02376435,0.08990395,0.15294981,0.20348883
56.8843,-110.2967,55.169,-107.512,D,2016,05,20,2016-05-20,343.7,65,46.0,272.7,0,-4.7617054,-2.0011625,278.79715,279.52795,285.94846,280.70392,273.43558,1.0,0.0,0.02376435,0.08990395,0.15294981,0.20348883
56.878,-110.3172,55.169,-107.512,D,2016,05,20,2016-05-20,320.2,71,17.8,267.6,0,-4.7617054,-2.0011625,278.79715,279.52795,285.94846,280.70392,273.43558,1.0,0.0,0.02376435,0.08990395,0.15294981,0.20348883
56.8755,-110.3012,55.169,-107.512,D,2016,05,20,2016-05-20,311.8,65,8.8,269.4,0,-4.7617054,-2.0011625,278.79715,279.52795,285.94846,280.70392,273.43558,1.0,0.0,0.02376435,0.08990395,0.15294981,0.20348883
56.8693,-110.3218,55.169,-107.512,D,2016,05,20,2016-05-20,351.5,73,63.2,269.5,0,-4.7617054,-2.0011625,278.79715,279.52795,285.94846,280.70392,273.43558,1.0,0.0,0.02376435,0.08990395,0.15294981,0.20348883
56.858,-110.3103,55.169,-107.512,D,2016,05,20,2016-05-20,330.4,51,24.4,271.5,0,-4.7617054,-2.0011625,278.79715,279.52795,285.94846,280.70392,273.43558,1.0,0.0,0.02376435,0.08990395,0.15294981,0.20348883
56.8199,-110.0701,55.169,-107.512,D,2016,05,20,2016-05-20,327.7,58,21.2,293.9,0,-4.7617054,-2.0011625,278.79715,279.52795,285.94846,280.70392,273.43558,1.0,0.0,0.02376435,0.08990395,0.15294981,0.20348883
56.8174,-110.054,55.169,-107.512,D,2016,05,20,2016-05-20,322.9,40,16.5,294.4,0,-4.7617054,-2.0011625,278.79715,279.52795,285.94846,280.70392,273.43558,1.0,0.0,0.02376435,0.08990395,0.15294981,0.20348883
56.8493,-110.3148,55.169,-107.512,D,2016,05,20,2016-05-20,308.6,24,4.8,270.4,0,-4.7617054,-2.0011625,278.79715,279.52795,285.94846,280.70392,273.43558,1.0,0.0,0.02376435,0.08990395,0.15294981,0.20348883
56.8406,-110.3194,55.169,-107.512,D,2016,05,20,2016-05-20,333.7,79,29.4,277.0,0,-4.7617054,-2.0011625,278.79715,279.52795,285.94846,280.70392,273.43558,1.0,0.0,0.02376435,0.08990395,0.15294981,0.20348883
56.786,-110.0358,55.169,-107.512,D,2016,05,20,2016-05-20,325.1,83,17.2,292.2,0,-4.7617054,-2.0011625,278.79715,279.52795,285.94846,280.70392,273.43558,1.0,0.0,0.02376435,0.08990395,0.15294981,0.20348883
56.7834,-110.0198,55.169,-107.512,D,2016,05,20,2016-05-20,337.0,90,32.9,294.8,1,-4.7617054,-2.0011625,278.79715,279.52795,285.94846,280.70392,273.43558,1.0,0.0,0.02376435,0.08990395,0.15294981,0.20348883
56.7494,-109.9855,55.169,-107.512,D,2016,05,20,2016-05-20,326.5,62,21.0,285.0,0,-4.7617054,-2.0011625,278.79715,279.52795,285.94846,280.70392,273.43558,1.0,0.0,0.02376435,0.08990395,0.15294981,0.20348883
56.8299,-110.9167,55.169,-107.512,D,2016,05,20,2016-05-20,345.9,82,55.2,279.4,0,-4.7617054,-2.0011625,278.79715,279.52795,285.94846,280.70392,273.43558,1.0,0.0,0.02376435,0.08990395,0.15294981,0.20348883
56.8274,-110.9008,55.169,-107.512,D,2016,05,20,2016-05-20,303.0,41,6.0,279.6,0,-4.7617054,-2.0011625,278.79715,279.52795,285.94846,280.70392,273.43558,1.0,0.0,0.02376435,0.08990395,0.15294981,0.20348883
56.7026,-110.1033,55.169,-107.512,D,2016,05,20,2016-05-20,313.0,73,11.3,279.7,0,-4.7617054,-2.0011625,278.79715,279.52795,285.94846,280.70392,273.43558,1.0,0.0,0.02376435,0.08990395,0.15294981,0.20348883
56.6238,-110.0814,55.169,-107.512,D,2016,05,20,2016-05-20,321.6,58,21.3,271.3,0,-4.7617054,-2.0011625,278.79715,279.52795,285.94846,280.70392,273.43558,1.0,0.0,0.02376435,0.08990395,0.15294981,0.20348883
56.2786,-110.4565,55.169,-107.512,D,2016,05,20,2016-05-20,325.6,71,19.1,285.1,0,-4.7617054,-2.0011625,278.79715,279.52795,285.94846,280.70392,273.43558,1.0,0.0,0.02376435,0.08990395,0.15294981,0.20348883
56.2583,-110.3299,55.169,-107.512,D,2016,05,20,2016-05-20,317.3,40,15.1,280.4,0,-4.7617054,-2.0011625,278.79715,279.52795,285.94846,280.70392,273.43558,1.0,0.0,0.02376435,0.08990395,0.15294981,0.20348883
56.2613,-110.5232,55.169,-107.512,D,2016,05,20,2016-05-20,319.5,58,16.5,282.1,0,-4.7617054,-2.0011625,278.79715,279.52795,285.94846,280.70392,273.43558,1.0,0.0,0.02376435,0.08990395,0.15294981,0.20348883
56.2588,-110.5074,55.169,-107.512,D,2016,05,20,2016-05-20,321.8,60,18.3,283.6,0,-4.7617054,-2.0011625,278.79715,279.52795,285.94846,280.70392,273.43558,1.0,0.0,0.02376435,0.08990395,0.15294981,0.20348883
56.2563,-110.4915,55.169,-107.512,D,2016,05,20,2016-05-20,397.4,100,236.3,296.9,1,-4.7617054,-2.0011625,278.79715,279.52795,285.94846,280.70392,273.43558,1.0,0.0,0.02376435,0.08990395,0.15294981,0.20348883
56.2538,-110.4757,55.169,-107.512,D,2016,05,20,2016-05-20,365.9,100,98.7,292.4,1,-4.7617054,-2.0011625,278.79715,279.52795,285.94846,280.70392,273.43558,1.0,0.0,0.02376435,0.08990395,0.15294981,0.20348883
56.2526,-110.5276,55.169,-107.512,D,2016,05,20,2016-05-20,328.6,49,23.8,275.7,0,-4.7617054,-2.0011625,278.79715,279.52795,285.94846,280.70392,273.43558,1.0,0.0,0.02376435,0.08990395,0.15294981,0.20348883
56.2476,-110.496,55.169,-107.512,D,2016,05,20,2016-05-20,369.6,100,110.1,285.8,1,-4.7617054,-2.0011625,278.79715,279.52795,285.94846,280.70392,273.43558,1.0,0.0,0.02376435,0.08990395,0.15294981,0.20348883
56.2451,-110.4802,55.169,-107.512,D,2016,05,20,2016-05-20,375.0,100,130.9,292.0,1,-4.7617054,-2.0011625,278.79715,279.52795,285.94846,280.70392,273.43558,1.0,0.0,0.02376435,0.08990395,0.15294981,0.20348883
56.2388,-110.5004,55.169,-107.512,D,2016,05,20,2016-05-20,379.5,100,147.6,283.8,1,-4.7617054,-2.0011625,278.79715,279.52795,285.94846,280.70392,273.43558,1.0,0.0,0.02376435,0.08990395,0.15294981,0.20348883
56.2363,-110.4846,55.169,-107.512,D,2016,05,20,2016-05-20,396.8,100,233.2,290.2,1,-4.7617054,-2.0011625,278.79715,279.52795,285.94846,280.70392,273.43558,1.0,0.0,0.02376435,0.08990395,0.15294981,0.20348883
56.2351,-110.5364,55.169,-107.512,D,2016,05,20,2016-05-20,310.0,30,9.2,277.1,0,-4.7617054,-2.0011625,278.79715,279.52795,285.94846,280.70392,273.43558,1.0,0.0,0.02376435,0.08990395,0.15294981,0.20348883
56.8302,-110.1151,55.169,-107.512,D,2016,05,20,2016-05-20,312.9,47,63.4,287.5,0,-4.7617054,-2.0011625,278.79715,279.52795,285.94846,280.70392,273.43558,1.0,0.0,0.02376435,0.08990395,0.15294981,0.20348883
56.8149,-110.1641,55.169,-107.512,D,2016,05,20,2016-05-20,315.6,69,76.8,286.0,0,-4.7617054,-2.0011625,278.79715,279.52795,285.94846,280.70392,273.43558,1.0,0.0,0.02376435,0.08990395,0.15294981,0.20348883
63.9528,-130.9521,55.169,-107.512,D,2016,05,20,2016-05-20,302.4,36,5.4,288.3,0,-4.7617054,-2.0011625,278.79715,279.52795,285.94846,280.70392,273.43558,1.0,0.0,0.02376435,0.08990395,0.15294981,0.20348883
56.8837,-110.2987,55.169,-107.512,D,2016,05,20,2016-05-20,353.7,97,109.7,297.5,1,-4.7617054,-2.0011625,278.79715,279.52795,285.94846,280.70392,273.43558,1.0,0.0,0.02376435,0.08990395,0.15294981,0.20348883
56.8817,-110.3222,55.169,-107.512,D,2016,05,20,2016-05-20,386.0,100,297.5,302.4,1,-4.7617054,-2.0011625,278.79715,279.52795,285.94846,280.70392,273.43558,1.0,0.0,0.02376435,0.08990395,0.15294981,0.20348883
56.8599,-110.577,55.169,-107.512,D,2016,05,20,2016-05-20,352.6,97,110.5,282.4,1,-4.7617054,-2.0011625,278.79715,279.52795,285.94846,280.70392,273.43558,1.0,0.0,0.02376435,0.08990395,0.15294981,0.20348883
56.8579,-110.5999,55.169,-107.512,D,2016,05,20,2016-05-20,320.5,80,29.7,279.6,0,-4.7617054,-2.0011625,278.79715,279.52795,285.94846,280.70392,273.43558,1.0,0.0,0.02376435,0.08990395,0.15294981,0.20348883
56.9002,-110.2311,55.169,-107.512,D,2016,05,20,2016-05-20,314.9,43,11.3,295.2,0,-4.7617054,-2.0011625,278.79715,279.52795,285.94846,280.70392,273.43558,1.0,0.0,0.02376435,0.08990395,0.15294981,0.20348883
56.8982,-110.2547,55.169,-107.512,D,2016,05,20,2016-05-20,316.9,45,15.6,297.2,0,-4.7617054,-2.0011625,278.79715,279.52795,285.94846,280.70392,273.43558,1.0,0.0,0.02376435,0.08990395,0.15294981,0.20348883
56.8943,-110.3017,55.169,-107.512,D,2016,05,20,2016-05-20,334.3,89,51.7,292.8,0,-4.7617054,-2.0011625,278.79715,279.52795,285.94846,280.70392,273.43558,1.0,0.0,0.02376435,0.08990395,0.15294981,0.20348883
56.8923,-110.3252,55.169,-107.512,D,2016,05,20,2016-05-20,319.2,77,24.2,289.1,0,-4.7617054,-2.0011625,278.79715,279.52795,285.94846,280.70392,273.43558,1.0,0.0,0.02376435,0.08990395,0.15294981,0.20348883
56.8564,-110.7393,55.169,-107.512,D,2016,05,20,2016-05-20,339.5,91,68.2,274.2,1,-4.7617054,-2.0011625,278.79715,279.52795,285.94846,280.70392,273.43558,1.0,0.0,0.02376435,0.08990395,0.15294981,0.20348883
56.8464,-110.8516,55.169,-107.512,D,2016,05,20,2016-05-20,315.3,59,18.5,284.2,0,-4.7617054,-2.0011625,278.79715,279.52795,285.94846,280.70392,273.43558,1.0,0.0,0.02376435,0.08990395,0.15294981,0.20348883
56.9315,-110.1185,55.169,-107.512,D,2016,05,20,2016-05-20,335.3,83,52.8,295.4,0,-4.7617054,-2.0011625,278.79715,279.52795,285.94846,280.70392,273.43558,1.0,0.0,0.02376435,0.08990395,0.15294981,0.20348883
56.9295,-110.1425,55.169,-107.512,D,2016,05,20,2016-05-20,350.3,96,99.3,298.2,1,-4.7617054,-2.0011625,278.79715,279.52795,285.94846,280.70392,273.43558,1.0,0.0,0.02376435,0.08990395,0.15294981,0.20348883
56.9235,-110.2137,55.169,-107.512,D,2016,05,20,2016-05-20,342.8,93,73.5,298.1,1,-4.7617054,-2.0011625,278.79715,279.52795,285.94846,280.70392,273.43558,1.0,0.0,0.02376435,0.08990395,0.15294981,0.20348883
56.9215,-110.2372,55.169,-107.512,D,2016,05,20,2016-05-20,337.2,87,58.2,295.8,0,-4.7617054,-2.0011625,278.79715,279.52795,285.94846,280.70392,273.43558,1.0,0.0,0.02376435,0.08990395,0.15294981,0.20348883
56.8477,-110.5448,55.169,-107.512,D,2016,05,20,2016-05-20,310.6,59,15.1,280.7,0,-4.7617054,-2.0011625,278.79715,279.52795,285.94846,280.70392,273.43558,1.0,0.0,0.02376435,0.08990395,0.15294981,0.20348883
56.6238,-110.1031,55.169,-107.512,D,2016,05,20,2016-05-20,332.2,66,53.8,281.6,0,-4.7617054,-2.0011625,278.79715,279.52795,285.94846,280.70392,273.43558,1.0,0.0,0.02376435,0.08990395,0.15294981,0.20348883
56.6218,-110.1265,55.169,-107.512,D,2016,05,20,2016-05-20,339.1,86,71.0,284.4,0,-4.7617054,-2.0011625,278.79715,279.52795,285.94846,280.70392,273.43558,1.0,0.0,0.02376435,0.08990395,0.15294981,0.20348883
56.6276,-110.1115,55.169,-107.512,D,2016,05,20,2016-05-20,327.4,80,42.0,281.8,0,-4.7617054,-2.0011625,278.79715,279.52795,285.94846,280.70392,273.43558,1.0,0.0,0.02376435,0.08990395,0.15294981,0.20348883
56.6256,-110.135,55.169,-107.512,D,2016,05,20,2016-05-20,325.2,83,37.6,280.3,0,-4.7617054,-2.0011625,278.79715,279.52795,285.94846,280.70392,273.43558,1.0,0.0,0.02376435,0.08990395,0.15294981,0.20348883
56.7424,-110.0763,55.169,-107.512,D,2016,05,20,2016-05-20,345.0,94,84.2,289.0,1,-4.7617054,-2.0011625,278.79715,279.52795,285.94846,280.70392,273.43558,1.0,0.0,0.02376435,0.08990395,0.15294981,0.20348883
56.779,-110.1593,55.169,-107.512,D,2016,05,20,2016-05-20,318.6,77,24.1,285.0,0,-4.7617054,-2.0011625,278.79715,279.52795,285.94846,280.70392,273.43558,1.0,0.0,0.02376435,0.08990395,0.15294981,0.20348883
56.8139,-110.0552,55.169,-107.512,D,2016,05,20,2016-05-20,319.2,63,22.8,292.0,0,-4.7617054,-2.0011625,278.79715,279.52795,285.94846,280.70392,273.43558,1.0,0.0,0.02376435,0.08990395,0.15294981,0.20348883
56.8273,-110.1564,55.169,-107.512,D,2016,05,20,2016-05-20,324.6,83,28.9,293.6,0,-4.7617054,-2.0011625,278.79715,279.52795,285.94846,280.70392,273.43558,1.0,0.0,0.02376435,0.08990395,0.15294981,0.20348883
56.8345,-110.3272,55.169,-107.512,D,2016,05,20,2016-05-20,342.8,70,68.8,272.5,0,-4.7617054,-2.0011625,278.79715,279.52795,285.94846,280.70392,273.43558,1.0,0.0,0.02376435,0.08990395,0.15294981,0.20348883
56.8325,-110.3506,55.169,-107.512,D,2016,05,20,2016-05-20,340.2,53,62.9,277.1,0,-4.7617054,-2.0011625,278.79715,279.52795,285.94846,280.70392,273.43558,1.0,0.0,0.02376435,0.08990395,0.15294981,0.20348883
56.8304,-110.3739,55.169,-107.512,D,2016,05,20,2016-05-20,394.1,0,363.9,279.7,0,-4.7617054,-2.0011625,278.79715,279.52795,285.94846,280.70392,273.43558,1.0,0.0,0.02376435,0.08990395,0.15294981,0.20348883
56.8163,-110.5354,55.169,-107.512,D,2016,05,20,2016-05-20,338.1,91,66.2,277.8,1,-4.7617054,-2.0011625,278.79715,279.52795,285.94846,280.70392,273.43558,1.0,0.0,0.02376435,0.08990395,0.15294981,0.20348883
56.8577,-110.3101,55.169,-107.512,D,2016,05,20,2016-05-20,355.2,88,112.2,296.2,0,-4.7617054,-2.0011625,278.79715,279.52795,285.94846,280.70392,273.43558,1.0,0.0,0.02376435,0.08990395,0.15294981,0.20348883
56.8556,-110.3335,55.169,-107.512,D,2016,05,20,2016-05-20,450.5,100,1202.5,313.6,1,-4.7617054,-2.0011625,278.79715,279.52795,285.94846,280.70392,273.43558,1.0,0.0,0.02376435,0.08990395,0.15294981,0.20348883
56.8536,-110.3568,55.169,-107.512,D,2016,05,20,2016-05-20,355.4,95,118.0,290.2,1,-4.7617054,-2.0011625,278.79715,279.52795,285.94846,280.70392,273.43558,1.0,0.0,0.02376435,0.08990395,0.15294981,0.20348883
56.8683,-110.3132,55.169,-107.512,D,2016,05,20,2016-05-20,391.8,100,339.6,300.3,1,-4.7617054,-2.0011625,278.79715,279.52795,285.94846,280.70392,273.43558,1.0,0.0,0.02376435,0.08990395,0.15294981,0.20348883
56.8662,-110.3366,55.169,-107.512,D,2016,05,20,2016-05-20,475.4,100,1852.4,326.0,1,-4.7617054,-2.0011625,278.79715,279.52795,285.94846,280.70392,273.43558,1.0,0.0,0.02376435,0.08990395,0.15294981,0.20348883
56.8642,-110.3599,55.169,-107.512,D,2016,05,20,2016-05-20,372.4,100,203.9,292.0,1,-4.7617054,-2.0011625,278.79715,279.52795,285.94846,280.70392,273.43558,1.0,0.0,0.02376435,0.08990395,0.15294981,0.20348883
56.8789,-110.3163,55.169,-107.512,D,2016,05,20,2016-05-20,401.7,100,436.9,302.4,1,-4.7617054,-2.0011625,278.79715,279.52795,285.94846,280.70392,273.43558,1.0,0.0,0.02376435,0.08990395,0.15294981,0.20348883
56.8768,-110.3396,55.169,-107.512,D,2016,05,20,2016-05-20,334.8,84,53.4,288.8,0,-4.7617054,-2.0011625,278.79715,279.52795,285.94846,280.70392,273.43558,1.0,0.0,0.02376435,0.08990395,0.15294981,0.20348883
56.8582,-110.5479,55.169,-107.512,D,2016,05,20,2016-05-20,361.4,100,146.0,280.1,1,-4.7617054,-2.0011625,278.79715,279.52795,285.94846,280.70392,273.43558,1.0,0.0,0.02376435,0.08990395,0.15294981,0.20348883
56.8561,-110.5709,55.169,-107.512,D,2016,05,20,2016-05-20,353.0,97,111.2,281.6,1,-4.7617054,-2.0011625,278.79715,279.52795,285.94846,280.70392,273.43558,1.0,0.0,0.02376435,0.08990395,0.15294981,0.20348883
56.8541,-110.5937,55.169,-107.512,D,2016,05,20,2016-05-20,342.5,93,77.1,279.2,1,-4.7617054,-2.0011625,278.79715,279.52795,285.94846,280.70392,273.43558,1.0,0.0,0.02376435,0.08990395,0.15294981,0.20348883
56.8957,-110.2489,55.169,-107.512,D,2016,05,20,2016-05-20,323.2,74,23.6,296.7,0,-4.7617054,-2.0011625,278.79715,279.52795,285.94846,280.70392,273.43558,1.0,0.0,0.02376435,0.08990395,0.15294981,0.20348883
56.8915,-110.2958,55.169,-107.512,D,2016,05,20,2016-05-20,342.6,92,69.6,294.7,1,-4.7617054,-2.0011625,278.79715,279.52795,285.94846,280.70392,273.43558,1.0,0.0,0.02376435,0.08990395,0.15294981,0.20348883
56.8894,-110.3193,55.169,-107.512,D,2016,05,20,2016-05-20,358.8,99,133.8,292.7,1,-4.7617054,-2.0011625,278.79715,279.52795,285.94846,280.70392,273.43558,1.0,0.0,0.02376435,0.08990395,0.15294981,0.20348883
56.7834,-109.938,54.347,-105.715,N,2016,05,21,2016-05-21,307.9,58,27.3,267.2,0,-1.7827957,4.4903007,296.94052,295.52124,286.98837,280.52097,273.83212,1.0,0.0,0.13905098,0.19432619,0.26437008,0.30804133
56.7775,-109.9636,54.347,-105.715,N,2016,05,21,2016-05-21,327.8,100,67.2,267.3,1,-1.7827957,4.4903007,296.94052,295.52124,286.98837,280.52097,273.83212,1.0,0.0,0.13905098,0.19432619,0.26437008,0.30804133
56.7987,-109.9802,54.347,-105.715,N,2016,05,21,2016-05-21,343.3,100,116.6,267.7,1,-1.7827957,4.4903007,296.94052,295.52124,286.98837,280.52097,273.83212,1.0,0.0,0.13905098,0.19432619,0.26437008,0.30804133
53.4275,-103.5731,52.395,-102.726,D,2016,05,21,2016-05-21,339.0,90,44.9,296.4,1,-2.4403012,2.8647811,283.50134,283.53275,286.37973,280.77667,273.88837,2.0,0.0,0.23257613,0.2362087,0.26506144,0.2928445
53.4255,-103.5555,52.395,-102.726,D,2016,05,21,2016-05-21,357.5,99,93.6,299.0,1,-2.4403012,2.8647811,283.50134,283.53275,286.37973,280.77667,273.88837,2.0,0.0,0.23257613,0.2362087,0.26506144,0.2928445
53.2748,-103.7595,52.395,-102.726,D,2016,05,21,2016-05-21,312.2,54,7.8,294.2,0,-2.4403012,2.8647811,283.50134,283.53275,286.37973,280.77667,273.88837,2.0,0.0,0.23257613,0.2362087,0.26506144,0.2928445
52.768,-103.1394,52.395,-102.726,D,2016,05,21,2016-05-21,317.9,60,9.0,301.1,0,-2.4403012,2.8647811,283.50134,283.53275,286.37973,280.77667,273.88837,2.0,0.0,0.23257613,0.2362087,0.26506144,0.2928445
52.766,-103.1228,52.395,-102.726,D,2016,05,21,2016-05-21,321.8,75,14.2,300.6,0,-2.4403012,2.8647811,283.50134,283.53275,286.37973,280.77667,273.88837,2.0,0.0,0.23257613,0.2362087,0.26506144,0.2928445
52.8871,-105.3955,52.395,-102.726,D,2016,05,21,2016-05-21,312.6,63,7.3,296.9,0,-2.4403012,2.8647811,283.50134,283.53275,286.37973,280.77667,273.88837,2.0,0.0,0.23257613,0.2362087,0.26506144,0.2928445
52.6762,-104.7237,52.395,-102.726,D,2016,05,21,2016-05-21,316.2,67,12.9,295.8,0,-2.4403012,2.8647811,283.50134,283.53275,286.37973,280.77667,273.88837,2.0,0.0,0.23257613,0.2362087,0.26506144,0.2928445
56.3052,-124.8307,52.395,-102.726,D,2016,05,21,2016-05-21,312.4,55,12.1,302.2,0,-2.4403012,2.8647811,283.50134,283.53275,286.37973,280.77667,273.88837,2.0,0.0,0.23257613,0.2362087,0.26506144,0.2928445
54.0442,-106.8706,52.395,-102.726,D,2016,05,21,2016-05-21,307.3,55,8.5,288.5,0,-2.4403012,2.8647811,283.50134,283.53275,286.37973,280.77667,273.88837,2.0,0.0,0.23257613,0.2362087,0.26506144,0.2928445
54.0408,-106.8882,52.395,-102.726,D,2016,05,21,2016-05-21,308.8,58,9.4,289.3,0,-2.4403012,2.8647811,283.50134,283.53275,286.37973,280.77667,273.88837,2.0,0.0,0.23257613,0.2362087,0.26506144,0.2928445
56.1706,-125.0752,52.395,-102.726,D,2016,05,21,2016-05-21,305.8,49,7.9,295.7,0,-2.4403012,2.8647811,283.50134,283.53275,286.37973,280.77667,273.88837,2.0,0.0,0.23257613,0.2362087,0.26506144,0.2928445
53.0194,-104.527,52.561,-104.398,D,2016,05,22,2016-05-22,323.9,80,22.6,297.2,0,-0.03393975,5.1248775,289.89795,289.0489,288.7139,281.333,273.49673,2.0,2.842171e-14,0.20893478,0.21191224,0.2653173,0.31222004
53.0231,-104.5456,52.561,-104.398,D,2016,05,22,2016-05-22,311.2,42,5.2,294.1,0,-0.03393975,5.1248775,289.89795,289.0489,288.7139,281.333,273.49673,2.0,2.842171e-14,0.20893478,0.21191224,0.2653173,0.31222004
52.4488,-104.646,52.561,-104.398,D,2016,05,22,2016-05-22,320.1,76,17.4,299.4,0,-0.03393975,5.1248775,289.89795,289.0489,288.7139,281.333,273.49673,2.0,2.842171e-14,0.20893478,0.21191224,0.2653173,0.31222004
52.445,-104.6273,52.561,-104.398,D,2016,05,22,2016-05-22,321.6,77,19.5,298.9,0,-0.03393975,5.1248775,289.89795,289.0489,288.7139,281.333,273.49673,2.0,2.842171e-14,0.20893478,0.21191224,0.2653173,0.31222004
60.8096,-128.3792,52.561,-104.398,D,2016,05,22,2016-05-22,304.0,21,3.1,292.6,0,-0.03393975,5.1248775,289.89795,289.0489,288.7139,281.333,273.49673,2.0,2.842171e-14,0.20893478,0.21191224,0.2653173,0.31222004
57.0387,-128.8295,52.561,-104.398,D,2016,05,22,2016-05-22,303.1,48,5.6,290.9,0,-0.03393975,5.1248775,289.89795,289.0489,288.7139,281.333,273.49673,2.0,2.842171e-14,0.20893478,0.21191224,0.2653173,0.31222004
58.5953,-132.1842,52.561,-104.398,D,2016,05,22,2016-05-22,303.7,30,4.2,292.6,0,-0.03393975,5.1248775,289.89795,289.0489,288.7139,281.333,273.49673,2.0,2.842171e-14,0.20893478,0.21191224,0.2653173,0.31222004
58.7858,-133.0559,52.561,-104.398,D,2016,05,22,2016-05-22,315.2,46,10.3,302.6,0,-0.03393975,5.1248775,289.89795,289.0489,288.7139,281.333,273.49673,2.0,2.842171e-14,0.20893478,0.21191224,0.2653173,0.31222004
58.822,-132.9102,52.561,-104.398,D,2016,05,22,2016-05-22,310.2,36,8.5,299.9,0,-0.03393975,5.1248775,289.89795,289.0489,288.7139,281.333,273.49673,2.0,2.842171e-14,0.20893478,0.21191224,0.2653173,0.31222004
53.1025,-104.3044,52.561,-104.398,D,2016,05,22,2016-05-22,318.7,72,15.4,300.3,0,-0.03393975,5.1248775,289.89795,289.0489,288.7139,281.333,273.49673,2.0,2.842171e-14,0.20893478,0.21191224,0.2653173,0.31222004
52.8317,-105.1366,52.561,-104.398,D,2016,05,22,2016-05-22,313.7,33,10.8,297.3,0,-0.03393975,5.1248775,289.89795,289.0489,288.7139,281.333,273.49673,2.0,2.842171e-14,0.20893478,0.21191224,0.2653173,0.31222004
52.9917,-104.5518,52.561,-104.398,D,2016,05,22,2016-05-22,325.5,79,29.8,301.1,0,-0.03393975,5.1248775,289.89795,289.0489,288.7139,281.333,273.49673,2.0,2.842171e-14,0.20893478,0.21191224,0.2653173,0.31222004
52.9898,-104.5762,52.561,-104.398,D,2016,05,22,2016-05-22,321.8,75,21.9,301.9,0,-0.03393975,5.1248775,289.89795,289.0489,288.7139,281.333,273.49673,2.0,2.842171e-14,0.20893478,0.21191224,0.2653173,0.31222004
53.1044,-104.2791,52.561,-104.398,D,2016,05,22,2016-05-22,323.9,78,26.5,300.8,0,-0.03393975,5.1248775,289.89795,289.0489,288.7139,281.333,273.49673,2.0,2.842171e-14,0.20893478,0.21191224,0.2653173,0.31222004
53.1119,-104.2856,52.561,-104.398,D,2016,05,22,2016-05-22,325.7,80,29.2,301.1,0,-0.03393975,5.1248775,289.89795,289.0489,288.7139,281.333,273.49673,2.0,2.842171e-14,0.20893478,0.21191224,0.2653173,0.31222004
57.9284,-117.0906,52.561,-104.398,D,2016,05,22,2016-05-22,301.3,34,3.1,290.5,0,-0.03393975,5.1248775,289.89795,289.0489,288.7139,281.333,273.49673,2.0,2.842171e-14,0.20893478,0.21191224,0.2653173,0.31222004
52.8371,-104.9711,51.733,-98.175,N,2016,05,23,2016-05-23,308.3,74,29.8,280.4,0,4.6477127,1.620193,296.38907,294.65125,289.56116,281.71414,273.92984,3.0,0.00013840463,0.18807673,0.24306244,0.28695473,0.33035904
53.1867,-104.0602,51.733,-98.175,N,2016,05,23,2016-05-23,303.7,57,19.9,281.5,0,4.6477127,1.620193,296.38907,294.65125,289.56116,281.71414,273.92984,3.0,0.00013840463,0.18807673,0.24306244,0.28695473,0.33035904
53.3361,-103.2697,51.733,-98.175,N,2016,05,23,2016-05-23,302.7,51,15.7,281.4,0,4.6477127,1.620193,296.38907,294.65125,289.56116,281.71414,273.92984,3.0,0.00013840463,0.18807673,0.24306244,0.28695473,0.33035904
55.5408,-117.4735,51.733,-98.175,N,2016,05,23,2016-05-23,309.3,77,16.5,276.6,0,4.6477127,1.620193,296.38907,294.65125,289.56116,281.71414,273.92984,3.0,0.00013840463,0.18807673,0.24306244,0.28695473,0.33035904
55.5428,-117.4556,51.733,-98.175,N,2016,05,23,2016-05-23,326.6,100,35.8,278.0,1,4.6477127,1.620193,296.38907,294.65125,289.56116,281.71414,273.92984,3.0,0.00013840463,0.18807673,0.24306244,0.28695473,0.33035904
56.8526,-110.4261,56.834,-110.427,D,2016,05,23,2016-05-23,322.5,82,104.8,290.3,0,-1.9610159,-3.0211763,277.61865,278.07248,280.01297,273.34497,273.5586,6.0,1.3409735e-06,0.5338073,0.46633464,0.50681883,0.53227764
56.8283,-110.9516,56.834,-110.427,D,2016,05,23,2016-05-23,311.2,71,60.9,291.6,0,-1.9610159,-3.0211763,277.61865,278.07248,280.01297,273.34497,273.5586,6.0,1.3409735e-06,0.5338073,0.46633464,0.50681883,0.53227764
56.8276,-110.8918,56.834,-110.427,D,2016,05,23,2016-05-23,307.9,57,42.2,292.8,0,-1.9610159,-3.0211763,277.61865,278.07248,280.01297,273.34497,273.5586,6.0,1.3409735e-06,0.5338073,0.46633464,0.50681883,0.53227764
56.8366,-110.9597,56.834,-110.427,D,2016,05,23,2016-05-23,305.5,52,36.1,291.3,0,-1.9610159,-3.0211763,277.61865,278.07248,280.01297,273.34497,273.5586,6.0,1.3409735e-06,0.5338073,0.46633464,0.50681883,0.53227764
56.8357,-110.8999,56.834,-110.427,D,2016,05,23,2016-05-23,306.3,47,35.1,292.1,0,-1.9610159,-3.0211763,277.61865,278.07248,280.01297,273.34497,273.5586,6.0,1.3409735e-06,0.5338073,0.46633464,0.50681883,0.53227764
56.8517,-110.3696,56.834,-110.427,D,2016,05,23,2016-05-23,329.1,86,145.6,292.0,0,-1.9610159,-3.0211763,277.61865,278.07248,280.01297,273.34497,273.5586,6.0,1.3409735e-06,0.5338073,0.46633464,0.50681883,0.53227764
56.8778,-110.388,56.834,-110.427,D,2016,05,23,2016-05-23,358.5,99,146.2,296.8,1,-1.9610159,-3.0211763,277.61865,278.07248,280.01297,273.34497,273.5586,6.0,1.3409735e-06,0.5338073,0.46633464,0.50681883,0.53227764
56.8723,-110.3638,56.834,-110.427,D,2016,05,23,2016-05-23,366.0,100,184.2,301.2,1,-1.9610159,-3.0211763,277.61865,278.07248,280.01297,273.34497,273.5586,6.0,1.3409735e-06,0.5338073,0.46633464,0.50681883,0.53227764
56.8674,-110.3957,56.834,-110.427,D,2016,05,23,2016-05-23,340.7,68,71.7,295.8,0,-1.9610159,-3.0211763,277.61865,278.07248,280.01297,273.34497,273.5586,6.0,1.3409735e-06,0.5338073,0.46633464,0.50681883,0.53227764
56.862,-110.3716,56.834,-110.427,D,2016,05,23,2016-05-23,358.2,99,138.3,302.3,1,-1.9610159,-3.0211763,277.61865,278.07248,280.01297,273.34497,273.5586,6.0,1.3409735e-06,0.5338073,0.46633464,0.50681883,0.53227764
56.8565,-110.3474,56.834,-110.427,D,2016,05,23,2016-05-23,365.7,100,179.8,302.9,1,-1.9610159,-3.0211763,277.61865,278.07248,280.01297,273.34497,273.5586,6.0,1.3409735e-06,0.5338073,0.46633464,0.50681883,0.53227764
56.8734,-110.4756,56.834,-110.427,D,2016,05,23,2016-05-23,310.4,42,11.7,295.9,0,-1.9610159,-3.0211763,277.61865,278.07248,280.01297,273.34497,273.5586,6.0,1.3409735e-06,0.5338073,0.46633464,0.50681883,0.53227764
56.8679,-110.4514,56.834,-110.427,D,2016,05,23,2016-05-23,313.3,53,15.9,293.7,0,-1.9610159,-3.0211763,277.61865,278.07248,280.01297,273.34497,273.5586,6.0,1.3409735e-06,0.5338073,0.46633464,0.50681883,0.53227764
56.8625,-110.4274,56.834,-110.427,D,2016,05,23,2016-05-23,369.3,100,215.4,303.1,1,-1.9610159,-3.0211763,277.61865,278.07248,280.01297,273.34497,273.5586,6.0,1.3409735e-06,0.5338073,0.46633464,0.50681883,0.53227764
56.8571,-110.4035,56.834,-110.427,D,2016,05,23,2016-05-23,457.1,100,1573.6,331.4,1,-1.9610159,-3.0211763,277.61865,278.07248,280.01297,273.34497,273.5586,6.0,1.3409735e-06,0.5338073,0.46633464,0.50681883,0.53227764
56.8516,-110.3793,56.834,-110.427,D,2016,05,23,2016-05-23,384.1,100,317.4,304.0,1,-1.9610159,-3.0211763,277.61865,278.07248,280.01297,273.34497,273.5586,6.0,1.3409735e-06,0.5338073,0.46633464,0.50681883,0.53227764
56.8405,-110.3308,56.834,-110.427,D,2016,05,23,2016-05-23,323.5,56,23.5,296.5,0,-1.9610159,-3.0211763,277.61865,278.07248,280.01297,273.34497,273.5586,6.0,1.3409735e-06,0.5338073,0.46633464,0.50681883,0.53227764
56.8522,-110.4354,56.834,-110.427,D,2016,05,23,2016-05-23,452.7,100,1449.0,314.9,1,-1.9610159,-3.0211763,277.61865,278.07248,280.01297,273.34497,273.5586,6.0,1.3409735e-06,0.5338073,0.46633464,0.50681883,0.53227764
56.8467,-110.4112,56.834,-110.427,D,2016,05,23,2016-05-23,476.7,100,2192.3,320.6,1,-1.9610159,-3.0211763,277.61865,278.07248,280.01297,273.34497,273.5586,6.0,1.3409735e-06,0.5338073,0.46633464,0.50681883,0.53227764
56.8523,-110.4409,56.834,-110.427,D,2016,05,23,2016-05-23,403.1,100,522.3,303.9,1,-1.9610159,-3.0211763,277.61865,278.07248,280.01297,273.34497,273.5586,6.0,1.3409735e-06,0.5338073,0.46633464,0.50681883,0.53227764
56.8469,-110.4167,56.834,-110.427,D,2016,05,23,2016-05-23,500.0,100,3139.9,324.1,1,-1.9610159,-3.0211763,277.61865,278.07248,280.01297,273.34497,273.5586,6.0,1.3409735e-06,0.5338073,0.46633464,0.50681883,0.53227764
56.8415,-110.3923,56.834,-110.427,D,2016,05,23,2016-05-23,337.3,36,56.9,295.8,0,-1.9610159,-3.0211763,277.61865,278.07248,280.01297,273.34497,273.5586,6.0,1.3409735e-06,0.5338073,0.46633464,0.50681883,0.53227764
56.8687,-110.5687,56.834,-110.427,D,2016,05,23,2016-05-23,316.3,65,21.1,298.1,0,-1.9610159,-3.0211763,277.61865,278.07248,280.01297,273.34497,273.5586,6.0,1.3409735e-06,0.5338073,0.46633464,0.50681883,0.53227764
56.8257,-110.3761,56.834,-110.427,D,2016,05,23,2016-05-23,336.7,84,60.7,299.1,0,-1.9610159,-3.0211763,277.61865,278.07248,280.01297,273.34497,273.5586,6.0,1.3409735e-06,0.5338073,0.46633464,0.50681883,0.53227764
56.9035,-110.3403,56.834,-110.427,D,2016,05,23,2016-05-23,327.6,34,38.3,298.6,0,-1.9610159,-3.0211763,277.61865,278.07248,280.01297,273.34497,273.5586,6.0,1.3409735e-06,0.5338073,0.46633464,0.50681883,0.53227764
56.8461,-110.355,56.834,-110.427,D,2016,05,23,2016-05-23,334.1,88,49.1,295.4,0,-1.9610159,-3.0211763,277.61865,278.07248,280.01297,273.34497,273.5586,6.0,1.3409735e-06,0.5338073,0.46633464,0.50681883,0.53227764
56.75,-111.0235,56.834,-110.427,D,2016,05,23,2016-05-23,343.6,93,83.3,290.0,1,-1.9610159,-3.0211763,277.61865,278.07248,280.01297,273.34497,273.5586,6.0,1.3409735e-06,0.5338073,0.46633464,0.50681883,0.53227764
57.1697,-123.3713,56.834,-110.427,D,2016,05,23,2016-05-23,301.8,31,3.4,290.0,0,-1.9610159,-3.0211763,277.61865,278.07248,280.01297,273.34497,273.5586,6.0,1.3409735e-06,0.5338073,0.46633464,0.50681883,0.53227764
56.7804,-111.0547,56.834,-110.427,D,2016,05,23,2016-05-23,313.6,59,18.2,288.9,0,-1.9610159,-3.0211763,277.61865,278.07248,280.01297,273.34497,273.5586,6.0,1.3409735e-06,0.5338073,0.46633464,0.50681883,0.53227764
56.8208,-110.4081,56.834,-110.427,D,2016,05,23,2016-05-23,368.1,100,204.0,297.0,1,-1.9610159,-3.0211763,277.61865,278.07248,280.01297,273.34497,273.5586,6.0,1.3409735e-06,0.5338073,0.46633464,0.50681883,0.53227764
56.8153,-110.3839,56.834,-110.427,D,2016,05,23,2016-05-23,343.2,93,83.0,299.0,1,-1.9610159,-3.0211763,277.61865,278.07248,280.01297,273.34497,273.5586,6.0,1.3409735e-06,0.5338073,0.46633464,0.50681883,0.53227764
56.8796,-110.7263,56.834,-110.427,D,2016,05,23,2016-05-23,327.9,81,43.7,294.5,0,-1.9610159,-3.0211763,277.61865,278.07248,280.01297,273.34497,273.5586,6.0,1.3409735e-06,0.5338073,0.46633464,0.50681883,0.53227764
56.8591,-110.7413,56.834,-110.427,D,2016,05,23,2016-05-23,314.3,53,17.0,293.9,0,-1.9610159,-3.0211763,277.61865,278.07248,280.01297,273.34497,273.5586,6.0,1.3409735e-06,0.5338073,0.46633464,0.50681883,0.53227764
56.8545,-110.8808,56.834,-110.427,D,2016,05,23,2016-05-23,336.8,90,63.3,293.9,1,-1.9610159,-3.0211763,277.61865,278.07248,280.01297,273.34497,273.5586,6.0,1.3409735e-06,0.5338073,0.46633464,0.50681883,0.53227764
56.8493,-110.8576,56.834,-110.427,D,2016,05,23,2016-05-23,350.2,96,108.1,297.4,1,-1.9610159,-3.0211763,277.61865,278.07248,280.01297,273.34497,273.5586,6.0,1.3409735e-06,0.5338073,0.46633464,0.50681883,0.53227764
56.8442,-110.8883,56.834,-110.427,D,2016,05,23,2016-05-23,319.7,69,23.9,294.6,0,-1.9610159,-3.0211763,277.61865,278.07248,280.01297,273.34497,273.5586,6.0,1.3409735e-06,0.5338073,0.46633464,0.50681883,0.53227764
56.839,-110.865,56.834,-110.427,D,2016,05,23,2016-05-23,340.5,92,72.6,294.5,1,-1.9610159,-3.0211763,277.61865,278.07248,280.01297,273.34497,273.5586,6.0,1.3409735e-06,0.5338073,0.46633464,0.50681883,0.53227764
56.8483,-110.8648,56.834,-110.427,D,2016,05,23,2016-05-23,338.5,91,67.0,295.6,1,-1.9610159,-3.0211763,277.61865,278.07248,280.01297,273.34497,273.5586,6.0,1.3409735e-06,0.5338073,0.46633464,0.50681883,0.53227764
56.838,-110.8723,56.834,-110.427,D,2016,05,23,2016-05-23,344.3,94,83.6,294.2,1,-1.9610159,-3.0211763,277.61865,278.07248,280.01297,273.34497,273.5586,6.0,1.3409735e-06,0.5338073,0.46633464,0.50681883,0.53227764
56.8329,-110.9568,56.834,-110.427,D,2016,05,23,2016-05-23,406.2,100,529.2,305.0,1,-1.9610159,-3.0211763,277.61865,278.07248,280.01297,273.34497,273.5586,6.0,1.3409735e-06,0.5338073,0.46633464,0.50681883,0.53227764
56.8278,-110.9336,56.834,-110.427,D,2016,05,23,2016-05-23,423.8,100,782.4,313.9,1,-1.9610159,-3.0211763,277.61865,278.07248,280.01297,273.34497,273.5586,6.0,1.3409735e-06,0.5338073,0.46633464,0.50681883,0.53227764
56.8227,-110.9103,56.834,-110.427,D,2016,05,23,2016-05-23,324.0,82,31.3,296.9,0,-1.9610159,-3.0211763,277.61865,278.07248,280.01297,273.34497,273.5586,6.0,1.3409735e-06,0.5338073,0.46633464,0.50681883,0.53227764
56.8227,-110.9642,56.834,-110.427,D,2016,05,23,2016-05-23,353.2,97,119.7,292.1,1,-1.9610159,-3.0211763,277.61865,278.07248,280.01297,273.34497,273.5586,6.0,1.3409735e-06,0.5338073,0.46633464,0.50681883,0.53227764
56.8176,-110.9411,56.834,-110.427,D,2016,05,23,2016-05-23,338.1,91,65.1,294.0,1,-1.9610159,-3.0211763,277.61865,278.07248,280.01297,273.34497,273.5586,6.0,1.3409735e-06,0.5338073,0.46633464,0.50681883,0.53227764
56.7871,-111.0173,56.834,-110.427,D,2016,05,23,2016-05-23,407.9,100,548.8,307.6,1,-1.9610159,-3.0211763,277.61865,278.07248,280.01297,273.34497,273.5586,6.0,1.3409735e-06,0.5338073,0.46633464,0.50681883,0.53227764
56.782,-110.9944,56.834,-110.427,D,2016,05,23,2016-05-23,341.2,92,70.8,301.5,1,-1.9610159,-3.0211763,277.61865,278.07248,280.01297,273.34497,273.5586,6.0,1.3409735e-06,0.5338073,0.46633464,0.50681883,0.53227764
56.782,-111.0477,56.834,-110.427,D,2016,05,23,2016-05-23,395.9,100,412.9,293.5,1,-1.9610159,-3.0211763,277.61865,278.07248,280.01297,273.34497,273.5586,6.0,1.3409735e-06,0.5338073,0.46633464,0.50681883,0.53227764
56.7769,-111.0248,56.834,-110.427,D,2016,05,23,2016-05-23,473.5,100,1943.4,311.2,1,-1.9610159,-3.0211763,277.61865,278.07248,280.01297,273.34497,273.5586,6.0,1.3409735e-06,0.5338073,0.46633464,0.50681883,0.53227764
56.7718,-111.0018,56.834,-110.427,D,2016,05,23,2016-05-23,326.6,52,30.1,296.0,0,-1.9610159,-3.0211763,277.61865,278.07248,280.01297,273.34497,273.5586,6.0,1.3409735e-06,0.5338073,0.46633464,0.50681883,0.53227764
56.7856,-111.0243,56.834,-110.427,D,2016,05,23,2016-05-23,407.7,100,544.1,311.3,1,-1.9610159,-3.0211763,277.61865,278.07248,280.01297,273.34497,273.5586,6.0,1.3409735e-06,0.5338073,0.46633464,0.50681883,0.53227764
56.7806,-111.0012,56.834,-110.427,D,2016,05,23,2016-05-23,364.6,100,168.4,302.7,1,-1.9610159,-3.0211763,277.61865,278.07248,280.01297,273.34497,273.5586,6.0,1.3409735e-06,0.5338073,0.46633464,0.50681883,0.53227764
56.7754,-111.0317,56.834,-110.427,D,2016,05,23,2016-05-23,456.4,100,1452.7,302.7,1,-1.9610159,-3.0211763,277.61865,278.07248,280.01297,273.34497,273.5586,6.0,1.3409735e-06,0.5338073,0.46633464,0.50681883,0.53227764
56.7704,-111.0086,56.834,-110.427,D,2016,05,23,2016-05-23,349.8,96,99.8,295.2,1,-1.9610159,-3.0211763,277.61865,278.07248,280.01297,273.34497,273.5586,6.0,1.3409735e-06,0.5338073,0.46633464,0.50681883,0.53227764
56.7602,-111.0161,56.834,-110.427,D,2016,05,23,2016-05-23,444.3,100,1166.2,316.0,1,-1.9610159,-3.0211763,277.61865,278.07248,280.01297,273.34497,273.5586,6.0,1.3409735e-06,0.5338073,0.46633464,0.50681883,0.53227764
56.7551,-110.993,56.834,-110.427,D,2016,05,23,2016-05-23,391.7,100,371.6,305.2,1,-1.9610159,-3.0211763,277.61865,278.07248,280.01297,273.34497,273.5586,6.0,1.3409735e-06,0.5338073,0.46633464,0.50681883,0.53227764
56.814,-110.3956,56.834,-110.427,D,2016,05,23,2016-05-23,334.1,86,65.3,298.3,0,-1.9610159,-3.0211763,277.61865,278.07248,280.01297,273.34497,273.5586,6.0,1.3409735e-06,0.5338073,0.46633464,0.50681883,0.53227764
56.8436,-110.324,56.834,-110.427,D,2016,05,23,2016-05-23,316.6,43,15.9,298.4,0,-1.9610159,-3.0211763,277.61865,278.07248,280.01297,273.34497,273.5586,6.0,1.3409735e-06,0.5338073,0.46633464,0.50681883,0.53227764
56.8311,-110.3773,56.834,-110.427,D,2016,05,23,2016-05-23,339.0,91,77.5,296.4,1,-1.9610159,-3.0211763,277.61865,278.07248,280.01297,273.34497,273.5586,6.0,1.3409735e-06,0.5338073,0.46633464,0.50681883,0.53227764
56.8249,-110.4041,56.834,-110.427,D,2016,05,23,2016-05-23,350.1,96,130.3,297.2,1,-1.9610159,-3.0211763,277.61865,278.07248,280.01297,273.34497,273.5586,6.0,1.3409735e-06,0.5338073,0.46633464,0.50681883,0.53227764
56.8481,-110.3592,56.834,-110.427,D,2016,05,23,2016-05-23,371.9,100,256.8,300.6,1,-1.9610159,-3.0211763,277.61865,278.07248,280.01297,273.34497,273.5586,6.0,1.3409735e-06,0.5338073,0.46633464,0.50681883,0.53227764
56.8419,-110.3861,56.834,-110.427,D,2016,05,23,2016-05-23,329.0,36,40.4,296.7,0,-1.9610159,-3.0211763,277.61865,278.07248,280.01297,273.34497,273.5586,6.0,1.3409735e-06,0.5338073,0.46633464,0.50681883,0.53227764
56.859,-110.3676,56.834,-110.427,D,2016,05,23,2016-05-23,354.7,98,137.9,302.3,1,-1.9610159,-3.0211763,277.61865,278.07248,280.01297,273.34497,273.5586,6.0,1.3409735e-06,0.5338073,0.46633464,0.50681883,0.53227764
56.8527,-110.3944,56.834,-110.427,D,2016,05,23,2016-05-23,436.8,100,1244.4,319.1,1,-1.9610159,-3.0211763,277.61865,278.07248,280.01297,273.34497,273.5586,6.0,1.3409735e-06,0.5338073,0.46633464,0.50681883,0.53227764
56.8465,-110.4214,56.834,-110.427,D,2016,05,23,2016-05-23,472.2,100,2385.3,338.5,1,-1.9610159,-3.0211763,277.61865,278.07248,280.01297,273.34497,273.5586,6.0,1.3409735e-06,0.5338073,0.46633464,0.50681883,0.53227764
56.8401,-110.4487,56.834,-110.427,D,2016,05,23,2016-05-23,390.7,100,458.1,301.2,1,-1.9610159,-3.0211763,277.61865,278.07248,280.01297,273.34497,273.5586,6.0,1.3409735e-06,0.5338073,0.46633464,0.50681883,0.53227764
56.8545,-110.3679,56.834,-110.427,D,2016,05,23,2016-05-23,390.1,100,425.1,305.0,1,-1.9610159,-3.0211763,277.61865,278.07248,280.01297,273.34497,273.5586,6.0,1.3409735e-06,0.5338073,0.46633464,0.50681883,0.53227764
56.8481,-110.3948,56.834,-110.427,D,2016,05,23,2016-05-23,437.2,100,1251.8,317.6,1,-1.9610159,-3.0211763,277.61865,278.07248,280.01297,273.34497,273.5586,6.0,1.3409735e-06,0.5338073,0.46633464,0.50681883,0.53227764
56.8417,-110.4216,56.834,-110.427,D,2016,05,23,2016-05-23,448.1,100,1561.0,317.0,1,-1.9610159,-3.0211763,277.61865,278.07248,280.01297,273.34497,273.5586,6.0,1.3409735e-06,0.5338073,0.46633464,0.50681883,0.53227764
56.8353,-110.4486,56.834,-110.427,D,2016,05,23,2016-05-23,339.1,69,82.7,292.5,0,-1.9610159,-3.0211763,277.61865,278.07248,280.01297,273.34497,273.5586,6.0,1.3409735e-06,0.5338073,0.46633464,0.50681883,0.53227764
56.859,-110.403,56.834,-110.427,D,2016,05,23,2016-05-23,397.7,100,523.8,307.8,1,-1.9610159,-3.0211763,277.61865,278.07248,280.01297,273.34497,273.5586,6.0,1.3409735e-06,0.5338073,0.46633464,0.50681883,0.53227764
56.8526,-110.4298,56.834,-110.427,D,2016,05,23,2016-05-23,479.2,100,2673.0,337.5,1,-1.9610159,-3.0211763,277.61865,278.07248,280.01297,273.34497,273.5586,6.0,1.3409735e-06,0.5338073,0.46633464,0.50681883,0.53227764
56.8462,-110.4568,56.834,-110.427,D,2016,05,23,2016-05-23,383.6,100,375.8,300.6,1,-1.9610159,-3.0211763,277.61865,278.07248,280.01297,273.34497,273.5586,6.0,1.3409735e-06,0.5338073,0.46633464,0.50681883,0.53227764
56.876,-110.3849,56.834,-110.427,D,2016,05,23,2016-05-23,349.1,76,116.6,295.7,0,-1.9610159,-3.0211763,277.61865,278.07248,280.01297,273.34497,273.5586,6.0,1.3409735e-06,0.5338073,0.46633464,0.50681883,0.53227764
56.8697,-110.4117,56.834,-110.427,D,2016,05,23,2016-05-23,327.8,16,42.4,291.9,0,-1.9610159,-3.0211763,277.61865,278.07248,280.01297,273.34497,273.5586,6.0,1.3409735e-06,0.5338073,0.46633464,0.50681883,0.53227764
56.8633,-110.4387,56.834,-110.427,D,2016,05,23,2016-05-23,324.6,82,41.3,289.3,0,-1.9610159,-3.0211763,277.61865,278.07248,280.01297,273.34497,273.5586,6.0,1.3409735e-06,0.5338073,0.46633464,0.50681883,0.53227764
56.8993,-110.3403,56.834,-110.427,D,2016,05,23,2016-05-23,329.0,51,49.0,299.4,0,-1.9610159,-3.0211763,277.61865,278.07248,280.01297,273.34497,273.5586,6.0,1.3409735e-06,0.5338073,0.46633464,0.50681883,0.53227764
56.8931,-110.3669,56.834,-110.427,D,2016,05,23,2016-05-23,360.2,100,184.2,298.4,1,-1.9610159,-3.0211763,277.61865,278.07248,280.01297,273.34497,273.5586,6.0,1.3409735e-06,0.5338073,0.46633464,0.50681883,0.53227764
56.8868,-110.3936,56.834,-110.427,D,2016,05,23,2016-05-23,362.9,100,201.4,296.3,1,-1.9610159,-3.0211763,277.61865,278.07248,280.01297,273.34497,273.5586,6.0,1.3409735e-06,0.5338073,0.46633464,0.50681883,0.53227764
56.91,-110.3491,56.834,-110.427,D,2016,05,23,2016-05-23,346.6,94,117.2,295.1,1,-1.9610159,-3.0211763,277.61865,278.07248,280.01297,273.34497,273.5586,6.0,1.3409735e-06,0.5338073,0.46633464,0.50681883,0.53227764
56.9038,-110.3757,56.834,-110.427,D,2016,05,23,2016-05-23,322.8,81,38.1,293.3,0,-1.9610159,-3.0211763,277.61865,278.07248,280.01297,273.34497,273.5586,6.0,1.3409735e-06,0.5338073,0.46633464,0.50681883,0.53227764
56.7539,-111.0057,56.834,-110.427,D,2016,05,23,2016-05-23,383.0,100,409.0,302.1,1,-1.9610159,-3.0211763,277.61865,278.07248,280.01297,273.34497,273.5586,6.0,1.3409735e-06,0.5338073,0.46633464,0.50681883,0.53227764
56.747,-111.0341,56.834,-110.427,D,2016,05,23,2016-05-23,421.4,100,1018.5,307.3,1,-1.9610159,-3.0211763,277.61865,278.07248,280.01297,273.34497,273.5586,6.0,1.3409735e-06,0.5338073,0.46633464,0.50681883,0.53227764
56.8705,-110.5719,56.834,-110.427,D,2016,05,23,2016-05-23,325.5,72,47.4,298.5,0,-1.9610159,-3.0211763,277.61865,278.07248,280.01297,273.34497,273.5586,6.0,1.3409735e-06,0.5338073,0.46633464,0.50681883,0.53227764
56.8641,-110.599,56.834,-110.427,D,2016,05,23,2016-05-23,339.9,86,95.0,296.8,0,-1.9610159,-3.0211763,277.61865,278.07248,280.01297,273.34497,273.5586,6.0,1.3409735e-06,0.5338073,0.46633464,0.50681883,0.53227764
56.7828,-110.9954,56.834,-110.427,D,2016,05,23,2016-05-23,328.4,67,55.0,297.4,0,-1.9610159,-3.0211763,277.61865,278.07248,280.01297,273.34497,273.5586,6.0,1.3409735e-06,0.5338073,0.46633464,0.50681883,0.53227764
56.776,-111.0237,56.834,-110.427,D,2016,05,23,2016-05-23,413.4,100,849.9,307.5,1,-1.9610159,-3.0211763,277.61865,278.07248,280.01297,273.34497,273.5586,6.0,1.3409735e-06,0.5338073,0.46633464,0.50681883,0.53227764
56.7692,-111.0521,56.834,-110.427,D,2016,05,23,2016-05-23,388.4,100,472.7,296.8,1,-1.9610159,-3.0211763,277.61865,278.07248,280.01297,273.34497,273.5586,6.0,1.3409735e-06,0.5338073,0.46633464,0.50681883,0.53227764
56.787,-111.0328,56.834,-110.427,D,2016,05,23,2016-05-23,314.8,62,26.5,290.6,0,-1.9610159,-3.0211763,277.61865,278.07248,280.01297,273.34497,273.5586,6.0,1.3409735e-06,0.5338073,0.46633464,0.50681883,0.53227764
56.8382,-110.8731,56.834,-110.427,D,2016,05,23,2016-05-23,321.1,32,32.3,293.6,0,-1.9610159,-3.0211763,277.61865,278.07248,280.01297,273.34497,273.5586,6.0,1.3409735e-06,0.5338073,0.46633464,0.50681883,0.53227764
56.8249,-110.9294,56.834,-110.427,D,2016,05,23,2016-05-23,387.3,100,439.8,303.5,1,-1.9610159,-3.0211763,277.61865,278.07248,280.01297,273.34497,273.5586,6.0,1.3409735e-06,0.5338073,0.46633464,0.50681883,0.53227764
56.8182,-110.9574,56.834,-110.427,D,2016,05,23,2016-05-23,443.9,100,1557.5,312.0,1,-1.9610159,-3.0211763,277.61865,278.07248,280.01297,273.34497,273.5586,6.0,1.3409735e-06,0.5338073,0.46633464,0.50681883,0.53227764
56.8115,-110.9855,56.834,-110.427,D,2016,05,23,2016-05-23,327.2,61,51.2,291.1,0,-1.9610159,-3.0211763,277.61865,278.07248,280.01297,273.34497,273.5586,6.0,1.3409735e-06,0.5338073,0.46633464,0.50681883,0.53227764
56.8741,-110.6477,56.834,-110.427,D,2016,05,23,2016-05-23,317.8,0,28.7,293.0,0,-1.9610159,-3.0211763,277.61865,278.07248,280.01297,273.34497,273.5586,6.0,1.3409735e-06,0.5338073,0.46633464,0.50681883,0.53227764
56.8543,-110.7296,56.834,-110.427,D,2016,05,23,2016-05-23,316.0,63,25.6,293.6,0,-1.9610159,-3.0211763,277.61865,278.07248,280.01297,273.34497,273.5586,6.0,1.3409735e-06,0.5338073,0.46633464,0.50681883,0.53227764
56.7869,-111.0071,56.834,-110.427,D,2016,05,23,2016-05-23,346.3,94,126.2,297.7,1,-1.9610159,-3.0211763,277.61865,278.07248,280.01297,273.34497,273.5586,6.0,1.3409735e-06,0.5338073,0.46633464,0.50681883,0.53227764
56.78,-111.0353,56.834,-110.427,D,2016,05,23,2016-05-23,396.2,100,574.3,303.8,1,-1.9610159,-3.0211763,277.61865,278.07248,280.01297,273.34497,273.5586,6.0,1.3409735e-06,0.5338073,0.46633464,0.50681883,0.53227764
56.7731,-111.0636,56.834,-110.427,D,2016,05,23,2016-05-23,337.9,90,96.6,290.9,1,-1.9610159,-3.0211763,277.61865,278.07248,280.01297,273.34497,273.5586,6.0,1.3409735e-06,0.5338073,0.46633464,0.50681883,0.53227764
56.8319,-110.8763,56.834,-110.427,D,2016,05,23,2016-05-23,316.6,59,25.6,293.4,0,-1.9610159,-3.0211763,277.61865,278.07248,280.01297,273.34497,273.5586,6.0,1.3409735e-06,0.5338073,0.46633464,0.50681883,0.53227764
56.8184,-110.9323,56.834,-110.427,D,2016,05,23,2016-05-23,342.1,92,105.4,297.0,1,-1.9610159,-3.0211763,277.61865,278.07248,280.01297,273.34497,273.5586,6.0,1.3409735e-06,0.5338073,0.46633464,0.50681883,0.53227764
56.8116,-110.9602,56.834,-110.427,D,2016,05,23,2016-05-23,319.5,44,32.1,293.5,0,-1.9610159,-3.0211763,277.61865,278.07248,280.01297,273.34497,273.5586,6.0,1.3409735e-06,0.5338073,0.46633464,0.50681883,0.53227764
56.8497,-110.8573,56.834,-110.427,D,2016,05,23,2016-05-23,350.3,96,143.7,295.7,1,-1.9610159,-3.0211763,277.61865,278.07248,280.01297,273.34497,273.5586,6.0,1.3409735e-06,0.5338073,0.46633464,0.50681883,0.53227764
56.8429,-110.8851,56.834,-110.427,D,2016,05,23,2016-05-23,333.1,88,70.7,294.2,0,-1.9610159,-3.0211763,277.61865,278.07248,280.01297,273.34497,273.5586,6.0,1.3409735e-06,0.5338073,0.46633464,0.50681883,0.53227764
56.8294,-110.9412,56.834,-110.427,D,2016,05,23,2016-05-23,413.1,100,828.5,305.6,1,-1.9610159,-3.0211763,277.61865,278.07248,280.01297,273.34497,273.5586,6.0,1.3409735e-06,0.5338073,0.46633464,0.50681883,0.53227764
56.8226,-110.9693,56.834,-110.427,D,2016,05,23,2016-05-23,425.7,100,1091.8,308.1,1,-1.9610159,-3.0211763,277.61865,278.07248,280.01297,273.34497,273.5586,6.0,1.3409735e-06,0.5338073,0.46633464,0.50681883,0.53227764
56.8653,-110.3764,56.834,-110.427,D,2016,05,23,2016-05-23,391.4,100,443.0,303.6,1,-1.9610159,-3.0211763,277.61865,278.07248,280.01297,273.34497,273.5586,6.0,1.3409735e-06,0.5338073,0.46633464,0.50681883,0.53227764
56.7363,-111.0487,56.834,-110.427,D,2016,05,23,2016-05-23,335.2,89,154.5,283.3,0,-1.9610159,-3.0211763,277.61865,278.07248,280.01297,273.34497,273.5586,6.0,1.3409735e-06,0.5338073,0.46633464,0.50681883,0.53227764
56.7368,-111.0538,56.834,-110.427,D,2016,05,23,2016-05-23,343.0,93,211.2,283.5,1,-1.9610159,-3.0211763,277.61865,278.07248,280.01297,273.34497,273.5586,6.0,1.3409735e-06,0.5338073,0.46633464,0.50681883,0.53227764
56.7528,-111.0093,56.834,-110.427,D,2016,05,23,2016-05-23,354.0,97,304.3,293.8,1,-1.9610159,-3.0211763,277.61865,278.07248,280.01297,273.34497,273.5586,6.0,1.3409735e-06,0.5338073,0.46633464,0.50681883,0.53227764
56.7513,-111.0556,56.834,-110.427,D,2016,05,23,2016-05-23,357.3,99,344.2,289.3,1,-1.9610159,-3.0211763,277.61865,278.07248,280.01297,273.34497,273.5586,6.0,1.3409735e-06,0.5338073,0.46633464,0.50681883,0.53227764
56.7658,-111.0571,56.834,-110.427,D,2016,05,23,2016-05-23,376.6,100,616.9,295.0,1,-1.9610159,-3.0211763,277.61865,278.07248,280.01297,273.34497,273.5586,6.0,1.3409735e-06,0.5338073,0.46633464,0.50681883,0.53227764
56.7644,-111.1032,56.834,-110.427,D,2016,05,23,2016-05-23,328.6,41,105.7,288.1,0,-1.9610159,-3.0211763,277.61865,278.07248,280.01297,273.34497,273.5586,6.0,1.3409735e-06,0.5338073,0.46633464,0.50681883,0.53227764
56.7803,-111.0585,56.834,-110.427,D,2016,05,23,2016-05-23,329.0,83,111.9,291.6,0,-1.9610159,-3.0211763,277.61865,278.07248,280.01297,273.34497,273.5586,6.0,1.3409735e-06,0.5338073,0.46633464,0.50681883,0.53227764
56.8317,-110.3372,56.834,-110.427,D,2016,05,23,2016-05-23,315.6,54,35.5,295.6,0,-1.9610159,-3.0211763,277.61865,278.07248,280.01297,273.34497,273.5586,6.0,1.3409735e-06,0.5338073,0.46633464,0.50681883,0.53227764
56.8125,-110.9675,56.834,-110.427,D,2016,05,23,2016-05-23,336.6,90,160.4,290.6,1,-1.9610159,-3.0211763,277.61865,278.07248,280.01297,273.34497,273.5586,6.0,1.3409735e-06,0.5338073,0.46633464,0.50681883,0.53227764
56.8467,-110.3384,56.834,-110.427,D,2016,05,23,2016-05-23,326.8,47,84.4,297.4,0,-1.9610159,-3.0211763,277.61865,278.07248,280.01297,273.34497,273.5586,6.0,1.3409735e-06,0.5338073,0.46633464,0.50681883,0.53227764
56.8438,-110.4374,56.834,-110.427,D,2016,05,23,2016-05-23,362.1,100,429.3,292.8,1,-1.9610159,-3.0211763,277.61865,278.07248,280.01297,273.34497,273.5586,6.0,1.3409735e-06,0.5338073,0.46633464,0.50681883,0.53227764
56.8424,-110.4875,56.834,-110.427,D,2016,05,23,2016-05-23,318.8,20,63.2,288.3,0,-1.9610159,-3.0211763,277.61865,278.07248,280.01297,273.34497,273.5586,6.0,1.3409735e-06,0.5338073,0.46633464,0.50681883,0.53227764
56.8286,-110.9218,56.834,-110.427,D,2016,05,23,2016-05-23,353.4,97,300.5,293.4,1,-1.9610159,-3.0211763,277.61865,278.07248,280.01297,273.34497,273.5586,6.0,1.3409735e-06,0.5338073,0.46633464,0.50681883,0.53227764
56.8271,-110.9687,56.834,-110.427,D,2016,05,23,2016-05-23,358.2,99,355.0,294.7,1,-1.9610159,-3.0211763,277.61865,278.07248,280.01297,273.34497,273.5586,6.0,1.3409735e-06,0.5338073,0.46633464,0.50681883,0.53227764
56.7844,-111.0206,56.834,-110.427,D,2016,05,23,2016-05-23,319.0,49,61.0,291.6,0,-1.9610159,-3.0211763,277.61865,278.07248,280.01297,273.34497,273.5586,6.0,1.3409735e-06,0.5338073,0.46633464,0.50681883,0.53227764
56.8316,-110.3457,56.834,-110.427,D,2016,05,23,2016-05-23,317.7,55,44.5,295.3,0,-1.9610159,-3.0211763,277.61865,278.07248,280.01297,273.34497,273.5586,6.0,1.3409735e-06,0.5338073,0.46633464,0.50681883,0.53227764
56.8162,-110.9291,56.834,-110.427,D,2016,05,23,2016-05-23,331.9,72,123.3,290.4,0,-1.9610159,-3.0211763,277.61865,278.07248,280.01297,273.34497,273.5586,6.0,1.3409735e-06,0.5338073,0.46633464,0.50681883,0.53227764
56.8148,-110.9761,56.834,-110.427,D,2016,05,23,2016-05-23,347.2,95,237.4,291.4,1,-1.9610159,-3.0211763,277.61865,278.07248,280.01297,273.34497,273.5586,6.0,1.3409735e-06,0.5338073,0.46633464,0.50681883,0.53227764
56.8466,-110.3469,56.834,-110.427,D,2016,05,23,2016-05-23,333.1,81,127.4,296.6,0,-1.9610159,-3.0211763,277.61865,278.07248,280.01297,273.34497,273.5586,6.0,1.3409735e-06,0.5338073,0.46633464,0.50681883,0.53227764
56.8453,-110.3966,56.834,-110.427,D,2016,05,23,2016-05-23,348.0,95,256.4,287.8,1,-1.9610159,-3.0211763,277.61865,278.07248,280.01297,273.34497,273.5586,6.0,1.3409735e-06,0.5338073,0.46633464,0.50681883,0.53227764
56.8441,-110.4463,56.834,-110.427,D,2016,05,23,2016-05-23,359.0,99,389.2,292.9,1,-1.9610159,-3.0211763,277.61865,278.07248,280.01297,273.34497,273.5586,6.0,1.3409735e-06,0.5338073,0.46633464,0.50681883,0.53227764
56.8308,-110.9305,56.834,-110.427,D,2016,05,23,2016-05-23,358.8,99,368.0,294.2,1,-1.9610159,-3.0211763,277.61865,278.07248,280.01297,273.34497,273.5586,6.0,1.3409735e-06,0.5338073,0.46633464,0.50681883,0.53227764
56.8294,-110.9775,56.834,-110.427,D,2016,05,23,2016-05-23,335.6,89,151.6,293.8,0,-1.9610159,-3.0211763,277.61865,278.07248,280.01297,273.34497,273.5586,6.0,1.3409735e-06,0.5338073,0.46633464,0.50681883,0.53227764
56.8603,-110.3984,56.834,-110.427,D,2016,05,23,2016-05-23,376.1,100,655.8,295.8,1,-1.9610159,-3.0211763,277.61865,278.07248,280.01297,273.34497,273.5586,6.0,1.3409735e-06,0.5338073,0.46633464,0.50681883,0.53227764
56.859,-110.4475,56.834,-110.427,D,2016,05,23,2016-05-23,329.1,67,110.4,289.0,0,-1.9610159,-3.0211763,277.61865,278.07248,280.01297,273.34497,273.5586,6.0,1.3409735e-06,0.5338073,0.46633464,0.50681883,0.53227764
56.851,-110.7415,56.834,-110.427,D,2016,05,23,2016-05-23,313.4,38,40.5,292.3,0,-1.9610159,-3.0211763,277.61865,278.07248,280.01297,273.34497,273.5586,6.0,1.3409735e-06,0.5338073,0.46633464,0.50681883,0.53227764
56.8468,-110.8851,56.834,-110.427,D,2016,05,23,2016-05-23,322.0,80,79.4,292.0,0,-1.9610159,-3.0211763,277.61865,278.07248,280.01297,273.34497,273.5586,6.0,1.3409735e-06,0.5338073,0.46633464,0.50681883,0.53227764
56.8454,-110.9322,56.834,-110.427,D,2016,05,23,2016-05-23,320.1,79,72.4,292.9,0,-1.9610159,-3.0211763,277.61865,278.07248,280.01297,273.34497,273.5586,6.0,1.3409735e-06,0.5338073,0.46633464,0.50681883,0.53227764
56.8765,-110.3496,56.834,-110.427,D,2016,05,23,2016-05-23,345.6,94,236.7,296.1,1,-1.9610159,-3.0211763,277.61865,278.07248,280.01297,273.34497,273.5586,6.0,1.3409735e-06,0.5338073,0.46633464,0.50681883,0.53227764
56.8752,-110.3994,56.834,-110.427,D,2016,05,23,2016-05-23,356.2,98,353.1,293.2,1,-1.9610159,-3.0211763,277.61865,278.07248,280.01297,273.34497,273.5586,6.0,1.3409735e-06,0.5338073,0.46633464,0.50681883,0.53227764
56.8657,-110.743,56.834,-110.427,D,2016,05,23,2016-05-23,360.0,99,391.9,295.5,1,-1.9610159,-3.0211763,277.61865,278.07248,280.01297,273.34497,273.5586,6.0,1.3409735e-06,0.5338073,0.46633464,0.50681883,0.53227764
56.8902,-110.4003,56.834,-110.427,D,2016,05,23,2016-05-23,339.3,91,190.8,293.6,1,-1.9610159,-3.0211763,277.61865,278.07248,280.01297,273.34497,273.5586,6.0,1.3409735e-06,0.5338073,0.46633464,0.50681883,0.53227764
56.8804,-110.7445,56.834,-110.427,D,2016,05,23,2016-05-23,336.4,90,163.4,294.9,1,-1.9610159,-3.0211763,277.61865,278.07248,280.01297,273.34497,273.5586,6.0,1.3409735e-06,0.5338073,0.46633464,0.50681883,0.53227764
56.8879,-110.4043,56.834,-110.427,D,2016,05,23,2016-05-23,338.4,91,183.8,293.9,1,-1.9610159,-3.0211763,277.61865,278.07248,280.01297,273.34497,273.5586,6.0,1.3409735e-06,0.5338073,0.46633464,0.50681883,0.53227764
56.8796,-110.7486,56.834,-110.427,D,2016,05,23,2016-05-23,324.9,62,89.9,294.9,0,-1.9610159,-3.0211763,277.61865,278.07248,280.01297,273.34497,273.5586,6.0,1.3409735e-06,0.5338073,0.46633464,0.50681883,0.53227764
56.5341,-110.273,56.258,-108.324,N,2016,05,24,2016-05-24,320.9,100,23.7,282.6,1,0.12429899,3.0710754,289.9191,287.15677,282.5764,280.2644,273.1044,1.0,0.0,0.20304033,0.16851275,0.14686243,0.19680022
56.7603,-109.9839,56.258,-108.324,N,2016,05,24,2016-05-24,314.8,29,15.1,277.3,0,0.12429899,3.0710754,289.9191,287.15677,282.5764,280.2644,273.1044,1.0,0.0,0.20304033,0.16851275,0.14686243,0.19680022
56.7954,-110.003,56.258,-108.324,N,2016,05,24,2016-05-24,301.4,11,7.6,277.5,0,0.12429899,3.0710754,289.9191,287.15677,282.5764,280.2644,273.1044,1.0,0.0,0.20304033,0.16851275,0.14686243,0.19680022
56.7765,-111.0269,56.258,-108.324,N,2016,05,24,2016-05-24,308.4,32,11.5,280.6,0,0.12429899,3.0710754,289.9191,287.15677,282.5764,280.2644,273.1044,1.0,0.0,0.20304033,0.16851275,0.14686243,0.19680022
56.823,-110.4139,56.258,-108.324,N,2016,05,24,2016-05-24,309.7,42,12.5,279.3,0,0.12429899,3.0710754,289.9191,287.15677,282.5764,280.2644,273.1044,1.0,0.0,0.20304033,0.16851275,0.14686243,0.19680022
56.8479,-110.3206,56.258,-108.324,N,2016,05,24,2016-05-24,307.2,69,12.4,269.5,0,0.12429899,3.0710754,289.9191,287.15677,282.5764,280.2644,273.1044,1.0,0.0,0.20304033,0.16851275,0.14686243,0.19680022
56.8425,-110.3533,56.258,-108.324,N,2016,05,24,2016-05-24,313.4,47,15.2,276.3,0,0.12429899,3.0710754,289.9191,287.15677,282.5764,280.2644,273.1044,1.0,0.0,0.20304033,0.16851275,0.14686243,0.19680022
56.8399,-110.3697,56.258,-108.324,N,2016,05,24,2016-05-24,320.4,93,21.2,278.5,1,0.12429899,3.0710754,289.9191,287.15677,282.5764,280.2644,273.1044,1.0,0.0,0.20304033,0.16851275,0.14686243,0.19680022
56.8372,-110.386,56.258,-108.324,N,2016,05,24,2016-05-24,323.0,79,22.8,281.8,0,0.12429899,3.0710754,289.9191,287.15677,282.5764,280.2644,273.1044,1.0,0.0,0.20304033,0.16851275,0.14686243,0.19680022
56.8345,-110.4024,56.258,-108.324,N,2016,05,24,2016-05-24,333.0,100,35.4,285.6,1,0.12429899,3.0710754,289.9191,287.15677,282.5764,280.2644,273.1044,1.0,0.0,0.20304033,0.16851275,0.14686243,0.19680022
56.8318,-110.4188,56.258,-108.324,N,2016,05,24,2016-05-24,336.6,100,40.3,282.7,1,0.12429899,3.0710754,289.9191,287.15677,282.5764,280.2644,273.1044,1.0,0.0,0.20304033,0.16851275,0.14686243,0.19680022
56.8292,-110.4352,56.258,-108.324,N,2016,05,24,2016-05-24,326.8,87,27.3,281.3,0,0.12429899,3.0710754,289.9191,287.15677,282.5764,280.2644,273.1044,1.0,0.0,0.20304033,0.16851275,0.14686243,0.19680022
56.8567,-110.3254,56.258,-108.324,N,2016,05,24,2016-05-24,315.1,65,16.7,271.0,0,0.12429899,3.0710754,289.9191,287.15677,282.5764,280.2644,273.1044,1.0,0.0,0.20304033,0.16851275,0.14686243,0.19680022
56.854,-110.3418,56.258,-108.324,N,2016,05,24,2016-05-24,313.7,56,15.1,273.5,0,0.12429899,3.0710754,289.9191,287.15677,282.5764,280.2644,273.1044,1.0,0.0,0.20304033,0.16851275,0.14686243,0.19680022
56.8514,-110.3582,56.258,-108.324,N,2016,05,24,2016-05-24,313.3,51,14.3,277.7,0,0.12429899,3.0710754,289.9191,287.15677,282.5764,280.2644,273.1044,1.0,0.0,0.20304033,0.16851275,0.14686243,0.19680022
56.8487,-110.3745,56.258,-108.324,N,2016,05,24,2016-05-24,323.1,100,23.7,281.4,1,0.12429899,3.0710754,289.9191,287.15677,282.5764,280.2644,273.1044,1.0,0.0,0.20304033,0.16851275,0.14686243,0.19680022
56.846,-110.391,56.258,-108.324,N,2016,05,24,2016-05-24,338.3,100,43.0,284.3,1,0.12429899,3.0710754,289.9191,287.15677,282.5764,280.2644,273.1044,1.0,0.0,0.20304033,0.16851275,0.14686243,0.19680022
56.8433,-110.4073,56.258,-108.324,N,2016,05,24,2016-05-24,356.4,100,80.9,287.0,1,0.12429899,3.0710754,289.9191,287.15677,282.5764,280.2644,273.1044,1.0,0.0,0.20304033,0.16851275,0.14686243,0.19680022
56.8406,-110.4237,56.258,-108.324,N,2016,05,24,2016-05-24,335.6,100,38.0,284.3,1,0.12429899,3.0710754,289.9191,287.15677,282.5764,280.2644,273.1044,1.0,0.0,0.20304033,0.16851275,0.14686243,0.19680022
56.9154,-110.0208,56.258,-108.324,N,2016,05,24,2016-05-24,301.1,37,8.2,276.3,0,0.12429899,3.0710754,289.9191,287.15677,282.5764,280.2644,273.1044,1.0,0.0,0.20304033,0.16851275,0.14686243,0.19680022
56.8468,-110.4449,56.258,-108.324,N,2016,05,24,2016-05-24,312.8,53,13.3,283.4,0,0.12429899,3.0710754,289.9191,287.15677,282.5764,280.2644,273.1044,1.0,0.0,0.20304033,0.16851275,0.14686243,0.19680022
56.9223,-110.031,56.258,-108.324,N,2016,05,24,2016-05-24,314.4,89,18.1,276.4,0,0.12429899,3.0710754,289.9191,287.15677,282.5764,280.2644,273.1044,1.0,0.0,0.20304033,0.16851275,0.14686243,0.19680022
56.8531,-110.455,56.258,-108.324,N,2016,05,24,2016-05-24,312.0,46,13.4,283.1,0,0.12429899,3.0710754,289.9191,287.15677,282.5764,280.2644,273.1044,1.0,0.0,0.20304033,0.16851275,0.14686243,0.19680022
56.87,-110.4107,56.258,-108.324,N,2016,05,24,2016-05-24,320.1,58,19.9,285.4,0,0.12429899,3.0710754,289.9191,287.15677,282.5764,280.2644,273.1044,1.0,0.0,0.20304033,0.16851275,0.14686243,0.19680022
56.8673,-110.4271,56.258,-108.324,N,2016,05,24,2016-05-24,328.7,81,29.5,285.9,0,0.12429899,3.0710754,289.9191,287.15677,282.5764,280.2644,273.1044,1.0,0.0,0.20304033,0.16851275,0.14686243,0.19680022
56.932,-110.0892,56.258,-108.324,N,2016,05,24,2016-05-24,339.6,100,47.3,286.4,1,0.12429899,3.0710754,289.9191,287.15677,282.5764,280.2644,273.1044,1.0,0.0,0.20304033,0.16851275,0.14686243,0.19680022
56.9294,-110.1055,56.258,-108.324,N,2016,05,24,2016-05-24,306.7,29,10.5,279.4,0,0.12429899,3.0710754,289.9191,287.15677,282.5764,280.2644,273.1044,1.0,0.0,0.20304033,0.16851275,0.14686243,0.19680022
56.9003,-110.2848,56.258,-108.324,N,2016,05,24,2016-05-24,342.8,100,54.3,273.4,1,0.12429899,3.0710754,289.9191,287.15677,282.5764,280.2644,273.1044,1.0,0.0,0.20304033,0.16851275,0.14686243,0.19680022
56.8976,-110.3011,56.258,-108.324,N,2016,05,24,2016-05-24,374.3,100,140.7,279.8,1,0.12429899,3.0710754,289.9191,287.15677,282.5764,280.2644,273.1044,1.0,0.0,0.20304033,0.16851275,0.14686243,0.19680022
56.8869,-110.3665,56.258,-108.324,N,2016,05,24,2016-05-24,318.9,27,17.6,279.0,0,0.12429899,3.0710754,289.9191,287.15677,282.5764,280.2644,273.1044,1.0,0.0,0.20304033,0.16851275,0.14686243,0.19680022
56.8788,-110.4156,56.258,-108.324,N,2016,05,24,2016-05-24,315.7,38,14.9,284.8,0,0.12429899,3.0710754,289.9191,287.15677,282.5764,280.2644,273.1044,1.0,0.0,0.20304033,0.16851275,0.14686243,0.19680022
56.7737,-111.0436,56.258,-108.324,N,2016,05,24,2016-05-24,315.2,45,16.3,284.7,0,0.12429899,3.0710754,289.9191,287.15677,282.5764,280.2644,273.1044,1.0,0.0,0.20304033,0.16851275,0.14686243,0.19680022
56.7708,-111.0603,56.258,-108.324,N,2016,05,24,2016-05-24,311.9,27,13.8,282.4,0,0.12429899,3.0710754,289.9191,287.15677,282.5764,280.2644,273.1044,1.0,0.0,0.20304033,0.16851275,0.14686243,0.19680022
56.9408,-110.094,56.258,-108.324,N,2016,05,24,2016-05-24,379.8,100,160.4,284.7,1,0.12429899,3.0710754,289.9191,287.15677,282.5764,280.2644,273.1044,1.0,0.0,0.20304033,0.16851275,0.14686243,0.19680022
56.9381,-110.1103,56.258,-108.324,N,2016,05,24,2016-05-24,342.1,100,51.7,279.7,1,0.12429899,3.0710754,289.9191,287.15677,282.5764,280.2644,273.1044,1.0,0.0,0.20304033,0.16851275,0.14686243,0.19680022
56.9091,-110.2896,56.258,-108.324,N,2016,05,24,2016-05-24,316.8,94,19.2,271.0,1,0.12429899,3.0710754,289.9191,287.15677,282.5764,280.2644,273.1044,1.0,0.0,0.20304033,0.16851275,0.14686243,0.19680022
56.9064,-110.3059,56.258,-108.324,N,2016,05,24,2016-05-24,372.0,100,131.9,274.6,1,0.12429899,3.0710754,289.9191,287.15677,282.5764,280.2644,273.1044,1.0,0.0,0.20304033,0.16851275,0.14686243,0.19680022
56.893,-110.3878,56.258,-108.324,N,2016,05,24,2016-05-24,323.4,66,22.4,285.1,0,0.12429899,3.0710754,289.9191,287.15677,282.5764,280.2644,273.1044,1.0,0.0,0.20304033,0.16851275,0.14686243,0.19680022
56.8903,-110.4042,56.258,-108.324,N,2016,05,24,2016-05-24,320.6,0,15.1,286.4,0,0.12429899,3.0710754,289.9191,287.15677,282.5764,280.2644,273.1044,1.0,0.0,0.20304033,0.16851275,0.14686243,0.19680022
56.8876,-110.4205,56.258,-108.324,N,2016,05,24,2016-05-24,331.7,99,32.7,287.9,1,0.12429899,3.0710754,289.9191,287.15677,282.5764,280.2644,273.1044,1.0,0.0,0.20304033,0.16851275,0.14686243,0.19680022
56.7826,-111.0487,56.258,-108.324,N,2016,05,24,2016-05-24,321.8,0,21.9,286.6,0,0.12429899,3.0710754,289.9191,287.15677,282.5764,280.2644,273.1044,1.0,0.0,0.20304033,0.16851275,0.14686243,0.19680022
56.7797,-111.0654,56.258,-108.324,N,2016,05,24,2016-05-24,323.7,51,24.9,287.7,0,0.12429899,3.0710754,289.9191,287.15677,282.5764,280.2644,273.1044,1.0,0.0,0.20304033,0.16851275,0.14686243,0.19680022
56.7769,-111.0821,56.258,-108.324,N,2016,05,24,2016-05-24,313.8,61,16.3,282.9,0,0.12429899,3.0710754,289.9191,287.15677,282.5764,280.2644,273.1044,1.0,0.0,0.20304033,0.16851275,0.14686243,0.19680022
56.9443,-110.1314,56.258,-108.324,N,2016,05,24,2016-05-24,324.2,79,24.8,278.2,0,0.12429899,3.0710754,289.9191,287.15677,282.5764,280.2644,273.1044,1.0,0.0,0.20304033,0.16851275,0.14686243,0.19680022
56.9417,-110.1476,56.258,-108.324,N,2016,05,24,2016-05-24,333.9,96,37.1,275.8,1,0.12429899,3.0710754,289.9191,287.15677,282.5764,280.2644,273.1044,1.0,0.0,0.20304033,0.16851275,0.14686243,0.19680022
56.9072,-110.3599,56.258,-108.324,N,2016,05,24,2016-05-24,360.3,100,91.6,281.6,1,0.12429899,3.0710754,289.9191,287.15677,282.5764,280.2644,273.1044,1.0,0.0,0.20304033,0.16851275,0.14686243,0.19680022
56.9045,-110.3763,56.258,-108.324,N,2016,05,24,2016-05-24,405.7,100,302.2,300.7,1,0.12429899,3.0710754,289.9191,287.15677,282.5764,280.2644,273.1044,1.0,0.0,0.20304033,0.16851275,0.14686243,0.19680022
56.9018,-110.3927,56.258,-108.324,N,2016,05,24,2016-05-24,381.2,100,164.4,296.1,1,0.12429899,3.0710754,289.9191,287.15677,282.5764,280.2644,273.1044,1.0,0.0,0.20304033,0.16851275,0.14686243,0.19680022
56.8991,-110.409,56.258,-108.324,N,2016,05,24,2016-05-24,383.6,100,175.3,297.5,1,0.12429899,3.0710754,289.9191,287.15677,282.5764,280.2644,273.1044,1.0,0.0,0.20304033,0.16851275,0.14686243,0.19680022
56.8965,-110.4253,56.258,-108.324,N,2016,05,24,2016-05-24,402.0,100,279.6,304.7,1,0.12429899,3.0710754,289.9191,287.15677,282.5764,280.2644,273.1044,1.0,0.0,0.20304033,0.16851275,0.14686243,0.19680022
56.7971,-111.0204,56.258,-108.324,N,2016,05,24,2016-05-24,311.8,27,14.0,281.4,0,0.12429899,3.0710754,289.9191,287.15677,282.5764,280.2644,273.1044,1.0,0.0,0.20304033,0.16851275,0.14686243,0.19680022
56.7857,-111.0872,56.258,-108.324,N,2016,05,24,2016-05-24,312.9,86,15.8,282.7,0,0.12429899,3.0710754,289.9191,287.15677,282.5764,280.2644,273.1044,1.0,0.0,0.20304033,0.16851275,0.14686243,0.19680022
56.9504,-110.1525,56.258,-108.324,N,2016,05,24,2016-05-24,335.9,100,40.6,272.7,1,0.12429899,3.0710754,289.9191,287.15677,282.5764,280.2644,273.1044,1.0,0.0,0.20304033,0.16851275,0.14686243,0.19680022
56.9478,-110.1687,56.258,-108.324,N,2016,05,24,2016-05-24,316.7,59,17.7,268.5,0,0.12429899,3.0710754,289.9191,287.15677,282.5764,280.2644,273.1044,1.0,0.0,0.20304033,0.16851275,0.14686243,0.19680022
56.9452,-110.185,56.258,-108.324,N,2016,05,24,2016-05-24,344.4,100,55.8,271.6,1,0.12429899,3.0710754,289.9191,287.15677,282.5764,280.2644,273.1044,1.0,0.0,0.20304033,0.16851275,0.14686243,0.19680022
56.9425,-110.2013,56.258,-108.324,N,2016,05,24,2016-05-24,347.9,100,63.5,278.3,1,0.12429899,3.0710754,289.9191,287.15677,282.5764,280.2644,273.1044,1.0,0.0,0.20304033,0.16851275,0.14686243,0.19680022
56.9399,-110.2177,56.258,-108.324,N,2016,05,24,2016-05-24,307.6,68,12.0,277.8,0,0.12429899,3.0710754,289.9191,287.15677,282.5764,280.2644,273.1044,1.0,0.0,0.20304033,0.16851275,0.14686243,0.19680022
56.916,-110.3648,56.258,-108.324,N,2016,05,24,2016-05-24,399.8,100,264.5,289.8,1,0.12429899,3.0710754,289.9191,287.15677,282.5764,280.2644,273.1044,1.0,0.0,0.20304033,0.16851275,0.14686243,0.19680022
56.9133,-110.3811,56.258,-108.324,N,2016,05,24,2016-05-24,431.5,100,524.9,300.1,1,0.12429899,3.0710754,289.9191,287.15677,282.5764,280.2644,273.1044,1.0,0.0,0.20304033,0.16851275,0.14686243,0.19680022
56.9106,-110.3975,56.258,-108.324,N,2016,05,24,2016-05-24,379.9,100,160.4,289.0,1,0.12429899,3.0710754,289.9191,287.15677,282.5764,280.2644,273.1044,1.0,0.0,0.20304033,0.16851275,0.14686243,0.19680022
56.9079,-110.4138,56.258,-108.324,N,2016,05,24,2016-05-24,365.3,100,106.5,287.5,1,0.12429899,3.0710754,289.9191,287.15677,282.5764,280.2644,273.1044,1.0,0.0,0.20304033,0.16851275,0.14686243,0.19680022
56.9053,-110.4302,56.258,-108.324,N,2016,05,24,2016-05-24,403.9,100,293.3,293.5,1,0.12429899,3.0710754,289.9191,287.15677,282.5764,280.2644,273.1044,1.0,0.0,0.20304033,0.16851275,0.14686243,0.19680022
56.7946,-111.0923,56.258,-108.324,N,2016,05,24,2016-05-24,306.7,69,11.4,282.3,0,0.12429899,3.0710754,289.9191,287.15677,282.5764,280.2644,273.1044,1.0,0.0,0.20304033,0.16851275,0.14686243,0.19680022
56.9539,-110.1899,56.258,-108.324,N,2016,05,24,2016-05-24,303.7,13,8.6,270.1,0,0.12429899,3.0710754,289.9191,287.15677,282.5764,280.2644,273.1044,1.0,0.0,0.20304033,0.16851275,0.14686243,0.19680022
56.9513,-110.2062,56.258,-108.324,N,2016,05,24,2016-05-24,336.6,100,42.7,275.7,1,0.12429899,3.0710754,289.9191,287.15677,282.5764,280.2644,273.1044,1.0,0.0,0.20304033,0.16851275,0.14686243,0.19680022
56.8346,-110.9139,56.258,-108.324,N,2016,05,24,2016-05-24,303.6,32,8.8,279.2,0,0.12429899,3.0710754,289.9191,287.15677,282.5764,280.2644,273.1044,1.0,0.0,0.20304033,0.16851275,0.14686243,0.19680022
56.8261,-110.9639,56.258,-108.324,N,2016,05,24,2016-05-24,321.7,100,24.0,281.9,1,0.12429899,3.0710754,289.9191,287.15677,282.5764,280.2644,273.1044,1.0,0.0,0.20304033,0.16851275,0.14686243,0.19680022
56.8233,-110.9805,56.258,-108.324,N,2016,05,24,2016-05-24,343.0,100,56.1,285.7,1,0.12429899,3.0710754,289.9191,287.15677,282.5764,280.2644,273.1044,1.0,0.0,0.20304033,0.16851275,0.14686243,0.19680022
56.8205,-110.9972,56.258,-108.324,N,2016,05,24,2016-05-24,324.5,100,27.6,280.7,1,0.12429899,3.0710754,289.9191,287.15677,282.5764,280.2644,273.1044,1.0,0.0,0.20304033,0.16851275,0.14686243,0.19680022
56.835,-110.9689,56.258,-108.324,N,2016,05,24,2016-05-24,306.3,54,10.8,280.3,0,0.12429899,3.0710754,289.9191,287.15677,282.5764,280.2644,273.1044,1.0,0.0,0.20304033,0.16851275,0.14686243,0.19680022
56.8322,-110.9856,56.258,-108.324,N,2016,05,24,2016-05-24,364.3,100,110.7,285.7,1,0.12429899,3.0710754,289.9191,287.15677,282.5764,280.2644,273.1044,1.0,0.0,0.20304033,0.16851275,0.14686243,0.19680022
56.8294,-111.0023,56.258,-108.324,N,2016,05,24,2016-05-24,324.8,100,28.2,281.1,1,0.12429899,3.0710754,289.9191,287.15677,282.5764,280.2644,273.1044,1.0,0.0,0.20304033,0.16851275,0.14686243,0.19680022
56.8634,-110.8574,56.258,-108.324,N,2016,05,24,2016-05-24,313.1,85,16.0,280.6,0,0.12429899,3.0710754,289.9191,287.15677,282.5764,280.2644,273.1044,1.0,0.0,0.20304033,0.16851275,0.14686243,0.19680022
56.8606,-110.874,56.258,-108.324,N,2016,05,24,2016-05-24,322.6,100,25.5,283.1,1,0.12429899,3.0710754,289.9191,287.15677,282.5764,280.2644,273.1044,1.0,0.0,0.20304033,0.16851275,0.14686243,0.19680022
56.9089,-110.3751,56.258,-108.324,N,2016,05,24,2016-05-24,309.1,75,49.4,278.1,0,0.12429899,3.0710754,289.9191,287.15677,282.5764,280.2644,273.1044,1.0,0.0,0.20304033,0.16851275,0.14686243,0.19680022
56.9227,-110.3731,56.258,-108.324,N,2016,05,24,2016-05-24,302.0,14,32.1,277.0,0,0.12429899,3.0710754,289.9191,287.15677,282.5764,280.2644,273.1044,1.0,0.0,0.20304033,0.16851275,0.14686243,0.19680022
56.8377,-110.9516,56.258,-108.324,N,2016,05,24,2016-05-24,315.9,92,74.9,274.8,1,0.12429899,3.0710754,289.9191,287.15677,282.5764,280.2644,273.1044,1.0,0.0,0.20304033,0.16851275,0.14686243,0.19680022
56.8394,-110.9953,56.258,-108.324,N,2016,05,24,2016-05-24,326.9,100,120.9,275.3,1,0.12429899,3.0710754,289.9191,287.15677,282.5764,280.2644,273.1044,1.0,0.0,0.20304033,0.16851275,0.14686243,0.19680022
56.8304,-110.993,56.258,-108.324,N,2016,05,24,2016-05-24,306.5,68,47.7,275.2,0,0.12429899,3.0710754,289.9191,287.15677,282.5764,280.2644,273.1044,1.0,0.0,0.20304033,0.16851275,0.14686243,0.19680022
56.8429,-110.9472,56.258,-108.324,N,2016,05,24,2016-05-24,303.7,54,39.2,273.5,0,0.12429899,3.0710754,289.9191,287.15677,282.5764,280.2644,273.1044,1.0,0.0,0.20304033,0.16851275,0.14686243,0.19680022
56.8445,-110.9911,56.258,-108.324,N,2016,05,24,2016-05-24,323.8,100,106.8,275.0,1,0.12429899,3.0710754,289.9191,287.15677,282.5764,280.2644,273.1044,1.0,0.0,0.20304033,0.16851275,0.14686243,0.19680022
56.8385,-110.9712,56.258,-108.324,N,2016,05,24,2016-05-24,305.9,66,32.0,271.9,0,0.12429899,3.0710754,289.9191,287.15677,282.5764,280.2644,273.1044,1.0,0.0,0.20304033,0.16851275,0.14686243,0.19680022
56.8301,-110.9741,56.258,-108.324,N,2016,05,24,2016-05-24,312.8,86,46.1,273.2,0,0.12429899,3.0710754,289.9191,287.15677,282.5764,280.2644,273.1044,1.0,0.0,0.20304033,0.16851275,0.14686243,0.19680022
56.9628,-111.6007,56.806,-110.879,D,2016,05,24,2016-05-24,321.7,70,24.2,295.0,0,-1.7403668,2.0435748,277.42926,277.64792,280.68124,272.41788,273.7894,6.0,0.0,0.5597205,0.5235006,0.55825603,0.5848813
56.8736,-110.9015,56.806,-110.879,D,2016,05,24,2016-05-24,324.0,49,24.5,290.5,0,-1.7403668,2.0435748,277.42926,277.64792,280.68124,272.41788,273.7894,6.0,0.0,0.5597205,0.5235006,0.55825603,0.5848813
56.8716,-110.8808,56.806,-110.879,D,2016,05,24,2016-05-24,337.4,87,48.6,290.3,0,-1.7403668,2.0435748,277.42926,277.64792,280.68124,272.41788,273.7894,6.0,0.0,0.5597205,0.5235006,0.55825603,0.5848813
56.8616,-110.8841,56.806,-110.879,D,2016,05,24,2016-05-24,356.7,98,100.8,295.7,1,-1.7403668,2.0435748,277.42926,277.64792,280.68124,272.41788,273.7894,6.0,0.0,0.5597205,0.5235006,0.55825603,0.5848813
56.8595,-110.8635,56.806,-110.879,D,2016,05,24,2016-05-24,355.7,98,96.1,295.2,1,-1.7403668,2.0435748,277.42926,277.64792,280.68124,272.41788,273.7894,6.0,0.0,0.5597205,0.5235006,0.55825603,0.5848813
56.8702,-111.075,56.806,-110.879,D,2016,05,24,2016-05-24,342.7,93,67.5,292.5,1,-1.7403668,2.0435748,277.42926,277.64792,280.68124,272.41788,273.7894,6.0,0.0,0.5597205,0.5235006,0.55825603,0.5848813
56.8681,-111.054,56.806,-110.879,D,2016,05,24,2016-05-24,314.5,72,16.3,290.6,0,-1.7403668,2.0435748,277.42926,277.64792,280.68124,272.41788,273.7894,6.0,0.0,0.5597205,0.5235006,0.55825603,0.5848813
56.8454,-110.8256,56.806,-110.879,D,2016,05,24,2016-05-24,333.1,85,35.6,294.5,0,-1.7403668,2.0435748,277.42926,277.64792,280.68124,272.41788,273.7894,6.0,0.0,0.5597205,0.5235006,0.55825603,0.5848813
56.8396,-110.8701,56.806,-110.879,D,2016,05,24,2016-05-24,328.1,72,24.8,292.8,0,-1.7403668,2.0435748,277.42926,277.64792,280.68124,272.41788,273.7894,6.0,0.0,0.5597205,0.5235006,0.55825603,0.5848813
56.8413,-110.8762,56.806,-110.879,D,2016,05,24,2016-05-24,327.0,80,22.6,293.7,0,-1.7403668,2.0435748,277.42926,277.64792,280.68124,272.41788,273.7894,6.0,0.0,0.5597205,0.5235006,0.55825603,0.5848813
56.8441,-111.0038,56.806,-110.879,D,2016,05,24,2016-05-24,322.8,80,24.0,292.5,0,-1.7403668,2.0435748,277.42926,277.64792,280.68124,272.41788,273.7894,6.0,0.0,0.5597205,0.5235006,0.55825603,0.5848813
56.842,-110.983,56.806,-110.879,D,2016,05,24,2016-05-24,424.4,100,613.5,308.2,1,-1.7403668,2.0435748,277.42926,277.64792,280.68124,272.41788,273.7894,6.0,0.0,0.5597205,0.5235006,0.55825603,0.5848813
56.8398,-110.9623,56.806,-110.879,D,2016,05,24,2016-05-24,338.2,89,46.8,295.8,0,-1.7403668,2.0435748,277.42926,277.64792,280.68124,272.41788,273.7894,6.0,0.0,0.5597205,0.5235006,0.55825603,0.5848813
56.8377,-110.9416,56.806,-110.879,D,2016,05,24,2016-05-24,347.0,94,68.8,296.2,1,-1.7403668,2.0435748,277.42926,277.64792,280.68124,272.41788,273.7894,6.0,0.0,0.5597205,0.5235006,0.55825603,0.5848813
56.8356,-110.9209,56.806,-110.879,D,2016,05,24,2016-05-24,327.6,71,25.6,297.6,0,-1.7403668,2.0435748,277.42926,277.64792,280.68124,272.41788,273.7894,6.0,0.0,0.5597205,0.5235006,0.55825603,0.5848813
56.7702,-111.0769,56.806,-110.879,D,2016,05,24,2016-05-24,351.3,96,83.4,298.1,1,-1.7403668,2.0435748,277.42926,277.64792,280.68124,272.41788,273.7894,6.0,0.0,0.5597205,0.5235006,0.55825603,0.5848813
56.8573,-111.2385,56.806,-110.879,D,2016,05,24,2016-05-24,316.3,45,10.9,296.9,0,-1.7403668,2.0435748,277.42926,277.64792,280.68124,272.41788,273.7894,6.0,0.0,0.5597205,0.5235006,0.55825603,0.5848813
56.8341,-111.0071,56.806,-110.879,D,2016,05,24,2016-05-24,353.9,97,93.4,296.4,1,-1.7403668,2.0435748,277.42926,277.64792,280.68124,272.41788,273.7894,6.0,0.0,0.5597205,0.5235006,0.55825603,0.5848813
56.832,-110.9863,56.806,-110.879,D,2016,05,24,2016-05-24,500.0,100,2290.4,331.2,1,-1.7403668,2.0435748,277.42926,277.64792,280.68124,272.41788,273.7894,6.0,0.0,0.5597205,0.5235006,0.55825603,0.5848813
56.8299,-110.9656,56.806,-110.879,D,2016,05,24,2016-05-24,448.3,100,973.0,318.4,1,-1.7403668,2.0435748,277.42926,277.64792,280.68124,272.41788,273.7894,6.0,0.0,0.5597205,0.5235006,0.55825603,0.5848813
56.8278,-110.9449,56.806,-110.879,D,2016,05,24,2016-05-24,334.5,88,39.5,299.7,0,-1.7403668,2.0435748,277.42926,277.64792,280.68124,272.41788,273.7894,6.0,0.0,0.5597205,0.5235006,0.55825603,0.5848813
56.8256,-110.9242,56.806,-110.879,D,2016,05,24,2016-05-24,323.4,78,20.2,297.3,0,-1.7403668,2.0435748,277.42926,277.64792,280.68124,272.41788,273.7894,6.0,0.0,0.5597205,0.5235006,0.55825603,0.5848813
56.8241,-111.0105,56.806,-110.879,D,2016,05,24,2016-05-24,339.6,75,49.4,296.7,0,-1.7403668,2.0435748,277.42926,277.64792,280.68124,272.41788,273.7894,6.0,0.0,0.5597205,0.5235006,0.55825603,0.5848813
56.822,-110.9897,56.806,-110.879,D,2016,05,24,2016-05-24,396.7,100,321.1,306.6,1,-1.7403668,2.0435748,277.42926,277.64792,280.68124,272.41788,273.7894,6.0,0.0,0.5597205,0.5235006,0.55825603,0.5848813
56.8199,-110.9689,56.806,-110.879,D,2016,05,24,2016-05-24,350.9,96,76.8,297.8,1,-1.7403668,2.0435748,277.42926,277.64792,280.68124,272.41788,273.7894,6.0,0.0,0.5597205,0.5235006,0.55825603,0.5848813
56.8061,-111.0377,56.806,-110.879,D,2016,05,24,2016-05-24,324.2,60,23.0,291.8,0,-1.7403668,2.0435748,277.42926,277.64792,280.68124,272.41788,273.7894,6.0,0.0,0.5597205,0.5235006,0.55825603,0.5848813
56.804,-111.0169,56.806,-110.879,D,2016,05,24,2016-05-24,366.3,100,139.6,297.6,1,-1.7403668,2.0435748,277.42926,277.64792,280.68124,272.41788,273.7894,6.0,0.0,0.5597205,0.5235006,0.55825603,0.5848813
56.8002,-111.0826,56.806,-110.879,D,2016,05,24,2016-05-24,434.4,94,753.9,303.6,1,-1.7403668,2.0435748,277.42926,277.64792,280.68124,272.41788,273.7894,6.0,0.0,0.5597205,0.5235006,0.55825603,0.5848813
56.7982,-111.0617,56.806,-110.879,D,2016,05,24,2016-05-24,405.2,100,399.2,302.1,1,-1.7403668,2.0435748,277.42926,277.64792,280.68124,272.41788,273.7894,6.0,0.0,0.5597205,0.5235006,0.55825603,0.5848813
56.7961,-111.0408,56.806,-110.879,D,2016,05,24,2016-05-24,393.1,100,296.2,298.7,1,-1.7403668,2.0435748,277.42926,277.64792,280.68124,272.41788,273.7894,6.0,0.0,0.5597205,0.5235006,0.55825603,0.5848813
56.794,-111.02,56.806,-110.879,D,2016,05,24,2016-05-24,394.1,100,301.7,302.6,1,-1.7403668,2.0435748,277.42926,277.64792,280.68124,272.41788,273.7894,6.0,0.0,0.5597205,0.5235006,0.55825603,0.5848813
56.7919,-110.9992,56.806,-110.879,D,2016,05,24,2016-05-24,331.2,60,29.3,298.9,0,-1.7403668,2.0435748,277.42926,277.64792,280.68124,272.41788,273.7894,6.0,0.0,0.5597205,0.5235006,0.55825603,0.5848813
56.7902,-111.0858,56.806,-110.879,D,2016,05,24,2016-05-24,500.0,100,2308.6,348.0,1,-1.7403668,2.0435748,277.42926,277.64792,280.68124,272.41788,273.7894,6.0,0.0,0.5597205,0.5235006,0.55825603,0.5848813
56.7881,-111.0649,56.806,-110.879,D,2016,05,24,2016-05-24,500.0,100,2301.0,347.0,1,-1.7403668,2.0435748,277.42926,277.64792,280.68124,272.41788,273.7894,6.0,0.0,0.5597205,0.5235006,0.55825603,0.5848813
56.7861,-111.044,56.806,-110.879,D,2016,05,24,2016-05-24,385.8,100,243.3,302.1,1,-1.7403668,2.0435748,277.42926,277.64792,280.68124,272.41788,273.7894,6.0,0.0,0.5597205,0.5235006,0.55825603,0.5848813
56.8458,-111.7779,56.806,-110.879,D,2016,05,24,2016-05-24,365.9,100,152.0,298.3,1,-1.7403668,2.0435748,277.42926,277.64792,280.68124,272.41788,273.7894,6.0,0.0,0.5597205,0.5235006,0.55825603,0.5848813
56.7802,-111.0891,56.806,-110.879,D,2016,05,24,2016-05-24,346.8,84,65.8,295.4,0,-1.7403668,2.0435748,277.42926,277.64792,280.68124,272.41788,273.7894,6.0,0.0,0.5597205,0.5235006,0.55825603,0.5848813
56.7781,-111.0681,56.806,-110.879,D,2016,05,24,2016-05-24,370.9,100,156.2,303.2,1,-1.7403668,2.0435748,277.42926,277.64792,280.68124,272.41788,273.7894,6.0,0.0,0.5597205,0.5235006,0.55825603,0.5848813
56.776,-111.0472,56.806,-110.879,D,2016,05,24,2016-05-24,338.9,56,43.8,301.0,0,-1.7403668,2.0435748,277.42926,277.64792,280.68124,272.41788,273.7894,6.0,0.0,0.5597205,0.5235006,0.55825603,0.5848813
56.774,-111.0264,56.806,-110.879,D,2016,05,24,2016-05-24,329.1,75,22.8,293.7,0,-1.7403668,2.0435748,277.42926,277.64792,280.68124,272.41788,273.7894,6.0,0.0,0.5597205,0.5235006,0.55825603,0.5848813
56.7701,-111.0923,56.806,-110.879,D,2016,05,24,2016-05-24,340.8,74,52.1,295.3,0,-1.7403668,2.0435748,277.42926,277.64792,280.68124,272.41788,273.7894,6.0,0.0,0.5597205,0.5235006,0.55825603,0.5848813
56.7681,-111.0714,56.806,-110.879,D,2016,05,24,2016-05-24,354.9,98,91.5,298.4,1,-1.7403668,2.0435748,277.42926,277.64792,280.68124,272.41788,273.7894,6.0,0.0,0.5597205,0.5235006,0.55825603,0.5848813
56.7517,-110.9969,56.806,-110.879,D,2016,05,24,2016-05-24,323.2,50,18.6,299.9,0,-1.7403668,2.0435748,277.42926,277.64792,280.68124,272.41788,273.7894,6.0,0.0,0.5597205,0.5235006,0.55825603,0.5848813
56.746,-111.8663,56.806,-110.879,D,2016,05,24,2016-05-24,311.4,51,11.9,294.0,0,-1.7403668,2.0435748,277.42926,277.64792,280.68124,272.41788,273.7894,6.0,0.0,0.5597205,0.5235006,0.55825603,0.5848813
56.7439,-111.8441,56.806,-110.879,D,2016,05,24,2016-05-24,316.3,56,16.6,297.1,0,-1.7403668,2.0435748,277.42926,277.64792,280.68124,272.41788,273.7894,6.0,0.0,0.5597205,0.5235006,0.55825603,0.5848813
56.8883,-110.7603,56.806,-110.879,D,2016,05,24,2016-05-24,326.8,84,170.2,285.6,0,-1.7403668,2.0435748,277.42926,277.64792,280.68124,272.41788,273.7894,6.0,0.0,0.5597205,0.5235006,0.55825603,0.5848813
56.8536,-110.9502,56.806,-110.879,D,2016,05,24,2016-05-24,324.9,66,134.7,278.6,0,-1.7403668,2.0435748,277.42926,277.64792,280.68124,272.41788,273.7894,6.0,0.0,0.5597205,0.5235006,0.55825603,0.5848813
56.8575,-111.0206,56.806,-110.879,D,2016,05,24,2016-05-24,408.8,100,2180.1,292.4,1,-1.7403668,2.0435748,277.42926,277.64792,280.68124,272.41788,273.7894,6.0,0.0,0.5597205,0.5235006,0.55825603,0.5848813
56.8392,-110.9655,56.806,-110.879,D,2016,05,24,2016-05-24,462.7,100,6389.6,306.0,1,-1.7403668,2.0435748,277.42926,277.64792,280.68124,272.41788,273.7894,6.0,0.0,0.5597205,0.5235006,0.55825603,0.5848813
56.8207,-110.9102,56.806,-110.879,D,2016,05,24,2016-05-24,348.0,90,365.5,289.2,1,-1.7403668,2.0435748,277.42926,277.64792,280.68124,272.41788,273.7894,6.0,0.0,0.5597205,0.5235006,0.55825603,0.5848813
56.8432,-111.0359,56.806,-110.879,D,2016,05,24,2016-05-24,346.0,50,336.5,287.3,0,-1.7403668,2.0435748,277.42926,277.64792,280.68124,272.41788,273.7894,6.0,0.0,0.5597205,0.5235006,0.55825603,0.5848813
56.8248,-110.9809,56.806,-110.879,D,2016,05,24,2016-05-24,378.0,100,989.6,295.0,1,-1.7403668,2.0435748,277.42926,277.64792,280.68124,272.41788,273.7894,6.0,0.0,0.5597205,0.5235006,0.55825603,0.5848813
56.8495,-110.9622,56.806,-110.879,D,2016,05,24,2016-05-24,374.8,100,927.7,285.6,1,-1.7403668,2.0435748,277.42926,277.64792,280.68124,272.41788,273.7894,6.0,0.0,0.5597205,0.5235006,0.55825603,0.5848813
56.8313,-110.9065,56.806,-110.879,D,2016,05,24,2016-05-24,340.2,88,269.5,285.6,0,-1.7403668,2.0435748,277.42926,277.64792,280.68124,272.41788,273.7894,6.0,0.0,0.5597205,0.5235006,0.55825603,0.5848813
56.8533,-111.0328,56.806,-110.879,D,2016,05,24,2016-05-24,387.1,100,1282.8,290.0,1,-1.7403668,2.0435748,277.42926,277.64792,280.68124,272.41788,273.7894,6.0,0.0,0.5597205,0.5235006,0.55825603,0.5848813
56.8352,-110.9777,56.806,-110.879,D,2016,05,24,2016-05-24,455.3,100,5611.2,307.1,1,-1.7403668,2.0435748,277.42926,277.64792,280.68124,272.41788,273.7894,6.0,0.0,0.5597205,0.5235006,0.55825603,0.5848813
56.817,-110.9222,56.806,-110.879,D,2016,05,24,2016-05-24,348.5,87,372.1,289.9,0,-1.7403668,2.0435748,277.42926,277.64792,280.68124,272.41788,273.7894,6.0,0.0,0.5597205,0.5235006,0.55825603,0.5848813
56.8924,-111.2113,56.806,-110.879,D,2016,05,24,2016-05-24,312.5,63,63.1,287.9,0,-1.7403668,2.0435748,277.42926,277.64792,280.68124,272.41788,273.7894,6.0,0.0,0.5597205,0.5235006,0.55825603,0.5848813
56.8209,-110.9932,56.806,-110.879,D,2016,05,24,2016-05-24,368.4,94,756.9,292.7,1,-1.7403668,2.0435748,277.42926,277.64792,280.68124,272.41788,273.7894,6.0,0.0,0.5597205,0.5235006,0.55825603,0.5848813
56.8066,-111.009,56.806,-110.879,D,2016,05,24,2016-05-24,338.1,84,244.2,286.8,0,-1.7403668,2.0435748,277.42926,277.64792,280.68124,272.41788,273.7894,6.0,0.0,0.5597205,0.5235006,0.55825603,0.5848813
56.8106,-111.0797,56.806,-110.879,D,2016,05,24,2016-05-24,336.9,59,217.5,285.0,0,-1.7403668,2.0435748,277.42926,277.64792,280.68124,272.41788,273.7894,6.0,0.0,0.5597205,0.5235006,0.55825603,0.5848813
56.7925,-111.0251,56.806,-110.879,D,2016,05,24,2016-05-24,335.0,39,197.1,288.1,0,-1.7403668,2.0435748,277.42926,277.64792,280.68124,272.41788,273.7894,6.0,0.0,0.5597205,0.5235006,0.55825603,0.5848813
56.7783,-111.0409,56.806,-110.879,D,2016,05,24,2016-05-24,330.0,41,159.9,288.7,0,-1.7403668,2.0435748,277.42926,277.64792,280.68124,272.41788,273.7894,6.0,0.0,0.5597205,0.5235006,0.55825603,0.5848813
56.764,-111.0564,56.806,-110.879,D,2016,05,24,2016-05-24,323.8,64,123.0,288.4,0,-1.7403668,2.0435748,277.42926,277.64792,280.68124,272.41788,273.7894,6.0,0.0,0.5597205,0.5235006,0.55825603,0.5848813
56.7496,-111.0718,56.806,-110.879,D,2016,05,24,2016-05-24,326.8,47,145.1,287.5,0,-1.7403668,2.0435748,277.42926,277.64792,280.68124,272.41788,273.7894,6.0,0.0,0.5597205,0.5235006,0.55825603,0.5848813
56.8018,-111.0184,56.806,-110.879,D,2016,05,24,2016-05-24,338.3,48,234.6,287.6,0,-1.7403668,2.0435748,277.42926,277.64792,280.68124,272.41788,273.7894,6.0,0.0,0.5597205,0.5235006,0.55825603,0.5848813
56.8056,-111.0893,56.806,-110.879,D,2016,05,24,2016-05-24,338.7,61,242.7,286.8,0,-1.7403668,2.0435748,277.42926,277.64792,280.68124,272.41788,273.7894,6.0,0.0,0.5597205,0.5235006,0.55825603,0.5848813
56.7877,-111.0345,56.806,-110.879,D,2016,05,24,2016-05-24,339.7,53,252.3,288.1,0,-1.7403668,2.0435748,277.42926,277.64792,280.68124,272.41788,273.7894,6.0,0.0,0.5597205,0.5235006,0.55825603,0.5848813
56.7592,-111.0658,56.806,-110.879,D,2016,05,24,2016-05-24,328.2,52,157.6,288.3,0,-1.7403668,2.0435748,277.42926,277.64792,280.68124,272.41788,273.7894,6.0,0.0,0.5597205,0.5235006,0.55825603,0.5848813
56.7447,-111.0811,56.806,-110.879,D,2016,05,24,2016-05-24,318.4,37,89.4,286.9,0,-1.7403668,2.0435748,277.42926,277.64792,280.68124,272.41788,273.7894,6.0,0.0,0.5597205,0.5235006,0.55825603,0.5848813
56.8255,-111.5037,56.806,-110.879,D,2016,05,24,2016-05-24,313.6,51,47.1,291.7,0,-1.7403668,2.0435748,277.42926,277.64792,280.68124,272.41788,273.7894,6.0,0.0,0.5597205,0.5235006,0.55825603,0.5848813
56.8468,-111.7766,56.806,-110.879,D,2016,05,24,2016-05-24,355.1,98,460.8,293.6,1,-1.7403668,2.0435748,277.42926,277.64792,280.68124,272.41788,273.7894,6.0,0.0,0.5597205,0.5235006,0.55825603,0.5848813
56.7932,-111.0623,56.806,-110.879,D,2016,05,24,2016-05-24,426.2,100,436.8,311.2,1,-1.7403668,2.0435748,277.42926,277.64792,280.68124,272.41788,273.7894,6.0,0.0,0.5597205,0.5235006,0.55825603,0.5848813
56.7384,-111.0529,56.806,-110.879,D,2016,05,24,2016-05-24,330.6,78,23.3,297.1,0,-1.7403668,2.0435748,277.42926,277.64792,280.68124,272.41788,273.7894,6.0,0.0,0.5597205,0.5235006,0.55825603,0.5848813
56.7471,-111.0571,56.806,-110.879,D,2016,05,24,2016-05-24,336.1,43,28.7,300.4,0,-1.7403668,2.0435748,277.42926,277.64792,280.68124,272.41788,273.7894,6.0,0.0,0.5597205,0.5235006,0.55825603,0.5848813
56.7628,-111.0135,56.806,-110.879,D,2016,05,24,2016-05-24,371.6,100,107.8,298.7,1,-1.7403668,2.0435748,277.42926,277.64792,280.68124,272.41788,273.7894,6.0,0.0,0.5597205,0.5235006,0.55825603,0.5848813
56.7536,-111.0773,56.806,-110.879,D,2016,05,24,2016-05-24,354.9,93,62.7,300.1,1,-1.7403668,2.0435748,277.42926,277.64792,280.68124,272.41788,273.7894,6.0,0.0,0.5597205,0.5235006,0.55825603,0.5848813
56.7513,-111.0932,56.806,-110.879,D,2016,05,24,2016-05-24,344.2,92,44.3,296.2,1,-1.7403668,2.0435748,277.42926,277.64792,280.68124,272.41788,273.7894,6.0,0.0,0.5597205,0.5235006,0.55825603,0.5848813
56.7715,-111.0177,56.806,-110.879,D,2016,05,24,2016-05-24,333.3,41,18.0,295.2,0,-1.7403668,2.0435748,277.42926,277.64792,280.68124,272.41788,273.7894,6.0,0.0,0.5597205,0.5235006,0.55825603,0.5848813
56.7692,-111.0337,56.806,-110.879,D,2016,05,24,2016-05-24,339.1,75,26.3,296.6,0,-1.7403668,2.0435748,277.42926,277.64792,280.68124,272.41788,273.7894,6.0,0.0,0.5597205,0.5235006,0.55825603,0.5848813
56.7669,-111.0496,56.806,-110.879,D,2016,05,24,2016-05-24,342.1,73,34.2,300.0,0,-1.7403668,2.0435748,277.42926,277.64792,280.68124,272.41788,273.7894,6.0,0.0,0.5597205,0.5235006,0.55825603,0.5848813
56.7646,-111.0656,56.806,-110.879,D,2016,05,24,2016-05-24,333.3,36,18.1,298.4,0,-1.7403668,2.0435748,277.42926,277.64792,280.68124,272.41788,273.7894,6.0,0.0,0.5597205,0.5235006,0.55825603,0.5848813
56.7623,-111.0815,56.806,-110.879,D,2016,05,24,2016-05-24,363.4,100,86.5,299.0,1,-1.7403668,2.0435748,277.42926,277.64792,280.68124,272.41788,273.7894,6.0,0.0,0.5597205,0.5235006,0.55825603,0.5848813
56.76,-111.0975,56.806,-110.879,D,2016,05,24,2016-05-24,317.6,20,9.9,292.8,0,-1.7403668,2.0435748,277.42926,277.64792,280.68124,272.41788,273.7894,6.0,0.0,0.5597205,0.5235006,0.55825603,0.5848813
56.7826,-111.006,56.806,-110.879,D,2016,05,24,2016-05-24,341.3,78,33.5,301.8,0,-1.7403668,2.0435748,277.42926,277.64792,280.68124,272.41788,273.7894,6.0,0.0,0.5597205,0.5235006,0.55825603,0.5848813
56.7803,-111.0219,56.806,-110.879,D,2016,05,24,2016-05-24,336.0,65,22.8,298.2,0,-1.7403668,2.0435748,277.42926,277.64792,280.68124,272.41788,273.7894,6.0,0.0,0.5597205,0.5235006,0.55825603,0.5848813
56.7711,-111.0857,56.806,-110.879,D,2016,05,24,2016-05-24,360.4,100,79.3,296.3,1,-1.7403668,2.0435748,277.42926,277.64792,280.68124,272.41788,273.7894,6.0,0.0,0.5597205,0.5235006,0.55825603,0.5848813
56.7688,-111.1017,56.806,-110.879,D,2016,05,24,2016-05-24,360.0,99,80.7,295.4,1,-1.7403668,2.0435748,277.42926,277.64792,280.68124,272.41788,273.7894,6.0,0.0,0.5597205,0.5235006,0.55825603,0.5848813
56.7913,-111.0102,56.806,-110.879,D,2016,05,24,2016-05-24,369.7,100,102.0,304.8,1,-1.7403668,2.0435748,277.42926,277.64792,280.68124,272.41788,273.7894,6.0,0.0,0.5597205,0.5235006,0.55825603,0.5848813
56.789,-111.0261,56.806,-110.879,D,2016,05,24,2016-05-24,356.0,98,59.0,300.7,1,-1.7403668,2.0435748,277.42926,277.64792,280.68124,272.41788,273.7894,6.0,0.0,0.5597205,0.5235006,0.55825603,0.5848813
56.7867,-111.0421,56.806,-110.879,D,2016,05,24,2016-05-24,387.5,100,171.2,305.5,1,-1.7403668,2.0435748,277.42926,277.64792,280.68124,272.41788,273.7894,6.0,0.0,0.5597205,0.5235006,0.55825603,0.5848813
56.7844,-111.0581,56.806,-110.879,D,2016,05,24,2016-05-24,401.1,100,247.0,308.4,1,-1.7403668,2.0435748,277.42926,277.64792,280.68124,272.41788,273.7894,6.0,0.0,0.5597205,0.5235006,0.55825603,0.5848813
56.7821,-111.074,56.806,-110.879,D,2016,05,24,2016-05-24,375.9,100,128.0,311.9,1,-1.7403668,2.0435748,277.42926,277.64792,280.68124,272.41788,273.7894,6.0,0.0,0.5597205,0.5235006,0.55825603,0.5848813
56.7798,-111.09,56.806,-110.879,D,2016,05,24,2016-05-24,334.3,41,26.0,298.4,0,-1.7403668,2.0435748,277.42926,277.64792,280.68124,272.41788,273.7894,6.0,0.0,0.5597205,0.5235006,0.55825603,0.5848813
56.8001,-111.0144,56.806,-110.879,D,2016,05,24,2016-05-24,338.7,49,27.0,294.5,0,-1.7403668,2.0435748,277.42926,277.64792,280.68124,272.41788,273.7894,6.0,0.0,0.5597205,0.5235006,0.55825603,0.5848813
56.7978,-111.0303,56.806,-110.879,D,2016,05,24,2016-05-24,359.0,99,69.2,298.9,1,-1.7403668,2.0435748,277.42926,277.64792,280.68124,272.41788,273.7894,6.0,0.0,0.5597205,0.5235006,0.55825603,0.5848813
56.7955,-111.0463,56.806,-110.879,D,2016,05,24,2016-05-24,492.3,100,1418.7,321.4,1,-1.7403668,2.0435748,277.42926,277.64792,280.68124,272.41788,273.7894,6.0,0.0,0.5597205,0.5235006,0.55825603,0.5848813
56.7909,-111.0782,56.806,-110.879,D,2016,05,24,2016-05-24,375.0,100,121.7,307.5,1,-1.7403668,2.0435748,277.42926,277.64792,280.68124,272.41788,273.7894,6.0,0.0,0.5597205,0.5235006,0.55825603,0.5848813
56.7886,-111.0942,56.806,-110.879,D,2016,05,24,2016-05-24,336.8,71,29.5,296.3,0,-1.7403668,2.0435748,277.42926,277.64792,280.68124,272.41788,273.7894,6.0,0.0,0.5597205,0.5235006,0.55825603,0.5848813
56.8226,-110.9227,56.806,-110.879,D,2016,05,24,2016-05-24,346.2,93,44.0,301.5,1,-1.7403668,2.0435748,277.42926,277.64792,280.68124,272.41788,273.7894,6.0,0.0,0.5597205,0.5235006,0.55825603,0.5848813
56.8203,-110.9387,56.806,-110.879,D,2016,05,24,2016-05-24,337.0,88,29.8,299.7,0,-1.7403668,2.0435748,277.42926,277.64792,280.68124,272.41788,273.7894,6.0,0.0,0.5597205,0.5235006,0.55825603,0.5848813
56.8157,-110.9706,56.806,-110.879,D,2016,05,24,2016-05-24,341.4,90,36.1,297.8,1,-1.7403668,2.0435748,277.42926,277.64792,280.68124,272.41788,273.7894,6.0,0.0,0.5597205,0.5235006,0.55825603,0.5848813
56.8134,-110.9866,56.806,-110.879,D,2016,05,24,2016-05-24,349.2,95,49.6,299.5,1,-1.7403668,2.0435748,277.42926,277.64792,280.68124,272.41788,273.7894,6.0,0.0,0.5597205,0.5235006,0.55825603,0.5848813
56.8065,-111.0346,56.806,-110.879,D,2016,05,24,2016-05-24,404.7,100,270.7,305.9,1,-1.7403668,2.0435748,277.42926,277.64792,280.68124,272.41788,273.7894,6.0,0.0,0.5597205,0.5235006,0.55825603,0.5848813
56.8042,-111.0505,56.806,-110.879,D,2016,05,24,2016-05-24,348.5,89,46.1,293.5,0,-1.7403668,2.0435748,277.42926,277.64792,280.68124,272.41788,273.7894,6.0,0.0,0.5597205,0.5235006,0.55825603,0.5848813
56.8019,-111.0665,56.806,-110.879,D,2016,05,24,2016-05-24,432.4,100,498.8,304.3,1,-1.7403668,2.0435748,277.42926,277.64792,280.68124,272.41788,273.7894,6.0,0.0,0.5597205,0.5235006,0.55825603,0.5848813
56.7996,-111.0825,56.806,-110.879,D,2016,05,24,2016-05-24,431.0,100,486.6,312.7,1,-1.7403668,2.0435748,277.42926,277.64792,280.68124,272.41788,273.7894,6.0,0.0,0.5597205,0.5235006,0.55825603,0.5848813
56.7973,-111.0984,56.806,-110.879,D,2016,05,24,2016-05-24,341.7,91,39.4,292.0,1,-1.7403668,2.0435748,277.42926,277.64792,280.68124,272.41788,273.7894,6.0,0.0,0.5597205,0.5235006,0.55825603,0.5848813
56.8436,-110.8354,56.806,-110.879,D,2016,05,24,2016-05-24,321.3,76,14.1,300.6,0,-1.7403668,2.0435748,277.42926,277.64792,280.68124,272.41788,273.7894,6.0,0.0,0.5597205,0.5235006,0.55825603,0.5848813
56.839,-110.8674,56.806,-110.879,D,2016,05,24,2016-05-24,334.9,62,26.2,300.0,0,-1.7403668,2.0435748,277.42926,277.64792,280.68124,272.41788,273.7894,6.0,0.0,0.5597205,0.5235006,0.55825603,0.5848813
56.8299,-110.9314,56.806,-110.879,D,2016,05,24,2016-05-24,336.1,55,29.1,302.0,0,-1.7403668,2.0435748,277.42926,277.64792,280.68124,272.41788,273.7894,6.0,0.0,0.5597205,0.5235006,0.55825603,0.5848813
56.8276,-110.9474,56.806,-110.879,D,2016,05,24,2016-05-24,356.2,96,68.2,304.3,1,-1.7403668,2.0435748,277.42926,277.64792,280.68124,272.41788,273.7894,6.0,0.0,0.5597205,0.5235006,0.55825603,0.5848813
56.8254,-110.9634,56.806,-110.879,D,2016,05,24,2016-05-24,377.8,100,136.0,311.0,1,-1.7403668,2.0435748,277.42926,277.64792,280.68124,272.41788,273.7894,6.0,0.0,0.5597205,0.5235006,0.55825603,0.5848813
56.8231,-110.9794,56.806,-110.879,D,2016,05,24,2016-05-24,378.3,100,137.9,311.7,1,-1.7403668,2.0435748,277.42926,277.64792,280.68124,272.41788,273.7894,6.0,0.0,0.5597205,0.5235006,0.55825603,0.5848813
56.8208,-110.9954,56.806,-110.879,D,2016,05,24,2016-05-24,386.5,100,173.3,313.8,1,-1.7403668,2.0435748,277.42926,277.64792,280.68124,272.41788,273.7894,6.0,0.0,0.5597205,0.5235006,0.55825603,0.5848813
56.8185,-111.0114,56.806,-110.879,D,2016,05,24,2016-05-24,362.1,100,84.0,305.1,1,-1.7403668,2.0435748,277.42926,277.64792,280.68124,272.41788,273.7894,6.0,0.0,0.5597205,0.5235006,0.55825603,0.5848813
56.8162,-111.0274,56.806,-110.879,D,2016,05,24,2016-05-24,349.6,95,53.4,293.6,1,-1.7403668,2.0435748,277.42926,277.64792,280.68124,272.41788,273.7894,6.0,0.0,0.5597205,0.5235006,0.55825603,0.5848813
56.8139,-111.0434,56.806,-110.879,D,2016,05,24,2016-05-24,426.8,100,447.3,315.3,1,-1.7403668,2.0435748,277.42926,277.64792,280.68124,272.41788,273.7894,6.0,0.0,0.5597205,0.5235006,0.55825603,0.5848813
56.8116,-111.0593,56.806,-110.879,D,2016,05,24,2016-05-24,337.4,77,31.9,293.0,0,-1.7403668,2.0435748,277.42926,277.64792,280.68124,272.41788,273.7894,6.0,0.0,0.5597205,0.5235006,0.55825603,0.5848813
56.8093,-111.0753,56.806,-110.879,D,2016,05,24,2016-05-24,413.2,100,336.0,302.3,1,-1.7403668,2.0435748,277.42926,277.64792,280.68124,272.41788,273.7894,6.0,0.0,0.5597205,0.5235006,0.55825603,0.5848813
56.807,-111.0913,56.806,-110.879,D,2016,05,24,2016-05-24,382.5,100,158.4,300.3,1,-1.7403668,2.0435748,277.42926,277.64792,280.68124,272.41788,273.7894,6.0,0.0,0.5597205,0.5235006,0.55825603,0.5848813
56.8637,-110.7594,56.806,-110.879,D,2016,05,24,2016-05-24,338.8,90,35.7,297.5,1,-1.7403668,2.0435748,277.42926,277.64792,280.68124,272.41788,273.7894,6.0,0.0,0.5597205,0.5235006,0.55825603,0.5848813
56.8501,-110.8556,56.806,-110.879,D,2016,05,24,2016-05-24,335.9,76,29.1,300.1,0,-1.7403668,2.0435748,277.42926,277.64792,280.68124,272.41788,273.7894,6.0,0.0,0.5597205,0.5235006,0.55825603,0.5848813
56.8478,-110.8716,56.806,-110.879,D,2016,05,24,2016-05-24,329.4,37,18.8,298.1,0,-1.7403668,2.0435748,277.42926,277.64792,280.68124,272.41788,273.7894,6.0,0.0,0.5597205,0.5235006,0.55825603,0.5848813
56.8387,-110.9357,56.806,-110.879,D,2016,05,24,2016-05-24,377.9,100,135.9,300.1,1,-1.7403668,2.0435748,277.42926,277.64792,280.68124,272.41788,273.7894,6.0,0.0,0.5597205,0.5235006,0.55825603,0.5848813
56.8364,-110.9517,56.806,-110.879,D,2016,05,24,2016-05-24,439.9,100,581.0,322.4,1,-1.7403668,2.0435748,277.42926,277.64792,280.68124,272.41788,273.7894,6.0,0.0,0.5597205,0.5235006,0.55825603,0.5848813
56.8341,-110.9677,56.806,-110.879,D,2016,05,24,2016-05-24,490.4,100,1388.1,400.1,1,-1.7403668,2.0435748,277.42926,277.64792,280.68124,272.41788,273.7894,6.0,0.0,0.5597205,0.5235006,0.55825603,0.5848813
56.8318,-110.9837,56.806,-110.879,D,2016,05,24,2016-05-24,451.4,100,721.2,337.4,1,-1.7403668,2.0435748,277.42926,277.64792,280.68124,272.41788,273.7894,6.0,0.0,0.5597205,0.5235006,0.55825603,0.5848813
56.8295,-110.9996,56.806,-110.879,D,2016,05,24,2016-05-24,425.9,100,438.1,317.3,1,-1.7403668,2.0435748,277.42926,277.64792,280.68124,272.41788,273.7894,6.0,0.0,0.5597205,0.5235006,0.55825603,0.5848813
56.8272,-111.0156,56.806,-110.879,D,2016,05,24,2016-05-24,396.5,100,224.8,309.6,1,-1.7403668,2.0435748,277.42926,277.64792,280.68124,272.41788,273.7894,6.0,0.0,0.5597205,0.5235006,0.55825603,0.5848813
56.8227,-111.0476,56.806,-110.879,D,2016,05,24,2016-05-24,340.4,88,37.3,291.4,0,-1.7403668,2.0435748,277.42926,277.64792,280.68124,272.41788,273.7894,6.0,0.0,0.5597205,0.5235006,0.55825603,0.5848813
56.8181,-111.0796,56.806,-110.879,D,2016,05,24,2016-05-24,353.8,97,66.3,286.7,1,-1.7403668,2.0435748,277.42926,277.64792,280.68124,272.41788,273.7894,6.0,0.0,0.5597205,0.5235006,0.55825603,0.5848813
56.8158,-111.0955,56.806,-110.879,D,2016,05,24,2016-05-24,344.4,93,46.2,289.1,1,-1.7403668,2.0435748,277.42926,277.64792,280.68124,272.41788,273.7894,6.0,0.0,0.5597205,0.5235006,0.55825603,0.5848813
56.8135,-111.1115,56.806,-110.879,D,2016,05,24,2016-05-24,381.1,100,151.9,295.4,1,-1.7403668,2.0435748,277.42926,277.64792,280.68124,272.41788,273.7894,6.0,0.0,0.5597205,0.5235006,0.55825603,0.5848813
56.8112,-111.1275,56.806,-110.879,D,2016,05,24,2016-05-24,378.8,100,141.1,301.9,1,-1.7403668,2.0435748,277.42926,277.64792,280.68124,272.41788,273.7894,6.0,0.0,0.5597205,0.5235006,0.55825603,0.5848813
56.8588,-110.8598,56.806,-110.879,D,2016,05,24,2016-05-24,346.8,93,48.4,295.6,1,-1.7403668,2.0435748,277.42926,277.64792,280.68124,272.41788,273.7894,6.0,0.0,0.5597205,0.5235006,0.55825603,0.5848813
56.8566,-110.8758,56.806,-110.879,D,2016,05,24,2016-05-24,332.0,43,22.4,299.4,0,-1.7403668,2.0435748,277.42926,277.64792,280.68124,272.41788,273.7894,6.0,0.0,0.5597205,0.5235006,0.55825603,0.5848813
56.8452,-110.9559,56.806,-110.879,D,2016,05,24,2016-05-24,364.5,100,89.4,295.8,1,-1.7403668,2.0435748,277.42926,277.64792,280.68124,272.41788,273.7894,6.0,0.0,0.5597205,0.5235006,0.55825603,0.5848813
56.8429,-110.9719,56.806,-110.879,D,2016,05,24,2016-05-24,490.0,100,1377.3,315.5,1,-1.7403668,2.0435748,277.42926,277.64792,280.68124,272.41788,273.7894,6.0,0.0,0.5597205,0.5235006,0.55825603,0.5848813
56.8406,-110.9879,56.806,-110.879,D,2016,05,24,2016-05-24,503.0,100,1670.9,400.1,1,-1.7403668,2.0435748,277.42926,277.64792,280.68124,272.41788,273.7894,6.0,0.0,0.5597205,0.5235006,0.55825603,0.5848813
56.8383,-111.0039,56.806,-110.879,D,2016,05,24,2016-05-24,470.6,100,1009.9,335.1,1,-1.7403668,2.0435748,277.42926,277.64792,280.68124,272.41788,273.7894,6.0,0.0,0.5597205,0.5235006,0.55825603,0.5848813
56.8222,-111.1157,56.806,-110.879,D,2016,05,24,2016-05-24,359.1,99,78.7,290.7,1,-1.7403668,2.0435748,277.42926,277.64792,280.68124,272.41788,273.7894,6.0,0.0,0.5597205,0.5235006,0.55825603,0.5848813
56.8199,-111.1317,56.806,-110.879,D,2016,05,24,2016-05-24,356.6,98,70.6,295.4,1,-1.7403668,2.0435748,277.42926,277.64792,280.68124,272.41788,273.7894,6.0,0.0,0.5597205,0.5235006,0.55825603,0.5848813
56.8653,-110.88,56.806,-110.879,D,2016,05,24,2016-05-24,327.9,40,18.9,293.1,0,-1.7403668,2.0435748,277.42926,277.64792,280.68124,272.41788,273.7894,6.0,0.0,0.5597205,0.5235006,0.55825603,0.5848813
56.8631,-110.896,56.806,-110.879,D,2016,05,24,2016-05-24,332.8,71,24.4,297.2,0,-1.7403668,2.0435748,277.42926,277.64792,280.68124,272.41788,273.7894,6.0,0.0,0.5597205,0.5235006,0.55825603,0.5848813
56.8516,-110.9761,56.806,-110.879,D,2016,05,24,2016-05-24,349.6,83,53.3,288.1,0,-1.7403668,2.0435748,277.42926,277.64792,280.68124,272.41788,273.7894,6.0,0.0,0.5597205,0.5235006,0.55825603,0.5848813
56.8493,-110.9921,56.806,-110.879,D,2016,05,24,2016-05-24,451.2,87,717.3,305.8,0,-1.7403668,2.0435748,277.42926,277.64792,280.68124,272.41788,273.7894,6.0,0.0,0.5597205,0.5235006,0.55825603,0.5848813
56.8471,-111.0081,56.806,-110.879,D,2016,05,24,2016-05-24,416.0,94,354.5,303.4,1,-1.7403668,2.0435748,277.42926,277.64792,280.68124,272.41788,273.7894,6.0,0.0,0.5597205,0.5235006,0.55825603,0.5848813
56.8923,-110.7558,56.806,-110.879,D,2016,05,24,2016-05-24,450.3,100,712.3,313.2,1,-1.7403668,2.0435748,277.42926,277.64792,280.68124,272.41788,273.7894,6.0,0.0,0.5597205,0.5235006,0.55825603,0.5848813
56.8718,-110.9002,56.806,-110.879,D,2016,05,24,2016-05-24,325.2,45,16.0,294.1,0,-1.7403668,2.0435748,277.42926,277.64792,280.68124,272.41788,273.7894,6.0,0.0,0.5597205,0.5235006,0.55825603,0.5848813
56.8695,-110.9163,56.806,-110.879,D,2016,05,24,2016-05-24,335.7,84,29.2,297.2,0,-1.7403668,2.0435748,277.42926,277.64792,280.68124,272.41788,273.7894,6.0,0.0,0.5597205,0.5235006,0.55825603,0.5848813
56.8558,-111.0123,56.806,-110.879,D,2016,05,24,2016-05-24,322.5,43,13.9,283.9,0,-1.7403668,2.0435748,277.42926,277.64792,280.68124,272.41788,273.7894,6.0,0.0,0.5597205,0.5235006,0.55825603,0.5848813
56.901,-110.76,56.806,-110.879,D,2016,05,24,2016-05-24,355.2,98,69.4,294.4,1,-1.7403668,2.0435748,277.42926,277.64792,280.68124,272.41788,273.7894,6.0,0.0,0.5597205,0.5235006,0.55825603,0.5848813
56.8783,-110.9205,56.806,-110.879,D,2016,05,24,2016-05-24,320.4,62,13.5,292.7,0,-1.7403668,2.0435748,277.42926,277.64792,280.68124,272.41788,273.7894,6.0,0.0,0.5597205,0.5235006,0.55825603,0.5848813
56.7449,-111.8299,56.806,-110.879,D,2016,05,24,2016-05-24,323.4,72,14.5,296.1,0,-1.7403668,2.0435748,277.42926,277.64792,280.68124,272.41788,273.7894,6.0,0.0,0.5597205,0.5235006,0.55825603,0.5848813
56.7401,-111.8618,56.806,-110.879,D,2016,05,24,2016-05-24,379.1,100,146.4,296.0,1,-1.7403668,2.0435748,277.42926,277.64792,280.68124,272.41788,273.7894,6.0,0.0,0.5597205,0.5235006,0.55825603,0.5848813
56.7377,-111.8777,56.806,-110.879,D,2016,05,24,2016-05-24,348.4,95,57.1,292.5,1,-1.7403668,2.0435748,277.42926,277.64792,280.68124,272.41788,273.7894,6.0,0.0,0.5597205,0.5235006,0.55825603,0.5848813
56.8664,-111.0688,56.806,-110.879,D,2016,05,24,2016-05-24,317.5,72,13.2,287.9,0,-1.7403668,2.0435748,277.42926,277.64792,280.68124,272.41788,273.7894,6.0,0.0,0.5597205,0.5235006,0.55825603,0.5848813
56.7561,-111.8184,56.806,-110.879,D,2016,05,24,2016-05-24,372.6,100,118.6,299.9,1,-1.7403668,2.0435748,277.42926,277.64792,280.68124,272.41788,273.7894,6.0,0.0,0.5597205,0.5235006,0.55825603,0.5848813
56.7537,-111.8344,56.806,-110.879,D,2016,05,24,2016-05-24,473.3,100,1061.5,329.9,1,-1.7403668,2.0435748,277.42926,277.64792,280.68124,272.41788,273.7894,6.0,0.0,0.5597205,0.5235006,0.55825603,0.5848813
56.7513,-111.8503,56.806,-110.879,D,2016,05,24,2016-05-24,346.4,94,50.6,296.5,1,-1.7403668,2.0435748,277.42926,277.64792,280.68124,272.41788,273.7894,6.0,0.0,0.5597205,0.5235006,0.55825603,0.5848813
56.8147,-111.4882,56.806,-110.879,D,2016,05,24,2016-05-24,341.4,91,36.2,297.0,1,-1.7403668,2.0435748,277.42926,277.64792,280.68124,272.41788,273.7894,6.0,0.0,0.5597205,0.5235006,0.55825603,0.5848813
56.7624,-111.8388,56.806,-110.879,D,2016,05,24,2016-05-24,337.8,89,36.1,291.0,0,-1.7403668,2.0435748,277.42926,277.64792,280.68124,272.41788,273.7894,6.0,0.0,0.5597205,0.5235006,0.55825603,0.5848813
56.8608,-111.2371,56.806,-110.879,D,2016,05,24,2016-05-24,314.6,42,4.8,298.7,0,-1.7403668,2.0435748,277.42926,277.64792,280.68124,272.41788,273.7894,6.0,0.0,0.5597205,0.5235006,0.55825603,0.5848813
56.8258,-111.4766,56.806,-110.879,D,2016,05,24,2016-05-24,367.5,100,98.6,298.6,1,-1.7403668,2.0435748,277.42926,277.64792,280.68124,272.41788,273.7894,6.0,0.0,0.5597205,0.5235006,0.55825603,0.5848813
56.8234,-111.4926,56.806,-110.879,D,2016,05,24,2016-05-24,352.8,97,59.1,298.6,1,-1.7403668,2.0435748,277.42926,277.64792,280.68124,272.41788,273.7894,6.0,0.0,0.5597205,0.5235006,0.55825603,0.5848813
56.8211,-111.5085,56.806,-110.879,D,2016,05,24,2016-05-24,324.0,47,12.1,294.9,0,-1.7403668,2.0435748,277.42926,277.64792,280.68124,272.41788,273.7894,6.0,0.0,0.5597205,0.5235006,0.55825603,0.5848813
56.8322,-111.4969,56.806,-110.879,D,2016,05,24,2016-05-24,347.1,94,46.8,292.8,1,-1.7403668,2.0435748,277.42926,277.64792,280.68124,272.41788,273.7894,6.0,0.0,0.5597205,0.5235006,0.55825603,0.5848813
56.8912,-111.2247,56.806,-110.879,D,2016,05,24,2016-05-24,327.5,80,18.9,295.9,0,-1.7403668,2.0435748,277.42926,277.64792,280.68124,272.41788,273.7894,6.0,0.0,0.5597205,0.5235006,0.55825603,0.5848813
56.9,-111.229,56.806,-110.879,D,2016,05,24,2016-05-24,334.4,88,29.6,294.7,0,-1.7403668,2.0435748,277.42926,277.64792,280.68124,272.41788,273.7894,6.0,0.0,0.5597205,0.5235006,0.55825603,0.5848813
56.8262,-111.792,56.806,-110.879,D,2016,05,24,2016-05-24,393.3,100,209.0,304.0,1,-1.7403668,2.0435748,277.42926,277.64792,280.68124,272.41788,273.7894,6.0,0.0,0.5597205,0.5235006,0.55825603,0.5848813
56.8238,-111.808,56.806,-110.879,D,2016,05,24,2016-05-24,348.9,95,55.0,295.7,1,-1.7403668,2.0435748,277.42926,277.64792,280.68124,272.41788,273.7894,6.0,0.0,0.5597205,0.5235006,0.55825603,0.5848813
56.8912,-111.4816,56.806,-110.879,D,2016,05,24,2016-05-24,348.3,95,53.0,300.2,1,-1.7403668,2.0435748,277.42926,277.64792,280.68124,272.41788,273.7894,6.0,0.0,0.5597205,0.5235006,0.55825603,0.5848813
56.8888,-111.4976,56.806,-110.879,D,2016,05,24,2016-05-24,331.9,86,24.9,295.8,0,-1.7403668,2.0435748,277.42926,277.64792,280.68124,272.41788,273.7894,6.0,0.0,0.5597205,0.5235006,0.55825603,0.5848813
56.8485,-111.7689,56.806,-110.879,D,2016,05,24,2016-05-24,340.1,73,30.5,300.2,0,-1.7403668,2.0435748,277.42926,277.64792,280.68124,272.41788,273.7894,6.0,0.0,0.5597205,0.5235006,0.55825603,0.5848813
56.8461,-111.7849,56.806,-110.879,D,2016,05,24,2016-05-24,438.7,100,566.4,319.0,1,-1.7403668,2.0435748,277.42926,277.64792,280.68124,272.41788,273.7894,6.0,0.0,0.5597205,0.5235006,0.55825603,0.5848813
56.8437,-111.8008,56.806,-110.879,D,2016,05,24,2016-05-24,378.4,100,139.5,299.9,1,-1.7403668,2.0435748,277.42926,277.64792,280.68124,272.41788,273.7894,6.0,0.0,0.5597205,0.5235006,0.55825603,0.5848813
56.8548,-111.7893,56.806,-110.879,D,2016,05,24,2016-05-24,461.8,100,869.5,315.0,1,-1.7403668,2.0435748,277.42926,277.64792,280.68124,272.41788,273.7894,6.0,0.0,0.5597205,0.5235006,0.55825603,0.5848813
56.8524,-111.8053,56.806,-110.879,D,2016,05,24,2016-05-24,383.3,100,161.2,298.6,1,-1.7403668,2.0435748,277.42926,277.64792,280.68124,272.41788,273.7894,6.0,0.0,0.5597205,0.5235006,0.55825603,0.5848813
56.8771,-111.7662,56.806,-110.879,D,2016,05,24,2016-05-24,359.2,99,77.7,297.9,1,-1.7403668,2.0435748,277.42926,277.64792,280.68124,272.41788,273.7894,6.0,0.0,0.5597205,0.5235006,0.55825603,0.5848813
56.9653,-111.6097,56.806,-110.879,D,2016,05,24,2016-05-24,357.0,93,74.9,297.8,1,-1.7403668,2.0435748,277.42926,277.64792,280.68124,272.41788,273.7894,6.0,0.0,0.5597205,0.5235006,0.55825603,0.5848813
56.8423,-109.9884,56.267,-108.801,D,2016,05,25,2016-05-25,319.8,68,141.7,288.2,0,1.0403169,2.7688923,281.8329,281.214,282.59857,280.3042,275.7289,1.0,0.0,0.13904874,0.12017033,0.104346655,0.13984403
56.9115,-110.2866,56.267,-108.801,D,2016,05,25,2016-05-25,317.5,78,106.6,289.7,0,1.0403169,2.7688923,281.8329,281.214,282.59857,280.3042,275.7289,1.0,0.0,0.13904874,0.12017033,0.104346655,0.13984403
56.8427,-109.9834,56.267,-108.801,D,2016,05,25,2016-05-25,320.3,76,138.6,287.9,0,1.0403169,2.7688923,281.8329,281.214,282.59857,280.3042,275.7289,1.0,0.0,0.13904874,0.12017033,0.104346655,0.13984403
56.9121,-110.292,56.267,-108.801,D,2016,05,25,2016-05-25,317.6,68,103.0,289.6,0,1.0403169,2.7688923,281.8329,281.214,282.59857,280.3042,275.7289,1.0,0.0,0.13904874,0.12017033,0.104346655,0.13984403
56.9198,-110.7136,56.267,-108.801,D,2016,05,25,2016-05-25,326.5,71,25.1,293.6,0,1.0403169,2.7688923,281.8329,281.214,282.59857,280.3042,275.7289,1.0,0.0,0.13904874,0.12017033,0.104346655,0.13984403
56.8711,-110.4663,56.267,-108.801,D,2016,05,25,2016-05-25,346.9,94,66.5,297.8,1,1.0403169,2.7688923,281.8329,281.214,282.59857,280.3042,275.7289,1.0,0.0,0.13904874,0.12017033,0.104346655,0.13984403
56.8672,-110.447,56.267,-108.801,D,2016,05,25,2016-05-25,370.0,100,148.9,296.1,1,1.0403169,2.7688923,281.8329,281.214,282.59857,280.3042,275.7289,1.0,0.0,0.13904874,0.12017033,0.104346655,0.13984403
56.7691,-109.9594,56.267,-108.801,D,2016,05,25,2016-05-25,348.6,90,77.8,295.1,1,1.0403169,2.7688923,281.8329,281.214,282.59857,280.3042,275.7289,1.0,0.0,0.13904874,0.12017033,0.104346655,0.13984403
56.9194,-110.7193,56.267,-108.801,D,2016,05,25,2016-05-25,320.7,62,18.0,294.4,0,1.0403169,2.7688923,281.8329,281.214,282.59857,280.3042,275.7289,1.0,0.0,0.13904874,0.12017033,0.104346655,0.13984403
56.8676,-110.4521,56.267,-108.801,D,2016,05,25,2016-05-25,367.6,100,138.4,297.6,1,1.0403169,2.7688923,281.8329,281.214,282.59857,280.3042,275.7289,1.0,0.0,0.13904874,0.12017033,0.104346655,0.13984403
56.7711,-109.9634,56.267,-108.801,D,2016,05,25,2016-05-25,328.7,61,29.2,294.5,0,1.0403169,2.7688923,281.8329,281.214,282.59857,280.3042,275.7289,1.0,0.0,0.13904874,0.12017033,0.104346655,0.13984403
56.7671,-109.9434,56.267,-108.801,D,2016,05,25,2016-05-25,329.0,64,31.2,289.4,0,1.0403169,2.7688923,281.8329,281.214,282.59857,280.3042,275.7289,1.0,0.0,0.13904874,0.12017033,0.104346655,0.13984403
56.8431,-110.3811,56.267,-108.801,D,2016,05,25,2016-05-25,348.3,95,72.0,296.1,1,1.0403169,2.7688923,281.8329,281.214,282.59857,280.3042,275.7289,1.0,0.0,0.13904874,0.12017033,0.104346655,0.13984403
56.8393,-110.3619,56.267,-108.801,D,2016,05,25,2016-05-25,319.7,76,15.7,293.6,0,1.0403169,2.7688923,281.8329,281.214,282.59857,280.3042,275.7289,1.0,0.0,0.13904874,0.12017033,0.104346655,0.13984403
56.7576,-109.95,56.267,-108.801,D,2016,05,25,2016-05-25,322.1,60,21.8,288.8,0,1.0403169,2.7688923,281.8329,281.214,282.59857,280.3042,275.7289,1.0,0.0,0.13904874,0.12017033,0.104346655,0.13984403
56.8337,-110.3875,56.267,-108.801,D,2016,05,25,2016-05-25,340.0,91,50.1,296.0,1,1.0403169,2.7688923,281.8329,281.214,282.59857,280.3042,275.7289,1.0,0.0,0.13904874,0.12017033,0.104346655,0.13984403
56.8224,-110.4384,56.267,-108.801,D,2016,05,25,2016-05-25,329.8,85,29.6,295.3,0,1.0403169,2.7688923,281.8329,281.214,282.59857,280.3042,275.7289,1.0,0.0,0.13904874,0.12017033,0.104346655,0.13984403
56.813,-110.4445,56.267,-108.801,D,2016,05,25,2016-05-25,322.6,79,19.5,295.1,0,1.0403169,2.7688923,281.8329,281.214,282.59857,280.3042,275.7289,1.0,0.0,0.13904874,0.12017033,0.104346655,0.13984403
56.6967,-110.0783,56.267,-108.801,D,2016,05,25,2016-05-25,342.2,92,63.2,296.0,1,1.0403169,2.7688923,281.8329,281.214,282.59857,280.3042,275.7289,1.0,0.0,0.13904874,0.12017033,0.104346655,0.13984403
56.6769,-109.9808,56.267,-108.801,D,2016,05,25,2016-05-25,322.1,78,25.4,291.4,0,1.0403169,2.7688923,281.8329,281.214,282.59857,280.3042,275.7289,1.0,0.0,0.13904874,0.12017033,0.104346655,0.13984403
56.6989,-110.0836,56.267,-108.801,D,2016,05,25,2016-05-25,334.3,88,45.3,296.3,0,1.0403169,2.7688923,281.8329,281.214,282.59857,280.3042,275.7289,1.0,0.0,0.13904874,0.12017033,0.104346655,0.13984403
56.8511,-110.9175,56.267,-108.801,D,2016,05,25,2016-05-25,313.7,43,9.0,296.1,0,1.0403169,2.7688923,281.8329,281.214,282.59857,280.3042,275.7289,1.0,0.0,0.13904874,0.12017033,0.104346655,0.13984403
56.6522,-109.9589,56.267,-108.801,D,2016,05,25,2016-05-25,335.7,88,46.1,296.0,0,1.0403169,2.7688923,281.8329,281.214,282.59857,280.3042,275.7289,1.0,0.0,0.13904874,0.12017033,0.104346655,0.13984403
56.6481,-109.9388,56.267,-108.801,D,2016,05,25,2016-05-25,328.1,73,32.0,292.4,0,1.0403169,2.7688923,281.8329,281.214,282.59857,280.3042,275.7289,1.0,0.0,0.13904874,0.12017033,0.104346655,0.13984403
56.8468,-111.0038,56.267,-108.801,D,2016,05,25,2016-05-25,328.6,66,26.0,298.2,0,1.0403169,2.7688923,281.8329,281.214,282.59857,280.3042,275.7289,1.0,0.0,0.13904874,0.12017033,0.104346655,0.13984403
56.8289,-110.9106,56.267,-108.801,D,2016,05,25,2016-05-25,317.2,68,13.1,298.3,0,1.0403169,2.7688923,281.8329,281.214,282.59857,280.3042,275.7289,1.0,0.0,0.13904874,0.12017033,0.104346655,0.13984403
56.6385,-109.9452,56.267,-108.801,D,2016,05,25,2016-05-25,315.1,47,14.2,290.9,0,1.0403169,2.7688923,281.8329,281.214,282.59857,280.3042,275.7289,1.0,0.0,0.13904874,0.12017033,0.104346655,0.13984403
56.8375,-111.0097,56.267,-108.801,D,2016,05,25,2016-05-25,322.5,63,16.3,294.5,0,1.0403169,2.7688923,281.8329,281.214,282.59857,280.3042,275.7289,1.0,0.0,0.13904874,0.12017033,0.104346655,0.13984403
56.8282,-111.0155,56.267,-108.801,D,2016,05,25,2016-05-25,340.4,88,44.6,295.0,0,1.0403169,2.7688923,281.8329,281.214,282.59857,280.3042,275.7289,1.0,0.0,0.13904874,0.12017033,0.104346655,0.13984403
56.8246,-110.9969,56.267,-108.801,D,2016,05,25,2016-05-25,342.2,88,49.7,296.8,0,1.0403169,2.7688923,281.8329,281.214,282.59857,280.3042,275.7289,1.0,0.0,0.13904874,0.12017033,0.104346655,0.13984403
56.8189,-111.0214,56.267,-108.801,D,2016,05,25,2016-05-25,342.4,92,50.5,294.4,1,1.0403169,2.7688923,281.8329,281.214,282.59857,280.3042,275.7289,1.0,0.0,0.13904874,0.12017033,0.104346655,0.13984403
56.8096,-111.0273,56.267,-108.801,D,2016,05,25,2016-05-25,338.1,90,44.0,294.2,1,1.0403169,2.7688923,281.8329,281.214,282.59857,280.3042,275.7289,1.0,0.0,0.13904874,0.12017033,0.104346655,0.13984403
56.6363,-110.149,56.267,-108.801,D,2016,05,25,2016-05-25,320.4,73,17.9,294.8,0,1.0403169,2.7688923,281.8329,281.214,282.59857,280.3042,275.7289,1.0,0.0,0.13904874,0.12017033,0.104346655,0.13984403
56.6227,-110.1356,56.267,-108.801,D,2016,05,25,2016-05-25,351.1,96,85.1,297.4,1,1.0403169,2.7688923,281.8329,281.214,282.59857,280.3042,275.7289,1.0,0.0,0.13904874,0.12017033,0.104346655,0.13984403
56.6187,-110.1159,56.267,-108.801,D,2016,05,25,2016-05-25,335.6,83,44.2,295.5,0,1.0403169,2.7688923,281.8329,281.214,282.59857,280.3042,275.7289,1.0,0.0,0.13904874,0.12017033,0.104346655,0.13984403
56.7679,-111.0387,56.267,-108.801,D,2016,05,25,2016-05-25,366.6,100,130.0,295.5,1,1.0403169,2.7688923,281.8329,281.214,282.59857,280.3042,275.7289,1.0,0.0,0.13904874,0.12017033,0.104346655,0.13984403
56.8679,-111.7879,56.267,-108.801,D,2016,05,25,2016-05-25,326.8,69,24.5,295.6,0,1.0403169,2.7688923,281.8329,281.214,282.59857,280.3042,275.7289,1.0,0.0,0.13904874,0.12017033,0.104346655,0.13984403
56.8588,-111.7936,56.267,-108.801,D,2016,05,25,2016-05-25,322.0,66,18.4,295.6,0,1.0403169,2.7688923,281.8329,281.214,282.59857,280.3042,275.7289,1.0,0.0,0.13904874,0.12017033,0.104346655,0.13984403
56.5385,-110.1966,56.267,-108.801,D,2016,05,25,2016-05-25,319.6,51,18.6,293.2,0,1.0403169,2.7688923,281.8329,281.214,282.59857,280.3042,275.7289,1.0,0.0,0.13904874,0.12017033,0.104346655,0.13984403
56.5329,-110.2225,56.267,-108.801,D,2016,05,25,2016-05-25,313.7,24,10.7,293.0,0,1.0403169,2.7688923,281.8329,281.214,282.59857,280.3042,275.7289,1.0,0.0,0.13904874,0.12017033,0.104346655,0.13984403
56.5311,-110.2083,56.267,-108.801,D,2016,05,25,2016-05-25,326.9,64,29.7,292.2,0,1.0403169,2.7688923,281.8329,281.214,282.59857,280.3042,275.7289,1.0,0.0,0.13904874,0.12017033,0.104346655,0.13984403
56.3647,-110.3446,56.267,-108.801,D,2016,05,25,2016-05-25,315.7,65,15.4,288.1,0,1.0403169,2.7688923,281.8329,281.214,282.59857,280.3042,275.7289,1.0,0.0,0.13904874,0.12017033,0.104346655,0.13984403
56.3628,-110.3304,56.267,-108.801,D,2016,05,25,2016-05-25,334.2,88,44.9,288.7,0,1.0403169,2.7688923,281.8329,281.214,282.59857,280.3042,275.7289,1.0,0.0,0.13904874,0.12017033,0.104346655,0.13984403
56.6531,-111.9575,56.267,-108.801,D,2016,05,25,2016-05-25,329.6,75,27.9,298.2,0,1.0403169,2.7688923,281.8329,281.214,282.59857,280.3042,275.7289,1.0,0.0,0.13904874,0.12017033,0.104346655,0.13984403
56.5803,-112.0263,56.267,-108.801,D,2016,05,25,2016-05-25,311.0,40,8.3,295.0,0,1.0403169,2.7688923,281.8329,281.214,282.59857,280.3042,275.7289,1.0,0.0,0.13904874,0.12017033,0.104346655,0.13984403
56.529,-110.2029,56.267,-108.801,D,2016,05,25,2016-05-25,322.1,78,23.0,291.1,0,1.0403169,2.7688923,281.8329,281.214,282.59857,280.3042,275.7289,1.0,0.0,0.13904874,0.12017033,0.104346655,0.13984403
56.9982,-110.2454,56.267,-108.801,D,2016,05,25,2016-05-25,347.5,95,71.9,295.1,1,1.0403169,2.7688923,281.8329,281.214,282.59857,280.3042,275.7289,1.0,0.0,0.13904874,0.12017033,0.104346655,0.13984403
56.9888,-110.2516,56.267,-108.801,D,2016,05,25,2016-05-25,335.1,60,40.9,296.5,0,1.0403169,2.7688923,281.8329,281.214,282.59857,280.3042,275.7289,1.0,0.0,0.13904874,0.12017033,0.104346655,0.13984403
56.9849,-110.2321,56.267,-108.801,D,2016,05,25,2016-05-25,332.5,49,35.7,293.3,0,1.0403169,2.7688923,281.8329,281.214,282.59857,280.3042,275.7289,1.0,0.0,0.13904874,0.12017033,0.104346655,0.13984403
56.9561,-110.1409,56.267,-108.801,D,2016,05,25,2016-05-25,333.2,87,41.2,294.5,0,1.0403169,2.7688923,281.8329,281.214,282.59857,280.3042,275.7289,1.0,0.0,0.13904874,0.12017033,0.104346655,0.13984403
56.9522,-110.1214,56.267,-108.801,D,2016,05,25,2016-05-25,323.2,80,24.0,293.6,0,1.0403169,2.7688923,281.8329,281.214,282.59857,280.3042,275.7289,1.0,0.0,0.13904874,0.12017033,0.104346655,0.13984403
56.9483,-110.1018,56.267,-108.801,D,2016,05,25,2016-05-25,315.8,59,14.8,293.9,0,1.0403169,2.7688923,281.8329,281.214,282.59857,280.3042,275.7289,1.0,0.0,0.13904874,0.12017033,0.104346655,0.13984403
56.935,-110.0888,56.267,-108.801,D,2016,05,25,2016-05-25,349.7,96,78.5,296.7,1,1.0403169,2.7688923,281.8329,281.214,282.59857,280.3042,275.7289,1.0,0.0,0.13904874,0.12017033,0.104346655,0.13984403
56.931,-110.069,56.267,-108.801,D,2016,05,25,2016-05-25,341.2,92,56.7,293.6,1,1.0403169,2.7688923,281.8329,281.214,282.59857,280.3042,275.7289,1.0,0.0,0.13904874,0.12017033,0.104346655,0.13984403
56.9192,-110.0098,56.267,-108.801,D,2016,05,25,2016-05-25,330.9,81,37.0,293.4,0,1.0403169,2.7688923,281.8329,281.214,282.59857,280.3042,275.7289,1.0,0.0,0.13904874,0.12017033,0.104346655,0.13984403
56.9152,-109.9901,56.267,-108.801,D,2016,05,25,2016-05-25,318.7,66,17.6,288.9,0,1.0403169,2.7688923,281.8329,281.214,282.59857,280.3042,275.7289,1.0,0.0,0.13904874,0.12017033,0.104346655,0.13984403
56.9097,-110.0162,56.267,-108.801,D,2016,05,25,2016-05-25,375.2,94,183.5,300.3,1,1.0403169,2.7688923,281.8329,281.214,282.59857,280.3042,275.7289,1.0,0.0,0.13904874,0.12017033,0.104346655,0.13984403
56.9001,-110.0225,56.267,-108.801,D,2016,05,25,2016-05-25,327.1,64,27.6,295.2,0,1.0403169,2.7688923,281.8329,281.214,282.59857,280.3042,275.7289,1.0,0.0,0.13904874,0.12017033,0.104346655,0.13984403
56.9312,-110.34,56.267,-108.801,D,2016,05,25,2016-05-25,346.3,94,63.0,295.6,1,1.0403169,2.7688923,281.8329,281.214,282.59857,280.3042,275.7289,1.0,0.0,0.13904874,0.12017033,0.104346655,0.13984403
56.9274,-110.3205,56.267,-108.801,D,2016,05,25,2016-05-25,329.7,58,29.1,294.2,0,1.0403169,2.7688923,281.8329,281.214,282.59857,280.3042,275.7289,1.0,0.0,0.13904874,0.12017033,0.104346655,0.13984403
56.918,-110.3267,56.267,-108.801,D,2016,05,25,2016-05-25,321.1,52,16.3,294.7,0,1.0403169,2.7688923,281.8329,281.214,282.59857,280.3042,275.7289,1.0,0.0,0.13904874,0.12017033,0.104346655,0.13984403
56.9104,-110.2882,56.267,-108.801,D,2016,05,25,2016-05-25,327.8,83,28.0,294.9,0,1.0403169,2.7688923,281.8329,281.214,282.59857,280.3042,275.7289,1.0,0.0,0.13904874,0.12017033,0.104346655,0.13984403
56.8599,-110.0336,56.267,-108.801,D,2016,05,25,2016-05-25,339.4,91,52.7,295.4,1,1.0403169,2.7688923,281.8329,281.214,282.59857,280.3042,275.7289,1.0,0.0,0.13904874,0.12017033,0.104346655,0.13984403
56.8559,-110.0139,56.267,-108.801,D,2016,05,25,2016-05-25,324.1,66,24.5,292.6,0,1.0403169,2.7688923,281.8329,281.214,282.59857,280.3042,275.7289,1.0,0.0,0.13904874,0.12017033,0.104346655,0.13984403
56.8464,-110.0202,56.267,-108.801,D,2016,05,25,2016-05-25,342.8,92,61.2,296.1,1,1.0403169,2.7688923,281.8329,281.214,282.59857,280.3042,275.7289,1.0,0.0,0.13904874,0.12017033,0.104346655,0.13984403
56.8424,-110.0005,56.267,-108.801,D,2016,05,25,2016-05-25,342.5,87,62.1,293.9,0,1.0403169,2.7688923,281.8329,281.214,282.59857,280.3042,275.7289,1.0,0.0,0.13904874,0.12017033,0.104346655,0.13984403
56.8385,-109.9808,56.267,-108.801,D,2016,05,25,2016-05-25,336.1,77,48.6,289.5,0,1.0403169,2.7688923,281.8329,281.214,282.59857,280.3042,275.7289,1.0,0.0,0.13904874,0.12017033,0.104346655,0.13984403
56.9181,-110.5437,56.267,-108.801,D,2016,05,25,2016-05-25,313.8,50,12.0,292.4,0,1.0403169,2.7688923,281.8329,281.214,282.59857,280.3042,275.7289,1.0,0.0,0.13904874,0.12017033,0.104346655,0.13984403
56.9144,-110.5247,56.267,-108.801,D,2016,05,25,2016-05-25,327.4,83,30.8,294.0,0,1.0403169,2.7688923,281.8329,281.214,282.59857,280.3042,275.7289,1.0,0.0,0.13904874,0.12017033,0.104346655,0.13984403
56.8993,-110.4481,56.267,-108.801,D,2016,05,25,2016-05-25,316.4,55,12.1,293.5,0,1.0403169,2.7688923,281.8329,281.214,282.59857,280.3042,275.7289,1.0,0.0,0.13904874,0.12017033,0.104346655,0.13984403
56.8955,-110.4287,56.267,-108.801,D,2016,05,25,2016-05-25,313.2,39,7.4,292.4,0,1.0403169,2.7688923,281.8329,281.214,282.59857,280.3042,275.7289,1.0,0.0,0.13904874,0.12017033,0.104346655,0.13984403
56.8899,-110.4542,56.267,-108.801,D,2016,05,25,2016-05-25,343.1,93,57.6,296.0,1,1.0403169,2.7688923,281.8329,281.214,282.59857,280.3042,275.7289,1.0,0.0,0.13904874,0.12017033,0.104346655,0.13984403
56.8861,-110.4348,56.267,-108.801,D,2016,05,25,2016-05-25,330.5,86,30.6,289.7,0,1.0403169,2.7688923,281.8329,281.214,282.59857,280.3042,275.7289,1.0,0.0,0.13904874,0.12017033,0.104346655,0.13984403
56.8805,-110.4603,56.267,-108.801,D,2016,05,25,2016-05-25,347.1,94,67.3,299.3,1,1.0403169,2.7688923,281.8329,281.214,282.59857,280.3042,275.7289,1.0,0.0,0.13904874,0.12017033,0.104346655,0.13984403
56.8186,-110.1502,56.267,-108.801,D,2016,05,25,2016-05-25,313.2,62,7.0,299.4,0,1.0403169,2.7688923,281.8329,281.214,282.59857,280.3042,275.7289,1.0,0.0,0.13904874,0.12017033,0.104346655,0.13984403
56.8521,-110.0428,56.267,-108.801,D,2016,05,25,2016-05-25,325.4,44,56.4,291.0,0,1.0403169,2.7688923,281.8329,281.214,282.59857,280.3042,275.7289,1.0,0.0,0.13904874,0.12017033,0.104346655,0.13984403
56.8397,-110.3682,56.267,-108.801,D,2016,05,25,2016-05-25,314.1,71,28.5,293.9,0,1.0403169,2.7688923,281.8329,281.214,282.59857,280.3042,275.7289,1.0,0.0,0.13904874,0.12017033,0.104346655,0.13984403
56.8306,-110.4026,56.267,-108.801,D,2016,05,25,2016-05-25,315.4,60,30.8,293.9,0,1.0403169,2.7688923,281.8329,281.214,282.59857,280.3042,275.7289,1.0,0.0,0.13904874,0.12017033,0.104346655,0.13984403
56.8214,-110.4375,56.267,-108.801,D,2016,05,25,2016-05-25,334.6,88,105.3,293.5,0,1.0403169,2.7688923,281.8329,281.214,282.59857,280.3042,275.7289,1.0,0.0,0.13904874,0.12017033,0.104346655,0.13984403
56.812,-110.473,56.267,-108.801,D,2016,05,25,2016-05-25,317.7,60,37.9,291.9,0,1.0403169,2.7688923,281.8329,281.214,282.59857,280.3042,275.7289,1.0,0.0,0.13904874,0.12017033,0.104346655,0.13984403
56.932,-110.0716,56.267,-108.801,D,2016,05,25,2016-05-25,309.5,36,16.5,290.2,0,1.0403169,2.7688923,281.8329,281.214,282.59857,280.3042,275.7289,1.0,0.0,0.13904874,0.12017033,0.104346655,0.13984403
56.9234,-110.1048,56.267,-108.801,D,2016,05,25,2016-05-25,311.4,39,20.7,294.0,0,1.0403169,2.7688923,281.8329,281.214,282.59857,280.3042,275.7289,1.0,0.0,0.13904874,0.12017033,0.104346655,0.13984403
56.815,-110.5181,56.267,-108.801,D,2016,05,25,2016-05-25,314.7,18,30.5,292.0,0,1.0403169,2.7688923,281.8329,281.214,282.59857,280.3042,275.7289,1.0,0.0,0.13904874,0.12017033,0.104346655,0.13984403
56.8358,-110.3685,56.267,-108.801,D,2016,05,25,2016-05-25,314.6,31,25.1,293.0,0,1.0403169,2.7688923,281.8329,281.214,282.59857,280.3042,275.7289,1.0,0.0,0.13904874,0.12017033,0.104346655,0.13984403
56.8172,-110.4376,56.267,-108.801,D,2016,05,25,2016-05-25,326.9,52,63.3,293.0,0,1.0403169,2.7688923,281.8329,281.214,282.59857,280.3042,275.7289,1.0,0.0,0.13904874,0.12017033,0.104346655,0.13984403
56.9294,-110.0731,56.267,-108.801,D,2016,05,25,2016-05-25,311.2,58,21.4,290.4,0,1.0403169,2.7688923,281.8329,281.214,282.59857,280.3042,275.7289,1.0,0.0,0.13904874,0.12017033,0.104346655,0.13984403
56.9206,-110.1062,56.267,-108.801,D,2016,05,25,2016-05-25,309.9,19,18.3,294.3,0,1.0403169,2.7688923,281.8329,281.214,282.59857,280.3042,275.7289,1.0,0.0,0.13904874,0.12017033,0.104346655,0.13984403
56.7575,-111.0493,56.267,-108.801,D,2016,05,25,2016-05-25,310.7,48,25.9,290.1,0,1.0403169,2.7688923,281.8329,281.214,282.59857,280.3042,275.7289,1.0,0.0,0.13904874,0.12017033,0.104346655,0.13984403
56.9856,-110.2484,56.267,-108.801,D,2016,05,25,2016-05-25,322.6,59,53.8,291.7,0,1.0403169,2.7688923,281.8329,281.214,282.59857,280.3042,275.7289,1.0,0.0,0.13904874,0.12017033,0.104346655,0.13984403
56.9826,-110.2535,56.267,-108.801,D,2016,05,25,2016-05-25,321.3,66,50.7,291.7,0,1.0403169,2.7688923,281.8329,281.214,282.59857,280.3042,275.7289,1.0,0.0,0.13904874,0.12017033,0.104346655,0.13984403
56.9093,-110.5273,56.267,-108.801,D,2016,05,25,2016-05-25,312.1,54,26.9,290.6,0,1.0403169,2.7688923,281.8329,281.214,282.59857,280.3042,275.7289,1.0,0.0,0.13904874,0.12017033,0.104346655,0.13984403
56.9945,-110.264,56.267,-108.801,D,2016,05,25,2016-05-25,316.8,56,38.0,292.7,0,1.0403169,2.7688923,281.8329,281.214,282.59857,280.3042,275.7289,1.0,0.0,0.13904874,0.12017033,0.104346655,0.13984403
56.8079,-111.0122,56.267,-108.801,D,2016,05,25,2016-05-25,320.5,67,46.8,291.6,0,1.0403169,2.7688923,281.8329,281.214,282.59857,280.3042,275.7289,1.0,0.0,0.13904874,0.12017033,0.104346655,0.13984403
56.8201,-111.0236,56.267,-108.801,D,2016,05,25,2016-05-25,328.1,80,76.4,293.6,0,1.0403169,2.7688923,281.8329,281.214,282.59857,280.3042,275.7289,1.0,0.0,0.13904874,0.12017033,0.104346655,0.13984403
56.609,-112.0832,56.267,-108.801,D,2016,05,25,2016-05-25,313.5,52,42.2,288.8,0,1.0403169,2.7688923,281.8329,281.214,282.59857,280.3042,275.7289,1.0,0.0,0.13904874,0.12017033,0.104346655,0.13984403
56.9134,-110.5232,56.267,-108.801,D,2016,05,25,2016-05-25,311.1,54,25.0,291.0,0,1.0403169,2.7688923,281.8329,281.214,282.59857,280.3042,275.7289,1.0,0.0,0.13904874,0.12017033,0.104346655,0.13984403
56.6442,-109.9648,56.267,-108.801,D,2016,05,25,2016-05-25,328.9,85,80.4,293.0,0,1.0403169,2.7688923,281.8329,281.214,282.59857,280.3042,275.7289,1.0,0.0,0.13904874,0.12017033,0.104346655,0.13984403
56.6412,-109.9698,56.267,-108.801,D,2016,05,25,2016-05-25,327.0,78,71.2,292.8,0,1.0403169,2.7688923,281.8329,281.214,282.59857,280.3042,275.7289,1.0,0.0,0.13904874,0.12017033,0.104346655,0.13984403
56.665,-109.9906,56.267,-108.801,D,2016,05,25,2016-05-25,315.6,50,36.4,289.0,0,1.0403169,2.7688923,281.8329,281.214,282.59857,280.3042,275.7289,1.0,0.0,0.13904874,0.12017033,0.104346655,0.13984403
56.7628,-109.9521,56.267,-108.801,D,2016,05,25,2016-05-25,319.0,49,43.2,290.0,0,1.0403169,2.7688923,281.8329,281.214,282.59857,280.3042,275.7289,1.0,0.0,0.13904874,0.12017033,0.104346655,0.13984403
56.76,-109.9536,56.267,-108.801,D,2016,05,25,2016-05-25,317.3,47,36.6,289.4,0,1.0403169,2.7688923,281.8329,281.214,282.59857,280.3042,275.7289,1.0,0.0,0.13904874,0.12017033,0.104346655,0.13984403
56.8309,-110.0167,56.267,-108.801,D,2016,05,25,2016-05-25,318.8,53,41.1,291.5,0,1.0403169,2.7688923,281.8329,281.214,282.59857,280.3042,275.7289,1.0,0.0,0.13904874,0.12017033,0.104346655,0.13984403
56.8428,-110.0272,56.267,-108.801,D,2016,05,25,2016-05-25,334.7,84,97.9,293.8,0,1.0403169,2.7688923,281.8329,281.214,282.59857,280.3042,275.7289,1.0,0.0,0.13904874,0.12017033,0.104346655,0.13984403
56.8546,-110.0376,56.267,-108.801,D,2016,05,25,2016-05-25,327.0,67,64.5,290.9,0,1.0403169,2.7688923,281.8329,281.214,282.59857,280.3042,275.7289,1.0,0.0,0.13904874,0.12017033,0.104346655,0.13984403
56.8402,-110.0324,56.267,-108.801,D,2016,05,25,2016-05-25,329.4,48,72.7,293.6,0,1.0403169,2.7688923,281.8329,281.214,282.59857,280.3042,275.7289,1.0,0.0,0.13904874,0.12017033,0.104346655,0.13984403
56.2165,-110.433,56.267,-108.801,D,2016,05,25,2016-05-25,309.6,56,20.4,290.4,0,1.0403169,2.7688923,281.8329,281.214,282.59857,280.3042,275.7289,1.0,0.0,0.13904874,0.12017033,0.104346655,0.13984403
56.9576,-110.2426,56.267,-108.801,D,2016,05,25,2016-05-25,370.3,100,0.0,286.2,1,1.0403169,2.7688923,281.8329,281.214,282.59857,280.3042,275.7289,1.0,0.0,0.13904874,0.12017033,0.104346655,0.13984403
56.3625,-110.328,56.267,-108.801,D,2016,05,25,2016-05-25,308.5,44,20.0,293.7,0,1.0403169,2.7688923,281.8329,281.214,282.59857,280.3042,275.7289,1.0,0.0,0.13904874,0.12017033,0.104346655,0.13984403
56.5227,-110.2131,56.267,-108.801,D,2016,05,25,2016-05-25,311.2,13,23.5,290.6,0,1.0403169,2.7688923,281.8329,281.214,282.59857,280.3042,275.7289,1.0,0.0,0.13904874,0.12017033,0.104346655,0.13984403
56.6161,-110.1622,56.267,-108.801,D,2016,05,25,2016-05-25,318.7,46,36.8,292.9,0,1.0403169,2.7688923,281.8329,281.214,282.59857,280.3042,275.7289,1.0,0.0,0.13904874,0.12017033,0.104346655,0.13984403
56.6121,-110.1657,56.267,-108.801,D,2016,05,25,2016-05-25,315.5,63,32.7,293.0,0,1.0403169,2.7688923,281.8329,281.214,282.59857,280.3042,275.7289,1.0,0.0,0.13904874,0.12017033,0.104346655,0.13984403
56.7863,-110.7848,56.267,-108.801,D,2016,05,25,2016-05-25,307.5,26,13.3,291.5,0,1.0403169,2.7688923,281.8329,281.214,282.59857,280.3042,275.7289,1.0,0.0,0.13904874,0.12017033,0.104346655,0.13984403
56.8122,-110.5398,56.267,-108.801,D,2016,05,25,2016-05-25,313.7,34,27.2,291.5,0,1.0403169,2.7688923,281.8329,281.214,282.59857,280.3042,275.7289,1.0,0.0,0.13904874,0.12017033,0.104346655,0.13984403
56.8323,-111.1039,56.267,-108.801,D,2016,05,25,2016-05-25,377.7,94,389.8,294.2,1,1.0403169,2.7688923,281.8329,281.214,282.59857,280.3042,275.7289,1.0,0.0,0.13904874,0.12017033,0.104346655,0.13984403
56.8303,-111.1377,56.267,-108.801,D,2016,05,25,2016-05-25,323.0,58,36.4,296.2,0,1.0403169,2.7688923,281.8329,281.214,282.59857,280.3042,275.7289,1.0,0.0,0.13904874,0.12017033,0.104346655,0.13984403
56.8104,-111.4666,56.267,-108.801,D,2016,05,25,2016-05-25,318.9,28,21.1,298.2,0,1.0403169,2.7688923,281.8329,281.214,282.59857,280.3042,275.7289,1.0,0.0,0.13904874,0.12017033,0.104346655,0.13984403
56.8448,-110.9085,56.267,-108.801,D,2016,05,25,2016-05-25,315.9,65,26.5,296.5,0,1.0403169,2.7688923,281.8329,281.214,282.59857,280.3042,275.7289,1.0,0.0,0.13904874,0.12017033,0.104346655,0.13984403
56.8393,-111.0111,56.267,-108.801,D,2016,05,25,2016-05-25,322.0,64,40.1,292.5,0,1.0403169,2.7688923,281.8329,281.214,282.59857,280.3042,275.7289,1.0,0.0,0.13904874,0.12017033,0.104346655,0.13984403
56.8338,-111.1127,56.267,-108.801,D,2016,05,25,2016-05-25,371.6,94,327.8,295.8,1,1.0403169,2.7688923,281.8329,281.214,282.59857,280.3042,275.7289,1.0,0.0,0.13904874,0.12017033,0.104346655,0.13984403
56.8133,-111.4756,56.267,-108.801,D,2016,05,25,2016-05-25,319.3,76,24.9,297.8,0,1.0403169,2.7688923,281.8329,281.214,282.59857,280.3042,275.7289,1.0,0.0,0.13904874,0.12017033,0.104346655,0.13984403
56.8551,-111.8102,56.267,-108.801,D,2016,05,25,2016-05-25,317.3,41,27.2,295.7,0,1.0403169,2.7688923,281.8329,281.214,282.59857,280.3042,275.7289,1.0,0.0,0.13904874,0.12017033,0.104346655,0.13984403
56.9536,-110.2458,56.267,-108.801,D,2016,05,25,2016-05-25,362.8,92,0.0,284.9,1,1.0403169,2.7688923,281.8329,281.214,282.59857,280.3042,275.7289,1.0,0.0,0.13904874,0.12017033,0.104346655,0.13984403
56.9288,-110.7521,56.267,-108.801,D,2016,05,25,2016-05-25,309.6,0,20.1,285.3,0,1.0403169,2.7688923,281.8329,281.214,282.59857,280.3042,275.7289,1.0,0.0,0.13904874,0.12017033,0.104346655,0.13984403
56.9668,-110.2477,56.267,-108.801,D,2016,05,25,2016-05-25,380.0,100,0.0,288.5,1,1.0403169,2.7688923,281.8329,281.214,282.59857,280.3042,275.7289,1.0,0.0,0.13904874,0.12017033,0.104346655,0.13984403
56.9799,-110.2499,56.267,-108.801,D,2016,05,25,2016-05-25,305.1,0,14.2,270.7,0,1.0403169,2.7688923,281.8329,281.214,282.59857,280.3042,275.7289,1.0,0.0,0.13904874,0.12017033,0.104346655,0.13984403
57.3373,-111.7473,56.267,-108.801,D,2016,05,25,2016-05-25,310.1,39,14.3,295.8,0,1.0403169,2.7688923,281.8329,281.214,282.59857,280.3042,275.7289,1.0,0.0,0.13904874,0.12017033,0.104346655,0.13984403
62.0791,-120.1976,56.267,-108.801,D,2016,05,25,2016-05-25,302.5,17,3.1,290.0,0,1.0403169,2.7688923,281.8329,281.214,282.59857,280.3042,275.7289,1.0,0.0,0.13904874,0.12017033,0.104346655,0.13984403
56.8412,-110.0049,56.353,-109.569,D,2016,05,26,2016-05-26,316.7,37,19.8,292.4,0,-2.7658482,-1.7662934,281.65387,280.12787,282.5464,275.2339,273.38123,6.0,0.0,0.4180907,0.39638865,0.40086502,0.44484234
56.9986,-110.2686,56.353,-109.569,D,2016,05,26,2016-05-26,314.6,71,20.7,292.1,0,-2.7658482,-1.7662934,281.65387,280.12787,282.5464,275.2339,273.38123,6.0,0.0,0.4180907,0.39638865,0.40086502,0.44484234
56.9965,-110.2428,56.353,-109.569,D,2016,05,26,2016-05-26,317.9,75,25.7,292.7,0,-2.7658482,-1.7662934,281.65387,280.12787,282.5464,275.2339,273.38123,6.0,0.0,0.4180907,0.39638865,0.40086502,0.44484234
56.9876,-110.2715,56.353,-109.569,D,2016,05,26,2016-05-26,369.4,100,214.0,296.0,1,-2.7658482,-1.7662934,281.65387,280.12787,282.5464,275.2339,273.38123,6.0,0.0,0.4180907,0.39638865,0.40086502,0.44484234
56.9855,-110.2457,56.353,-109.569,D,2016,05,26,2016-05-26,333.7,88,57.5,295.3,0,-2.7658482,-1.7662934,281.65387,280.12787,282.5464,275.2339,273.38123,6.0,0.0,0.4180907,0.39638865,0.40086502,0.44484234
56.9765,-110.2744,56.353,-109.569,D,2016,05,26,2016-05-26,334.5,79,58.1,291.9,0,-2.7658482,-1.7662934,281.65387,280.12787,282.5464,275.2339,273.38123,6.0,0.0,0.4180907,0.39638865,0.40086502,0.44484234
56.9744,-110.2487,56.353,-109.569,D,2016,05,26,2016-05-26,337.2,84,64.9,295.0,0,-2.7658482,-1.7662934,281.65387,280.12787,282.5464,275.2339,273.38123,6.0,0.0,0.4180907,0.39638865,0.40086502,0.44484234
56.9634,-110.2516,56.353,-109.569,D,2016,05,26,2016-05-26,326.6,83,38.8,294.1,0,-2.7658482,-1.7662934,281.65387,280.12787,282.5464,275.2339,273.38123,6.0,0.0,0.4180907,0.39638865,0.40086502,0.44484234
56.9551,-110.1491,56.353,-109.569,D,2016,05,26,2016-05-26,310.8,42,12.4,292.9,0,-2.7658482,-1.7662934,281.65387,280.12787,282.5464,275.2339,273.38123,6.0,0.0,0.4180907,0.39638865,0.40086502,0.44484234
56.953,-110.1237,56.353,-109.569,D,2016,05,26,2016-05-26,311.7,47,14.0,292.2,0,-2.7658482,-1.7662934,281.65387,280.12787,282.5464,275.2339,273.38123,6.0,0.0,0.4180907,0.39638865,0.40086502,0.44484234
56.9544,-110.2803,56.353,-109.569,D,2016,05,26,2016-05-26,380.2,100,287.6,295.7,1,-2.7658482,-1.7662934,281.65387,280.12787,282.5464,275.2339,273.38123,6.0,0.0,0.4180907,0.39638865,0.40086502,0.44484234
56.9523,-110.2544,56.353,-109.569,D,2016,05,26,2016-05-26,374.2,100,243.5,297.9,1,-2.7658482,-1.7662934,281.65387,280.12787,282.5464,275.2339,273.38123,6.0,0.0,0.4180907,0.39638865,0.40086502,0.44484234
56.9502,-110.2286,56.353,-109.569,D,2016,05,26,2016-05-26,310.3,29,9.6,294.5,0,-2.7658482,-1.7662934,281.65387,280.12787,282.5464,275.2339,273.38123,6.0,0.0,0.4180907,0.39638865,0.40086502,0.44484234
56.9494,-110.3604,56.353,-109.569,D,2016,05,26,2016-05-26,341.5,92,80.8,294.2,1,-2.7658482,-1.7662934,281.65387,280.12787,282.5464,275.2339,273.38123,6.0,0.0,0.4180907,0.39638865,0.40086502,0.44484234
56.9474,-110.3347,56.353,-109.569,D,2016,05,26,2016-05-26,317.8,38,20.9,293.6,0,-2.7658482,-1.7662934,281.65387,280.12787,282.5464,275.2339,273.38123,6.0,0.0,0.4180907,0.39638865,0.40086502,0.44484234
56.9343,-110.3119,56.353,-109.569,D,2016,05,26,2016-05-26,315.7,37,15.8,292.5,0,-2.7658482,-1.7662934,281.65387,280.12787,282.5464,275.2339,273.38123,6.0,0.0,0.4180907,0.39638865,0.40086502,0.44484234
56.9344,-110.3177,56.353,-109.569,D,2016,05,26,2016-05-26,320.9,49,23.8,293.6,0,-2.7658482,-1.7662934,281.65387,280.12787,282.5464,275.2339,273.38123,6.0,0.0,0.4180907,0.39638865,0.40086502,0.44484234
56.8872,-110.4356,56.353,-109.569,D,2016,05,26,2016-05-26,318.9,76,22.9,294.5,0,-2.7658482,-1.7662934,281.65387,280.12787,282.5464,275.2339,273.38123,6.0,0.0,0.4180907,0.39638865,0.40086502,0.44484234
56.8521,-110.0018,56.353,-109.569,D,2016,05,26,2016-05-26,315.0,36,17.2,291.4,0,-2.7658482,-1.7662934,281.65387,280.12787,282.5464,275.2339,273.38123,6.0,0.0,0.4180907,0.39638865,0.40086502,0.44484234
56.8031,-110.5173,56.353,-109.569,D,2016,05,26,2016-05-26,309.5,50,10.1,293.0,0,-2.7658482,-1.7662934,281.65387,280.12787,282.5464,275.2339,273.38123,6.0,0.0,0.4180907,0.39638865,0.40086502,0.44484234
56.6263,-110.1583,56.353,-109.569,D,2016,05,26,2016-05-26,318.4,67,24.0,289.3,0,-2.7658482,-1.7662934,281.65387,280.12787,282.5464,275.2339,273.38123,6.0,0.0,0.4180907,0.39638865,0.40086502,0.44484234
56.9963,-110.2927,56.353,-109.569,D,2016,05,26,2016-05-26,331.8,76,153.9,285.5,0,-2.7658482,-1.7662934,281.65387,280.12787,282.5464,275.2339,273.38123,6.0,0.0,0.4180907,0.39638865,0.40086502,0.44484234
56.9559,-110.2741,56.353,-109.569,D,2016,05,26,2016-05-26,366.5,94,541.2,289.5,1,-2.7658482,-1.7662934,281.65387,280.12787,282.5464,275.2339,273.38123,6.0,0.0,0.4180907,0.39638865,0.40086502,0.44484234
56.9421,-110.2289,56.353,-109.569,D,2016,05,26,2016-05-26,317.0,73,58.8,289.5,0,-2.7658482,-1.7662934,281.65387,280.12787,282.5464,275.2339,273.38123,6.0,0.0,0.4180907,0.39638865,0.40086502,0.44484234
56.8578,-110.0112,56.353,-109.569,D,2016,05,26,2016-05-26,323.6,82,102.8,289.9,0,-2.7658482,-1.7662934,281.65387,280.12787,282.5464,275.2339,273.38123,6.0,0.0,0.4180907,0.39638865,0.40086502,0.44484234
56.9586,-110.2782,56.353,-109.569,D,2016,05,26,2016-05-26,358.7,99,421.8,289.0,1,-2.7658482,-1.7662934,281.65387,280.12787,282.5464,275.2339,273.38123,6.0,0.0,0.4180907,0.39638865,0.40086502,0.44484234
56.945,-110.2328,56.353,-109.569,D,2016,05,26,2016-05-26,328.9,86,123.4,289.3,0,-2.7658482,-1.7662934,281.65387,280.12787,282.5464,275.2339,273.38123,6.0,0.0,0.4180907,0.39638865,0.40086502,0.44484234
56.8481,-110.0278,56.353,-109.569,D,2016,05,26,2016-05-26,323.2,82,101.5,291.4,0,-2.7658482,-1.7662934,281.65387,280.12787,282.5464,275.2339,273.38123,6.0,0.0,0.4180907,0.39638865,0.40086502,0.44484234
56.8338,-109.981,56.353,-109.569,D,2016,05,26,2016-05-26,307.6,48,29.7,289.4,0,-2.7658482,-1.7662934,281.65387,280.12787,282.5464,275.2339,273.38123,6.0,0.0,0.4180907,0.39638865,0.40086502,0.44484234
56.8809,-110.4212,56.353,-109.569,D,2016,05,26,2016-05-26,306.6,44,19.3,291.5,0,-2.7658482,-1.7662934,281.65387,280.12787,282.5464,275.2339,273.38123,6.0,0.0,0.4180907,0.39638865,0.40086502,0.44484234
56.6907,-110.0722,56.353,-109.569,D,2016,05,26,2016-05-26,304.6,28,19.8,287.1,0,-2.7658482,-1.7662934,281.65387,280.12787,282.5464,275.2339,273.38123,6.0,0.0,0.4180907,0.39638865,0.40086502,0.44484234
56.8173,-111.0099,56.353,-109.569,D,2016,05,26,2016-05-26,304.1,26,16.0,287.3,0,-2.7658482,-1.7662934,281.65387,280.12787,282.5464,275.2339,273.38123,6.0,0.0,0.4180907,0.39638865,0.40086502,0.44484234
56.8175,-111.0144,56.353,-109.569,D,2016,05,26,2016-05-26,303.6,43,16.0,287.4,0,-2.7658482,-1.7662934,281.65387,280.12787,282.5464,275.2339,273.38123,6.0,0.0,0.4180907,0.39638865,0.40086502,0.44484234
56.5337,-110.302,56.353,-109.569,D,2016,05,26,2016-05-26,312.9,69,60.5,286.9,0,-2.7658482,-1.7662934,281.65387,280.12787,282.5464,275.2339,273.38123,6.0,0.0,0.4180907,0.39638865,0.40086502,0.44484234
56.5193,-110.2554,56.353,-109.569,D,2016,05,26,2016-05-26,302.7,28,25.9,284.8,0,-2.7658482,-1.7662934,281.65387,280.12787,282.5464,275.2339,273.38123,6.0,0.0,0.4180907,0.39638865,0.40086502,0.44484234
56.5379,-110.3058,56.353,-109.569,D,2016,05,26,2016-05-26,309.2,64,45.3,286.5,0,-2.7658482,-1.7662934,281.65387,280.12787,282.5464,275.2339,273.38123,6.0,0.0,0.4180907,0.39638865,0.40086502,0.44484234
56.5237,-110.259,56.353,-109.569,D,2016,05,26,2016-05-26,302.5,17,25.5,284.6,0,-2.7658482,-1.7662934,281.65387,280.12787,282.5464,275.2339,273.38123,6.0,0.0,0.4180907,0.39638865,0.40086502,0.44484234
56.9129,-110.5307,56.353,-109.569,D,2016,05,26,2016-05-26,311.4,65,8.9,293.1,0,-2.7658482,-1.7662934,281.65387,280.12787,282.5464,275.2339,273.38123,6.0,0.0,0.4180907,0.39638865,0.40086502,0.44484234
56.5261,-110.2928,56.353,-109.569,D,2016,05,26,2016-05-26,353.4,97,72.2,286.2,1,-2.7658482,-1.7662934,281.65387,280.12787,282.5464,275.2339,273.38123,6.0,0.0,0.4180907,0.39638865,0.40086502,0.44484234
56.6214,-110.1739,56.353,-109.569,D,2016,05,26,2016-05-26,321.2,44,13.9,295.5,0,-2.7658482,-1.7662934,281.65387,280.12787,282.5464,275.2339,273.38123,6.0,0.0,0.4180907,0.39638865,0.40086502,0.44484234
56.6954,-110.0731,56.353,-109.569,D,2016,05,26,2016-05-26,316.6,68,11.5,292.4,0,-2.7658482,-1.7662934,281.65387,280.12787,282.5464,275.2339,273.38123,6.0,0.0,0.4180907,0.39638865,0.40086502,0.44484234
56.6928,-110.0893,56.353,-109.569,D,2016,05,26,2016-05-26,324.4,80,19.1,293.5,0,-2.7658482,-1.7662934,281.65387,280.12787,282.5464,275.2339,273.38123,6.0,0.0,0.4180907,0.39638865,0.40086502,0.44484234
56.8319,-109.982,56.353,-109.569,D,2016,05,26,2016-05-26,320.4,46,13.2,296.4,0,-2.7658482,-1.7662934,281.65387,280.12787,282.5464,275.2339,273.38123,6.0,0.0,0.4180907,0.39638865,0.40086502,0.44484234
56.8469,-110.0077,56.353,-109.569,D,2016,05,26,2016-05-26,352.7,97,61.8,299.5,1,-2.7658482,-1.7662934,281.65387,280.12787,282.5464,275.2339,273.38123,6.0,0.0,0.4180907,0.39638865,0.40086502,0.44484234
56.8442,-110.024,56.353,-109.569,D,2016,05,26,2016-05-26,338.0,75,31.6,302.0,0,-2.7658482,-1.7662934,281.65387,280.12787,282.5464,275.2339,273.38123,6.0,0.0,0.4180907,0.39638865,0.40086502,0.44484234
56.8556,-110.0125,56.353,-109.569,D,2016,05,26,2016-05-26,322.6,42,14.0,296.5,0,-2.7658482,-1.7662934,281.65387,280.12787,282.5464,275.2339,273.38123,6.0,0.0,0.4180907,0.39638865,0.40086502,0.44484234
56.853,-110.0288,56.353,-109.569,D,2016,05,26,2016-05-26,327.3,62,17.9,296.7,0,-2.7658482,-1.7662934,281.65387,280.12787,282.5464,275.2339,273.38123,6.0,0.0,0.4180907,0.39638865,0.40086502,0.44484234
56.8235,-110.3861,56.353,-109.569,D,2016,05,26,2016-05-26,312.7,43,5.5,298.5,0,-2.7658482,-1.7662934,281.65387,280.12787,282.5464,275.2339,273.38123,6.0,0.0,0.4180907,0.39638865,0.40086502,0.44484234
56.8208,-110.4025,56.353,-109.569,D,2016,05,26,2016-05-26,316.4,64,8.9,298.2,0,-2.7658482,-1.7662934,281.65387,280.12787,282.5464,275.2339,273.38123,6.0,0.0,0.4180907,0.39638865,0.40086502,0.44484234
56.8127,-110.4519,56.353,-109.569,D,2016,05,26,2016-05-26,312.5,44,6.7,295.7,0,-2.7658482,-1.7662934,281.65387,280.12787,282.5464,275.2339,273.38123,6.0,0.0,0.4180907,0.39638865,0.40086502,0.44484234
56.9138,-109.9963,56.353,-109.569,D,2016,05,26,2016-05-26,323.6,80,17.5,294.4,0,-2.7658482,-1.7662934,281.65387,280.12787,282.5464,275.2339,273.38123,6.0,0.0,0.4180907,0.39638865,0.40086502,0.44484234
56.9112,-110.0126,56.353,-109.569,D,2016,05,26,2016-05-26,313.0,67,7.4,295.5,0,-2.7658482,-1.7662934,281.65387,280.12787,282.5464,275.2339,273.38123,6.0,0.0,0.4180907,0.39638865,0.40086502,0.44484234
56.9296,-110.0757,56.353,-109.569,D,2016,05,26,2016-05-26,324.5,76,16.5,295.4,0,-2.7658482,-1.7662934,281.65387,280.12787,282.5464,275.2339,273.38123,6.0,0.0,0.4180907,0.39638865,0.40086502,0.44484234
56.9154,-110.2812,56.353,-109.569,D,2016,05,26,2016-05-26,316.7,62,9.2,294.3,0,-2.7658482,-1.7662934,281.65387,280.12787,282.5464,275.2339,273.38123,6.0,0.0,0.4180907,0.39638865,0.40086502,0.44484234
56.9127,-110.2976,56.353,-109.569,D,2016,05,26,2016-05-26,330.1,85,24.1,298.4,0,-2.7658482,-1.7662934,281.65387,280.12787,282.5464,275.2339,273.38123,6.0,0.0,0.4180907,0.39638865,0.40086502,0.44484234
56.8885,-110.4453,56.353,-109.569,D,2016,05,26,2016-05-26,334.1,83,27.0,300.0,0,-2.7658482,-1.7662934,281.65387,280.12787,282.5464,275.2339,273.38123,6.0,0.0,0.4180907,0.39638865,0.40086502,0.44484234
56.9507,-110.1227,56.353,-109.569,D,2016,05,26,2016-05-26,314.6,37,7.8,295.3,0,-2.7658482,-1.7662934,281.65387,280.12787,282.5464,275.2339,273.38123,6.0,0.0,0.4180907,0.39638865,0.40086502,0.44484234
56.9481,-110.139,56.353,-109.569,D,2016,05,26,2016-05-26,318.4,74,11.0,295.2,0,-2.7658482,-1.7662934,281.65387,280.12787,282.5464,275.2339,273.38123,6.0,0.0,0.4180907,0.39638865,0.40086502,0.44484234
56.9497,-110.2467,56.353,-109.569,D,2016,05,26,2016-05-26,332.2,41,23.7,298.9,0,-2.7658482,-1.7662934,281.65387,280.12787,282.5464,275.2339,273.38123,6.0,0.0,0.4180907,0.39638865,0.40086502,0.44484234
56.9471,-110.2631,56.353,-109.569,D,2016,05,26,2016-05-26,363.6,100,92.2,300.1,1,-2.7658482,-1.7662934,281.65387,280.12787,282.5464,275.2339,273.38123,6.0,0.0,0.4180907,0.39638865,0.40086502,0.44484234
56.9444,-110.2795,56.353,-109.569,D,2016,05,26,2016-05-26,352.4,97,62.2,297.7,1,-2.7658482,-1.7662934,281.65387,280.12787,282.5464,275.2339,273.38123,6.0,0.0,0.4180907,0.39638865,0.40086502,0.44484234
56.9559,-110.268,56.353,-109.569,D,2016,05,26,2016-05-26,432.0,100,518.9,312.8,1,-2.7658482,-1.7662934,281.65387,280.12787,282.5464,275.2339,273.38123,6.0,0.0,0.4180907,0.39638865,0.40086502,0.44484234
56.9532,-110.2844,56.353,-109.569,D,2016,05,26,2016-05-26,413.9,100,354.0,305.5,1,-2.7658482,-1.7662934,281.65387,280.12787,282.5464,275.2339,273.38123,6.0,0.0,0.4180907,0.39638865,0.40086502,0.44484234
56.9452,-110.3335,56.353,-109.569,D,2016,05,26,2016-05-26,319.6,46,10.7,297.4,0,-2.7658482,-1.7662934,281.65387,280.12787,282.5464,275.2339,273.38123,6.0,0.0,0.4180907,0.39638865,0.40086502,0.44484234
56.9102,-110.5472,56.353,-109.569,D,2016,05,26,2016-05-26,305.6,19,4.3,291.7,0,-2.7658482,-1.7662934,281.65387,280.12787,282.5464,275.2339,273.38123,6.0,0.0,0.4180907,0.39638865,0.40086502,0.44484234
56.9628,-110.2787,56.353,-109.569,D,2016,05,26,2016-05-26,321.6,74,14.3,294.1,0,-2.7658482,-1.7662934,281.65387,280.12787,282.5464,275.2339,273.38123,6.0,0.0,0.4180907,0.39638865,0.40086502,0.44484234
56.9521,-110.3442,56.353,-109.569,D,2016,05,26,2016-05-26,318.9,59,11.7,297.0,0,-2.7658482,-1.7662934,281.65387,280.12787,282.5464,275.2339,273.38123,6.0,0.0,0.4180907,0.39638865,0.40086502,0.44484234
56.9796,-110.2345,56.353,-109.569,D,2016,05,26,2016-05-26,328.3,61,20.6,297.6,0,-2.7658482,-1.7662934,281.65387,280.12787,282.5464,275.2339,273.38123,6.0,0.0,0.4180907,0.39638865,0.40086502,0.44484234
56.9743,-110.2672,56.353,-109.569,D,2016,05,26,2016-05-26,423.9,94,436.9,312.7,1,-2.7658482,-1.7662934,281.65387,280.12787,282.5464,275.2339,273.38123,6.0,0.0,0.4180907,0.39638865,0.40086502,0.44484234
56.9831,-110.272,56.353,-109.569,D,2016,05,26,2016-05-26,371.9,75,116.7,295.3,0,-2.7658482,-1.7662934,281.65387,280.12787,282.5464,275.2339,273.38123,6.0,0.0,0.4180907,0.39638865,0.40086502,0.44484234
56.9972,-110.2441,56.353,-109.569,D,2016,05,26,2016-05-26,322.2,68,16.8,295.6,0,-2.7658482,-1.7662934,281.65387,280.12787,282.5464,275.2339,273.38123,6.0,0.0,0.4180907,0.39638865,0.40086502,0.44484234
56.9945,-110.2605,56.353,-109.569,D,2016,05,26,2016-05-26,328.9,73,24.7,291.9,0,-2.7658482,-1.7662934,281.65387,280.12787,282.5464,275.2339,273.38123,6.0,0.0,0.4180907,0.39638865,0.40086502,0.44484234
52.6727,-102.27,48.906,-95.418,D,2016,05,30,2016-05-30,323.4,66,23.1,283.4,0,0.94370604,0.63520014,284.98373,283.28067,285.9639,283.14066,277.26593,6.0,0.0,0.5578826,0.5380052,0.5337002,0.57986367
51.0467,-97.388,48.906,-95.418,D,2016,05,30,2016-05-30,311.2,64,6.1,294.8,0,0.94370604,0.63520014,284.98373,283.28067,285.9639,283.14066,277.26593,6.0,0.0,0.5578826,0.5380052,0.5337002,0.57986367
51.0379,-97.3916,48.906,-95.418,D,2016,05,30,2016-05-30,309.4,43,4.9,296.1,0,0.94370604,0.63520014,284.98373,283.28067,285.9639,283.14066,277.26593,6.0,0.0,0.5578826,0.5380052,0.5337002,0.57986367
50.357,-95.7989,48.906,-95.418,D,2016,05,30,2016-05-30,302.8,17,3.3,290.5,0,0.94370604,0.63520014,284.98373,283.28067,285.9639,283.14066,277.26593,6.0,0.0,0.5578826,0.5380052,0.5337002,0.57986367
50.9197,-101.3647,48.906,-95.418,D,2016,05,30,2016-05-30,314.9,49,6.6,300.0,0,0.94370604,0.63520014,284.98373,283.28067,285.9639,283.14066,277.26593,6.0,0.0,0.5578826,0.5380052,0.5337002,0.57986367
50.4185,-100.4286,48.906,-95.418,D,2016,05,30,2016-05-30,319.5,0,8.9,302.3,0,0.94370604,0.63520014,284.98373,283.28067,285.9639,283.14066,277.26593,6.0,0.0,0.5578826,0.5380052,0.5337002,0.57986367
49.5219,-96.0306,48.906,-95.418,D,2016,05,30,2016-05-30,309.3,23,5.5,297.0,0,0.94370604,0.63520014,284.98373,283.28067,285.9639,283.14066,277.26593,6.0,0.0,0.5578826,0.5380052,0.5337002,0.57986367
50.0961,-100.5731,48.906,-95.418,D,2016,05,30,2016-05-30,324.4,82,15.6,298.7,0,0.94370604,0.63520014,284.98373,283.28067,285.9639,283.14066,277.26593,6.0,0.0,0.5578826,0.5380052,0.5337002,0.57986367
52.0609,-104.1821,48.906,-95.418,D,2016,05,30,2016-05-30,321.9,77,15.7,300.2,0,0.94370604,0.63520014,284.98373,283.28067,285.9639,283.14066,277.26593,6.0,0.0,0.5578826,0.5380052,0.5337002,0.57986367
52.4769,-103.2271,48.906,-95.418,D,2016,05,30,2016-05-30,307.1,49,6.2,285.3,0,0.94370604,0.63520014,284.98373,283.28067,285.9639,283.14066,277.26593,6.0,0.0,0.5578826,0.5380052,0.5337002,0.57986367
52.3433,-106.2986,48.906,-95.418,D,2016,05,30,2016-05-30,303.6,50,8.5,279.9,0,0.94370604,0.63520014,284.98373,283.28067,285.9639,283.14066,277.26593,6.0,0.0,0.5578826,0.5380052,0.5337002,0.57986367
53.2347,-103.8957,46.825,-81.049,D,2016,06,02,2016-06-02,310.1,35,5.7,289.4,0,1.246295,3.7130327,287.94754,287.5893,286.6825,283.61407,275.01535,1.0,2.101995e-06,0.21976948,0.18885338,0.17199732,0.26910043
52.1306,-107.603,46.825,-81.049,D,2016,06,02,2016-06-02,322.8,36,9.6,304.4,0,1.246295,3.7130327,287.94754,287.5893,286.6825,283.61407,275.01535,1.0,2.101995e-06,0.21976948,0.18885338,0.17199732,0.26910043
56.4528,-117.3568,54.683,-106.662,D,2016,06,04,2016-06-04,301.4,35,5.1,291.3,0,3.63805,1.5056592,285.64255,284.72873,286.07843,282.17233,275.31985,3.0,0.0,0.36730218,0.32011354,0.36694697,0.4166435
55.1052,-106.6623,54.683,-106.662,D,2016,06,04,2016-06-04,315.8,72,115.8,286.5,0,3.63805,1.5056592,285.64255,284.72873,286.07843,282.17233,275.31985,3.0,0.0,0.36730218,0.32011354,0.36694697,0.4166435
56.7959,-110.4878,54.683,-106.662,D,2016,06,04,2016-06-04,310.5,0,33.3,287.0,0,3.63805,1.5056592,285.64255,284.72873,286.07843,282.17233,275.31985,3.0,0.0,0.36730218,0.32011354,0.36694697,0.4166435
55.098,-106.6692,54.683,-106.662,D,2016,06,04,2016-06-04,340.8,83,39.8,297.6,0,3.63805,1.5056592,285.64255,284.72873,286.07843,282.17233,275.31985,3.0,0.0,0.36730218,0.32011354,0.36694697,0.4166435
55.0956,-106.6846,54.683,-106.662,D,2016,06,04,2016-06-04,334.3,59,29.8,301.1,0,3.63805,1.5056592,285.64255,284.72873,286.07843,282.17233,275.31985,3.0,0.0,0.36730218,0.32011354,0.36694697,0.4166435
55.1068,-106.6733,54.683,-106.662,D,2016,06,04,2016-06-04,323.5,67,17.2,297.3,0,3.63805,1.5056592,285.64255,284.72873,286.07843,282.17233,275.31985,3.0,0.0,0.36730218,0.32011354,0.36694697,0.4166435
55.1044,-106.6887,54.683,-106.662,D,2016,06,04,2016-06-04,331.5,77,27.1,300.2,0,3.63805,1.5056592,285.64255,284.72873,286.07843,282.17233,275.31985,3.0,0.0,0.36730218,0.32011354,0.36694697,0.4166435
56.795,-110.4975,54.683,-106.662,D,2016,06,04,2016-06-04,330.0,86,27.9,294.8,0,3.63805,1.5056592,285.64255,284.72873,286.07843,282.17233,275.31985,3.0,0.0,0.36730218,0.32011354,0.36694697,0.4166435
55.4795,-124.6292,54.683,-106.662,D,2016,06,04,2016-06-04,305.6,55,7.0,294.9,0,3.63805,1.5056592,285.64255,284.72873,286.07843,282.17233,275.31985,3.0,0.0,0.36730218,0.32011354,0.36694697,0.4166435
53.2105,-116.8092,52.916,-113.201,D,2016,06,05,2016-06-05,322.5,80,18.7,295.8,0,1.3677173,-0.36750787,282.7805,283.56262,286.82693,282.92996,276.76282,2.0,0.0,0.33208746,0.35342804,0.34644094,0.28906596
63.5009,-127.1001,52.916,-113.201,D,2016,06,05,2016-06-05,301.1,24,3.0,287.8,0,1.3677173,-0.36750787,282.7805,283.56262,286.82693,282.92996,276.76282,2.0,0.0,0.33208746,0.35342804,0.34644094,0.28906596
55.7669,-117.7251,55.702,-111.254,D,2016,06,06,2016-06-06,332.8,85,38.3,288.3,0,-0.5871155,3.3030663,283.6557,283.6684,285.14703,276.41364,273.96014,6.0,0.0,0.5994759,0.6159272,0.5740728,0.5930987
56.3171,-121.6637,55.702,-111.254,D,2016,06,06,2016-06-06,335.0,85,23.9,307.9,0,-0.5871155,3.3030663,283.6557,283.6684,285.14703,276.41364,273.96014,6.0,0.0,0.5994759,0.6159272,0.5740728,0.5930987
55.7613,-117.7313,55.702,-111.254,D,2016,06,06,2016-06-06,316.7,77,66.2,279.2,0,-0.5871155,3.3030663,283.6557,283.6684,285.14703,276.41364,273.96014,6.0,0.0,0.5994759,0.6159272,0.5740728,0.5930987
56.3328,-121.7242,55.702,-111.254,D,2016,06,06,2016-06-06,311.4,23,44.3,300.0,0,-0.5871155,3.3030663,283.6557,283.6684,285.14703,276.41364,273.96014,6.0,0.0,0.5994759,0.6159272,0.5740728,0.5930987
56.306,-121.6654,55.702,-111.254,D,2016,06,06,2016-06-06,328.9,57,27.3,307.3,0,-0.5871155,3.3030663,283.6557,283.6684,285.14703,276.41364,273.96014,6.0,0.0,0.5994759,0.6159272,0.5740728,0.5930987
56.844,-111.2984,55.702,-111.254,D,2016,06,06,2016-06-06,331.8,84,160.3,298.2,0,-0.5871155,3.3030663,283.6557,283.6684,285.14703,276.41364,273.96014,6.0,0.0,0.5994759,0.6159272,0.5740728,0.5930987
56.3162,-121.6685,55.702,-111.254,D,2016,06,06,2016-06-06,326.3,52,21.4,307.0,0,-0.5871155,3.3030663,283.6557,283.6684,285.14703,276.41364,273.96014,6.0,0.0,0.5994759,0.6159272,0.5740728,0.5930987
56.849,-111.302,55.702,-111.254,D,2016,06,06,2016-06-06,325.6,79,107.8,298.0,0,-0.5871155,3.3030663,283.6557,283.6684,285.14703,276.41364,273.96014,6.0,0.0,0.5994759,0.6159272,0.5740728,0.5930987
56.1898,-124.9715,55.702,-111.254,D,2016,06,06,2016-06-06,302.1,37,5.0,288.0,0,-0.5871155,3.3030663,283.6557,283.6684,285.14703,276.41364,273.96014,6.0,0.0,0.5994759,0.6159272,0.5740728,0.5930987
57.1169,-114.7518,55.786,-112.9,N,2016,06,07,2016-06-07,300.7,32,5.1,289.1,0,3.9943776,-1.1700466,298.2859,295.2764,287.58652,278.23807,274.0757,6.0,0.00017784117,0.5802164,0.6049037,0.60106355,0.5955346
58.2987,-115.7666,55.786,-112.9,N,2016,06,07,2016-06-07,304.5,60,7.6,288.1,0,3.9943776,-1.1700466,298.2859,295.2764,287.58652,278.23807,274.0757,6.0,0.00017784117,0.5802164,0.6049037,0.60106355,0.5955346
58.3077,-115.7723,55.786,-112.9,N,2016,06,07,2016-06-07,301.5,41,5.6,288.3,0,3.9943776,-1.1700466,298.2859,295.2764,287.58652,278.23807,274.0757,6.0,0.00017784117,0.5802164,0.6049037,0.60106355,0.5955346
58.3045,-115.7901,55.786,-112.9,N,2016,06,07,2016-06-07,300.3,15,5.2,287.2,0,3.9943776,-1.1700466,298.2859,295.2764,287.58652,278.23807,274.0757,6.0,0.00017784117,0.5802164,0.6049037,0.60106355,0.5955346
56.6788,-121.7668,56.272,-110.863,D,2016,06,07,2016-06-07,301.9,26,4.4,291.0,0,2.6229978,1.952198,287.72403,287.29498,286.07455,274.11633,273.6761,6.0,0.0,0.54094094,0.5608535,0.54836684,0.55390257
59.2031,-117.0286,56.272,-110.863,D,2016,06,07,2016-06-07,327.4,84,24.4,296.6,0,2.6229978,1.952198,287.72403,287.29498,286.07455,274.11633,273.6761,6.0,0.0,0.54094094,0.5608535,0.54836684,0.55390257
59.2057,-117.0116,56.272,-110.863,D,2016,06,07,2016-06-07,318.7,78,15.0,295.8,0,2.6229978,1.952198,287.72403,287.29498,286.07455,274.11633,273.6761,6.0,0.0,0.54094094,0.5608535,0.54836684,0.55390257
59.3038,-118.899,56.272,-110.863,D,2016,06,07,2016-06-07,312.1,70,6.6,298.0,0,2.6229978,1.952198,287.72403,287.29498,286.07455,274.11633,273.6761,6.0,0.0,0.54094094,0.5608535,0.54836684,0.55390257
62.6439,-123.4174,54.611,-103.268,D,2016,06,08,2016-06-08,309.6,32,10.5,296.9,0,-0.27842224,-0.1562962,285.87625,284.67096,285.20438,282.5254,276.49985,6.0,0.0,0.31033885,0.26336318,0.30356014,0.3582415
61.1718,-126.5138,58.785,-119.292,D,2016,06,10,2016-06-10,328.4,77,71.8,293.4,0,-2.497487,-0.7624578,280.52957,280.67743,286.49304,282.40976,275.21152,5.0,0.0,0.41236418,0.45048612,0.4269144,0.41167867
61.1827,-126.5036,58.785,-119.292,D,2016,06,10,2016-06-10,338.9,86,120.3,294.5,0,-2.497487,-0.7624578,280.52957,280.67743,286.49304,282.40976,275.21152,5.0,0.0,0.41236418,0.45048612,0.4269144,0.41167867
61.1808,-126.4647,58.785,-119.292,D,2016,06,10,2016-06-10,319.9,68,44.9,292.0,0,-2.497487,-0.7624578,280.52957,280.67743,286.49304,282.40976,275.21152,5.0,0.0,0.41236418,0.45048612,0.4269144,0.41167867
59.9535,-119.24,58.785,-119.292,D,2016,06,10,2016-06-10,314.6,69,10.1,299.9,0,-2.497487,-0.7624578,280.52957,280.67743,286.49304,282.40976,275.21152,5.0,0.0,0.41236418,0.45048612,0.4269144,0.41167867
59.9521,-119.2467,58.785,-119.292,D,2016,06,10,2016-06-10,314.1,51,9.0,300.1,0,-2.497487,-0.7624578,280.52957,280.67743,286.49304,282.40976,275.21152,5.0,0.0,0.41236418,0.45048612,0.4269144,0.41167867
63.713,-138.0522,58.785,-119.292,D,2016,06,10,2016-06-10,310.4,12,5.3,295.4,0,-2.497487,-0.7624578,280.52957,280.67743,286.49304,282.40976,275.21152,5.0,0.0,0.41236418,0.45048612,0.4269144,0.41167867
59.9528,-119.2586,58.785,-119.292,D,2016,06,10,2016-06-10,306.9,41,22.8,292.7,0,-2.497487,-0.7624578,280.52957,280.67743,286.49304,282.40976,275.21152,5.0,0.0,0.41236418,0.45048612,0.4269144,0.41167867
59.9449,-119.2432,58.785,-119.292,D,2016,06,10,2016-06-10,321.8,77,16.9,301.8,0,-2.497487,-0.7624578,280.52957,280.67743,286.49304,282.40976,275.21152,5.0,0.0,0.41236418,0.45048612,0.4269144,0.41167867
59.9544,-119.2474,58.785,-119.292,D,2016,06,10,2016-06-10,333.7,87,34.6,300.4,0,-2.497487,-0.7624578,280.52957,280.67743,286.49304,282.40976,275.21152,5.0,0.0,0.41236418,0.45048612,0.4269144,0.41167867
59.9522,-119.2677,58.785,-119.292,D,2016,06,10,2016-06-10,315.0,59,8.8,299.5,0,-2.497487,-0.7624578,280.52957,280.67743,286.49304,282.40976,275.21152,5.0,0.0,0.41236418,0.45048612,0.4269144,0.41167867
66.5976,-130.3016,52.908,-106.667,D,2016,06,14,2016-06-14,300.1,0,2.6,288.3,0,0.25934505,1.3762015,284.77072,284.67218,288.73633,285.45615,276.78845,1.9999847,0.0,0.2020245,0.19186014,0.23360619,0.2825861
53.8249,-101.2249,51.259,-99.883,D,2016,06,15,2016-06-15,320.7,68,15.4,296.4,0,1.1514877,-0.008255061,289.0479,287.90512,288.59232,285.12003,276.97797,2.0,0.0,0.29144913,0.27680272,0.24826634,0.3133099
54.3506,-103.0034,51.259,-99.883,D,2016,06,15,2016-06-15,310.9,71,11.1,277.1,0,1.1514877,-0.008255061,289.0479,287.90512,288.59232,285.12003,276.97797,2.0,0.0,0.29144913,0.27680272,0.24826634,0.3133099
52.7249,-113.5738,51.259,-99.883,D,2016,06,15,2016-06-15,303.7,45,7.8,291.4,0,1.1514877,-0.008255061,289.0479,287.90512,288.59232,285.12003,276.97797,2.0,0.0,0.29144913,0.27680272,0.24826634,0.3133099
50.5175,-104.6244,47.057,-81.652,D,2016,06,16,2016-06-16,307.5,49,6.4,293.3,0,-2.1945972,-0.9789468,290.77133,288.39697,286.41333,282.6862,277.17865,1.0,0.0,0.18430895,0.19948134,0.16988844,0.2541101
56.0559,-119.2317,54.917,-118.439,D,2016,06,17,2016-06-17,329.2,86,26.0,293.6,0,4.430582,0.24596633,280.47116,281.02972,281.35654,282.70352,278.65115,4.0,0.0003068861,0.47691554,0.47807014,0.41739047,0.36977
56.058,-119.2476,54.917,-118.439,D,2016,06,17,2016-06-17,322.1,74,17.4,293.3,0,4.430582,0.24596633,280.47116,281.02972,281.35654,282.70352,278.65115,4.0,0.0003068861,0.47691554,0.47807014,0.41739047,0.36977
56.0537,-119.2158,54.917,-118.439,D,2016,06,17,2016-06-17,316.9,44,11.9,292.4,0,4.430582,0.24596633,280.47116,281.02972,281.35654,282.70352,278.65115,4.0,0.0003068861,0.47691554,0.47807014,0.41739047,0.36977
56.0444,-119.2237,54.917,-118.439,D,2016,06,17,2016-06-17,313.8,46,11.3,291.9,0,4.430582,0.24596633,280.47116,281.02972,281.35654,282.70352,278.65115,4.0,0.0003068861,0.47691554,0.47807014,0.41739047,0.36977
56.0538,-119.2271,54.917,-118.439,D,2016,06,17,2016-06-17,326.2,84,25.1,293.3,0,4.430582,0.24596633,280.47116,281.02972,281.35654,282.70352,278.65115,4.0,0.0003068861,0.47691554,0.47807014,0.41739047,0.36977
56.0497,-119.2632,54.917,-118.439,D,2016,06,17,2016-06-17,322.3,82,21.3,292.9,0,4.430582,0.24596633,280.47116,281.02972,281.35654,282.70352,278.65115,4.0,0.0003068861,0.47691554,0.47807014,0.41739047,0.36977
56.0518,-119.2452,54.917,-118.439,D,2016,06,17,2016-06-17,340.8,92,51.0,294.8,1,4.430582,0.24596633,280.47116,281.02972,281.35654,282.70352,278.65115,4.0,0.0003068861,0.47691554,0.47807014,0.41739047,0.36977
62.9502,-134.8537,55.538,-116.69,D,2016,06,18,2016-06-18,310.3,50,19.0,286.6,0,2.8616958,1.394417,283.05676,283.21954,284.96646,283.27142,277.90964,4.0,-5.684342e-14,0.46474397,0.46740586,0.3545192,0.360841
57.9336,-117.4726,55.538,-116.69,D,2016,06,18,2016-06-18,300.2,16,6.1,284.0,0,2.8616958,1.394417,283.05676,283.21954,284.96646,283.27142,277.90964,4.0,-5.684342e-14,0.46474397,0.46740586,0.3545192,0.360841
58.7834,-133.0583,55.538,-116.69,D,2016,06,18,2016-06-18,309.3,44,10.1,297.1,0,2.8616958,1.394417,283.05676,283.21954,284.96646,283.27142,277.90964,4.0,-5.684342e-14,0.46474397,0.46740586,0.3545192,0.360841
56.1219,-119.3711,55.538,-116.69,D,2016,06,18,2016-06-18,312.3,72,21.0,288.2,0,2.8616958,1.394417,283.05676,283.21954,284.96646,283.27142,277.90964,4.0,-5.684342e-14,0.46474397,0.46740586,0.3545192,0.360841
56.1158,-119.3453,55.538,-116.69,D,2016,06,18,2016-06-18,341.2,92,97.8,292.1,1,2.8616958,1.394417,283.05676,283.21954,284.96646,283.27142,277.90964,4.0,-5.684342e-14,0.46474397,0.46740586,0.3545192,0.360841
56.1196,-119.3492,55.538,-116.69,D,2016,06,18,2016-06-18,343.8,93,108.2,293.0,1,2.8616958,1.394417,283.05676,283.21954,284.96646,283.27142,277.90964,4.0,-5.684342e-14,0.46474397,0.46740586,0.3545192,0.360841
56.057,-119.2432,55.538,-116.69,D,2016,06,18,2016-06-18,330.6,87,63.6,294.0,0,2.8616958,1.394417,283.05676,283.21954,284.96646,283.27142,277.90964,4.0,-5.684342e-14,0.46474397,0.46740586,0.3545192,0.360841
56.0508,-119.217,55.538,-116.69,D,2016,06,18,2016-06-18,320.1,80,36.3,292.5,0,2.8616958,1.394417,283.05676,283.21954,284.96646,283.27142,277.90964,4.0,-5.684342e-14,0.46474397,0.46740586,0.3545192,0.360841
56.0509,-119.2168,55.538,-116.69,D,2016,06,18,2016-06-18,312.6,61,20.7,293.1,0,2.8616958,1.394417,283.05676,283.21954,284.96646,283.27142,277.90964,4.0,-5.684342e-14,0.46474397,0.46740586,0.3545192,0.360841
56.0446,-119.2435,55.538,-116.69,D,2016,06,18,2016-06-18,321.5,81,39.8,294.2,0,2.8616958,1.394417,283.05676,283.21954,284.96646,283.27142,277.90964,4.0,-5.684342e-14,0.46474397,0.46740586,0.3545192,0.360841
56.0556,-119.2518,55.538,-116.69,D,2016,06,18,2016-06-18,315.8,49,26.0,293.2,0,2.8616958,1.394417,283.05676,283.21954,284.96646,283.27142,277.90964,4.0,-5.684342e-14,0.46474397,0.46740586,0.3545192,0.360841
56.1203,-119.3367,55.538,-116.69,D,2016,06,18,2016-06-18,321.2,81,41.3,290.7,0,2.8616958,1.394417,283.05676,283.21954,284.96646,283.27142,277.90964,4.0,-5.684342e-14,0.46474397,0.46740586,0.3545192,0.360841
63.2104,-123.9563,55.538,-116.69,D,2016,06,18,2016-06-18,300.4,15,20.6,289.0,0,2.8616958,1.394417,283.05676,283.21954,284.96646,283.27142,277.90964,4.0,-5.684342e-14,0.46474397,0.46740586,0.3545192,0.360841
56.0503,-119.2333,55.538,-116.69,D,2016,06,18,2016-06-18,327.6,85,125.8,291.1,0,2.8616958,1.394417,283.05676,283.21954,284.96646,283.27142,277.90964,4.0,-5.684342e-14,0.46474397,0.46740586,0.3545192,0.360841
56.0489,-119.284,55.538,-116.69,D,2016,06,18,2016-06-18,315.1,75,60.4,292.2,0,2.8616958,1.394417,283.05676,283.21954,284.96646,283.27142,277.90964,4.0,-5.684342e-14,0.46474397,0.46740586,0.3545192,0.360841
56.0493,-119.2416,55.538,-116.69,D,2016,06,18,2016-06-18,330.9,87,147.1,291.8,0,2.8616958,1.394417,283.05676,283.21954,284.96646,283.27142,277.90964,4.0,-5.684342e-14,0.46474397,0.46740586,0.3545192,0.360841
56.0481,-119.2924,55.538,-116.69,D,2016,06,18,2016-06-18,309.1,68,36.3,291.9,0,2.8616958,1.394417,283.05676,283.21954,284.96646,283.27142,277.90964,4.0,-5.684342e-14,0.46474397,0.46740586,0.3545192,0.360841
56.1072,-119.3478,55.538,-116.69,D,2016,06,18,2016-06-18,314.4,75,53.9,290.9,0,2.8616958,1.394417,283.05676,283.21954,284.96646,283.27142,277.90964,4.0,-5.684342e-14,0.46474397,0.46740586,0.3545192,0.360841
56.1223,-119.349,55.538,-116.69,D,2016,06,18,2016-06-18,315.8,76,60.2,291.8,0,2.8616958,1.394417,283.05676,283.21954,284.96646,283.27142,277.90964,4.0,-5.684342e-14,0.46474397,0.46740586,0.3545192,0.360841
56.1193,-119.3532,55.538,-116.69,D,2016,06,18,2016-06-18,329.0,86,126.2,291.6,0,2.8616958,1.394417,283.05676,283.21954,284.96646,283.27142,277.90964,4.0,-5.684342e-14,0.46474397,0.46740586,0.3545192,0.360841
63.2048,-134.1954,61.153,-130.032,D,2016,06,19,2016-06-19,340.5,91,41.1,297.8,1,1.6525903,0.42305794,282.58197,282.54684,285.91046,282.4825,276.50085,1.0,0.0,0.1582483,0.167141,0.16801547,0.22767103
62.9617,-134.8445,61.153,-130.032,D,2016,06,19,2016-06-19,424.5,100,431.0,309.3,1,1.6525903,0.42305794,282.58197,282.54684,285.91046,282.4825,276.50085,1.0,0.0,0.1582483,0.167141,0.16801547,0.22767103
62.956,-134.8696,61.153,-130.032,D,2016,06,19,2016-06-19,392.0,94,205.1,306.7,1,1.6525903,0.42305794,282.58197,282.54684,285.91046,282.4825,276.50085,1.0,0.0,0.1582483,0.167141,0.16801547,0.22767103
62.9531,-134.8507,61.153,-130.032,D,2016,06,19,2016-06-19,387.8,87,184.3,307.9,0,1.6525903,0.42305794,282.58197,282.54684,285.91046,282.4825,276.50085,1.0,0.0,0.1582483,0.167141,0.16801547,0.22767103
62.9474,-134.8759,61.153,-130.032,D,2016,06,19,2016-06-19,341.9,79,43.2,301.0,0,1.6525903,0.42305794,282.58197,282.54684,285.91046,282.4825,276.50085,1.0,0.0,0.1582483,0.167141,0.16801547,0.22767103
63.2134,-134.1888,61.153,-130.032,D,2016,06,19,2016-06-19,328.2,83,23.0,296.3,0,1.6525903,0.42305794,282.58197,282.54684,285.91046,282.4825,276.50085,1.0,0.0,0.1582483,0.167141,0.16801547,0.22767103
63.2078,-134.2144,61.153,-130.032,D,2016,06,19,2016-06-19,318.9,74,13.5,297.3,0,1.6525903,0.42305794,282.58197,282.54684,285.91046,282.4825,276.50085,1.0,0.0,0.1582483,0.167141,0.16801547,0.22767103
62.9646,-134.8634,61.153,-130.032,D,2016,06,19,2016-06-19,397.4,100,234.6,304.1,1,1.6525903,0.42305794,282.58197,282.54684,285.91046,282.4825,276.50085,1.0,0.0,0.1582483,0.167141,0.16801547,0.22767103
63.203,-134.2214,61.153,-130.032,D,2016,06,19,2016-06-19,310.8,50,11.9,297.1,0,1.6525903,0.42305794,282.58197,282.54684,285.91046,282.4825,276.50085,1.0,0.0,0.1582483,0.167141,0.16801547,0.22767103
62.9586,-134.8455,61.153,-130.032,D,2016,06,19,2016-06-19,405.3,87,526.2,302.4,0,1.6525903,0.42305794,282.58197,282.54684,285.91046,282.4825,276.50085,1.0,0.0,0.1582483,0.167141,0.16801547,0.22767103
62.9526,-134.8709,61.153,-130.032,D,2016,06,19,2016-06-19,392.9,94,392.6,306.3,1,1.6525903,0.42305794,282.58197,282.54684,285.91046,282.4825,276.50085,1.0,0.0,0.1582483,0.167141,0.16801547,0.22767103
62.9465,-134.897,61.153,-130.032,D,2016,06,19,2016-06-19,313.2,44,16.3,296.3,0,1.6525903,0.42305794,282.58197,282.54684,285.91046,282.4825,276.50085,1.0,0.0,0.1582483,0.167141,0.16801547,0.22767103
63.1936,-134.2099,61.153,-130.032,D,2016,06,19,2016-06-19,316.9,73,20.5,296.3,0,1.6525903,0.42305794,282.58197,282.54684,285.91046,282.4825,276.50085,1.0,0.0,0.1582483,0.167141,0.16801547,0.22767103
63.2087,-134.1964,61.153,-130.032,D,2016,06,19,2016-06-19,325.3,81,34.3,297.1,0,1.6525903,0.42305794,282.58197,282.54684,285.91046,282.4825,276.50085,1.0,0.0,0.1582483,0.167141,0.16801547,0.22767103
63.2206,-134.2258,61.153,-130.032,D,2016,06,19,2016-06-19,319.2,59,118.0,294.5,0,1.6525903,0.42305794,282.58197,282.54684,285.91046,282.4825,276.50085,1.0,0.0,0.1582483,0.167141,0.16801547,0.22767103
63.1842,-134.1755,61.153,-130.032,D,2016,06,19,2016-06-19,306.3,44,40.8,291.9,0,1.6525903,0.42305794,282.58197,282.54684,285.91046,282.4825,276.50085,1.0,0.0,0.1582483,0.167141,0.16801547,0.22767103
63.2233,-134.2166,61.153,-130.032,D,2016,06,19,2016-06-19,333.9,77,250.0,295.2,0,1.6525903,0.42305794,282.58197,282.54684,285.91046,282.4825,276.50085,1.0,0.0,0.1582483,0.167141,0.16801547,0.22767103
63.2351,-134.1888,61.153,-130.032,D,2016,06,19,2016-06-19,335.3,67,266.5,295.1,0,1.6525903,0.42305794,282.58197,282.54684,285.91046,282.4825,276.50085,1.0,0.0,0.1582483,0.167141,0.16801547,0.22767103
62.9497,-134.864,61.153,-130.032,D,2016,06,19,2016-06-19,305.2,50,33.6,295.0,0,1.6525903,0.42305794,282.58197,282.54684,285.91046,282.4825,276.50085,1.0,0.0,0.1582483,0.167141,0.16801547,0.22767103
62.962,-134.8377,61.153,-130.032,D,2016,06,19,2016-06-19,352.4,97,516.2,297.5,1,1.6525903,0.42305794,282.58197,282.54684,285.91046,282.4825,276.50085,1.0,0.0,0.1582483,0.167141,0.16801547,0.22767103
62.9877,-134.9041,61.153,-130.032,D,2016,06,19,2016-06-19,307.4,61,44.4,295.4,0,1.6525903,0.42305794,282.58197,282.54684,285.91046,282.4825,276.50085,1.0,0.0,0.1582483,0.167141,0.16801547,0.22767103
62.9643,-134.8279,61.153,-130.032,D,2016,06,19,2016-06-19,349.6,0,471.6,297.3,0,1.6525903,0.42305794,282.58197,282.54684,285.91046,282.4825,276.50085,1.0,0.0,0.1582483,0.167141,0.16801547,0.22767103
62.9903,-134.8941,61.153,-130.032,D,2016,06,19,2016-06-19,309.5,49,57.5,295.6,0,1.6525903,0.42305794,282.58197,282.54684,285.91046,282.4825,276.50085,1.0,0.0,0.1582483,0.167141,0.16801547,0.22767103
63.2095,-134.2263,61.153,-130.032,D,2016,06,19,2016-06-19,334.8,88,111.6,297.0,0,1.6525903,0.42305794,282.58197,282.54684,285.91046,282.4825,276.50085,1.0,0.0,0.1582483,0.167141,0.16801547,0.22767103
62.9512,-134.855,61.153,-130.032,D,2016,06,19,2016-06-19,357.5,0,247.9,300.1,0,1.6525903,0.42305794,282.58197,282.54684,285.91046,282.4825,276.50085,1.0,0.0,0.1582483,0.167141,0.16801547,0.22767103
62.9664,-134.8092,61.153,-130.032,D,2016,06,19,2016-06-19,326.3,0,63.3,297.9,0,1.6525903,0.42305794,282.58197,282.54684,285.91046,282.4825,276.50085,1.0,0.0,0.1582483,0.167141,0.16801547,0.22767103
62.9642,-134.8604,61.153,-130.032,D,2016,06,19,2016-06-19,389.6,94,631.4,304.3,1,1.6525903,0.42305794,282.58197,282.54684,285.91046,282.4825,276.50085,1.0,0.0,0.1582483,0.167141,0.16801547,0.22767103
62.9774,-134.8618,61.153,-130.032,D,2016,06,19,2016-06-19,319.0,76,43.6,297.6,0,1.6525903,0.42305794,282.58197,282.54684,285.91046,282.4825,276.50085,1.0,0.0,0.1582483,0.167141,0.16801547,0.22767103
63.1979,-134.1755,61.153,-130.032,D,2016,06,19,2016-06-19,336.4,67,118.7,296.0,0,1.6525903,0.42305794,282.58197,282.54684,285.91046,282.4825,276.50085,1.0,0.0,0.1582483,0.167141,0.16801547,0.22767103
63.1959,-134.2262,61.153,-130.032,D,2016,06,19,2016-06-19,333.0,82,101.2,295.1,0,1.6525903,0.42305794,282.58197,282.54684,285.91046,282.4825,276.50085,1.0,0.0,0.1582483,0.167141,0.16801547,0.22767103
63.2134,-134.125,61.153,-130.032,D,2016,06,19,2016-06-19,323.5,61,65.6,296.1,0,1.6525903,0.42305794,282.58197,282.54684,285.91046,282.4825,276.50085,1.0,0.0,0.1582483,0.167141,0.16801547,0.22767103
63.2114,-134.1766,61.153,-130.032,D,2016,06,19,2016-06-19,412.3,94,1196.0,305.6,1,1.6525903,0.42305794,282.58197,282.54684,285.91046,282.4825,276.50085,1.0,0.0,0.1582483,0.167141,0.16801547,0.22767103
63.2044,-134.1807,61.153,-130.032,D,2016,06,19,2016-06-19,369.0,87,395.8,299.3,0,1.6525903,0.42305794,282.58197,282.54684,285.91046,282.4825,276.50085,1.0,0.0,0.1582483,0.167141,0.16801547,0.22767103
63.2026,-134.2303,61.153,-130.032,D,2016,06,19,2016-06-19,337.5,89,129.6,296.6,0,1.6525903,0.42305794,282.58197,282.54684,285.91046,282.4825,276.50085,1.0,0.0,0.1582483,0.167141,0.16801547,0.22767103
63.2198,-134.1306,61.153,-130.032,D,2016,06,19,2016-06-19,340.8,69,151.4,295.0,0,1.6525903,0.42305794,282.58197,282.54684,285.91046,282.4825,276.50085,1.0,0.0,0.1582483,0.167141,0.16801547,0.22767103
63.2179,-134.1822,61.153,-130.032,D,2016,06,19,2016-06-19,401.5,94,934.5,303.2,1,1.6525903,0.42305794,282.58197,282.54684,285.91046,282.4825,276.50085,1.0,0.0,0.1582483,0.167141,0.16801547,0.22767103
63.2162,-134.2316,61.153,-130.032,D,2016,06,19,2016-06-19,313.1,67,31.9,295.8,0,1.6525903,0.42305794,282.58197,282.54684,285.91046,282.4825,276.50085,1.0,0.0,0.1582483,0.167141,0.16801547,0.22767103
63.037,-134.7199,61.477,-122.695,D,2016,06,20,2016-06-20,378.7,75,1311.4,283.0,0,0.26345578,1.4433734,288.19373,286.6675,287.40234,281.75842,274.54803,6.0,0.0,0.48349315,0.48218924,0.4665652,0.46859255
63.0792,-134.6762,61.477,-122.695,D,2016,06,20,2016-06-20,365.6,92,902.4,276.6,1,0.26345578,1.4433734,288.19373,286.6675,287.40234,281.75842,274.54803,6.0,0.0,0.48349315,0.48218924,0.4665652,0.46859255
63.0665,-134.7654,61.477,-122.695,D,2016,06,20,2016-06-20,354.9,0,600.2,267.4,0,0.26345578,1.4433734,288.19373,286.6675,287.40234,281.75842,274.54803,6.0,0.0,0.48349315,0.48218924,0.4665652,0.46859255
63.0367,-134.7223,61.477,-122.695,D,2016,06,20,2016-06-20,369.4,79,981.9,281.4,0,0.26345578,1.4433734,288.19373,286.6675,287.40234,281.75842,274.54803,6.0,0.0,0.48349315,0.48218924,0.4665652,0.46859255
63.0791,-134.6788,61.477,-122.695,D,2016,06,20,2016-06-20,367.2,78,927.8,275.7,0,0.26345578,1.4433734,288.19373,286.6675,287.40234,281.75842,274.54803,6.0,0.0,0.48349315,0.48218924,0.4665652,0.46859255
63.0663,-134.7674,61.477,-122.695,D,2016,06,20,2016-06-20,354.8,53,599.1,267.0,0,0.26345578,1.4433734,288.19373,286.6675,287.40234,281.75842,274.54803,6.0,0.0,0.48349315,0.48218924,0.4665652,0.46859255
63.0085,-134.8391,62.399,-129.421,N,2016,06,20,2016-06-20,316.6,94,15.4,290.6,1,2.9820611,2.6787033,291.51157,294.6904,287.28873,282.29544,275.25946,1.0,0.0,0.08440083,0.17689733,0.22019193,0.26790997
62.9526,-134.8317,62.399,-129.421,N,2016,06,20,2016-06-20,320.6,97,19.1,293.1,1,2.9820611,2.6787033,291.51157,294.6904,287.28873,282.29544,275.25946,1.0,0.0,0.08440083,0.17689733,0.22019193,0.26790997
62.9676,-134.8004,62.399,-129.421,N,2016,06,20,2016-06-20,334.5,100,36.7,294.1,1,2.9820611,2.6787033,291.51157,294.6904,287.28873,282.29544,275.25946,1.0,0.0,0.08440083,0.17689733,0.22019193,0.26790997
62.9644,-134.8194,62.399,-129.421,N,2016,06,20,2016-06-20,344.3,100,53.5,297.5,1,2.9820611,2.6787033,291.51157,294.6904,287.28873,282.29544,275.25946,1.0,0.0,0.08440083,0.17689733,0.22019193,0.26790997
62.9613,-134.8383,62.399,-129.421,N,2016,06,20,2016-06-20,333.8,100,35.1,296.9,1,2.9820611,2.6787033,291.51157,294.6904,287.28873,282.29544,275.25946,1.0,0.0,0.08440083,0.17689733,0.22019193,0.26790997
62.9581,-134.8572,62.399,-129.421,N,2016,06,20,2016-06-20,317.9,79,16.1,291.6,0,2.9820611,2.6787033,291.51157,294.6904,287.28873,282.29544,275.25946,1.0,0.0,0.08440083,0.17689733,0.22019193,0.26790997
62.955,-134.876,62.399,-129.421,N,2016,06,20,2016-06-20,309.5,69,9.9,288.6,0,2.9820611,2.6787033,291.51157,294.6904,287.28873,282.29544,275.25946,1.0,0.0,0.08440083,0.17689733,0.22019193,0.26790997
62.9762,-134.8073,62.399,-129.421,N,2016,06,20,2016-06-20,348.1,100,60.9,300.4,1,2.9820611,2.6787033,291.51157,294.6904,287.28873,282.29544,275.25946,1.0,0.0,0.08440083,0.17689733,0.22019193,0.26790997
62.973,-134.8263,62.399,-129.421,N,2016,06,20,2016-06-20,338.8,100,43.4,296.9,1,2.9820611,2.6787033,291.51157,294.6904,287.28873,282.29544,275.25946,1.0,0.0,0.08440083,0.17689733,0.22019193,0.26790997
62.9699,-134.8452,62.399,-129.421,N,2016,06,20,2016-06-20,319.4,72,17.4,291.3,0,2.9820611,2.6787033,291.51157,294.6904,287.28873,282.29544,275.25946,1.0,0.0,0.08440083,0.17689733,0.22019193,0.26790997
62.9667,-134.8639,62.399,-129.421,N,2016,06,20,2016-06-20,315.3,61,13.7,289.5,0,2.9820611,2.6787033,291.51157,294.6904,287.28873,282.29544,275.25946,1.0,0.0,0.08440083,0.17689733,0.22019193,0.26790997
62.9636,-134.883,62.399,-129.421,N,2016,06,20,2016-06-20,306.5,27,7.7,287.0,0,2.9820611,2.6787033,291.51157,294.6904,287.28873,282.29544,275.25946,1.0,0.0,0.08440083,0.17689733,0.22019193,0.26790997
62.988,-134.7952,62.399,-129.421,N,2016,06,20,2016-06-20,331.3,100,32.5,295.1,1,2.9820611,2.6787033,291.51157,294.6904,287.28873,282.29544,275.25946,1.0,0.0,0.08440083,0.17689733,0.22019193,0.26790997
62.9848,-134.8142,62.399,-129.421,N,2016,06,20,2016-06-20,334.6,100,36.6,296.4,1,2.9820611,2.6787033,291.51157,294.6904,287.28873,282.29544,275.25946,1.0,0.0,0.08440083,0.17689733,0.22019193,0.26790997
62.9817,-134.8331,62.399,-129.421,N,2016,06,20,2016-06-20,329.0,83,27.8,295.2,0,2.9820611,2.6787033,291.51157,294.6904,287.28873,282.29544,275.25946,1.0,0.0,0.08440083,0.17689733,0.22019193,0.26790997
62.9785,-134.8522,62.399,-129.421,N,2016,06,20,2016-06-20,334.4,75,34.3,293.2,0,2.9820611,2.6787033,291.51157,294.6904,287.28873,282.29544,275.25946,1.0,0.0,0.08440083,0.17689733,0.22019193,0.26790997
62.9753,-134.8711,62.399,-129.421,N,2016,06,20,2016-06-20,324.8,66,22.8,289.9,0,2.9820611,2.6787033,291.51157,294.6904,287.28873,282.29544,275.25946,1.0,0.0,0.08440083,0.17689733,0.22019193,0.26790997
63.0073,-134.7295,62.399,-129.421,N,2016,06,20,2016-06-20,321.5,100,20.4,292.5,1,2.9820611,2.6787033,291.51157,294.6904,287.28873,282.29544,275.25946,1.0,0.0,0.08440083,0.17689733,0.22019193,0.26790997
63.0041,-134.7487,62.399,-129.421,N,2016,06,20,2016-06-20,348.8,100,62.6,296.3,1,2.9820611,2.6787033,291.51157,294.6904,287.28873,282.29544,275.25946,1.0,0.0,0.08440083,0.17689733,0.22019193,0.26790997
63.0009,-134.7678,62.399,-129.421,N,2016,06,20,2016-06-20,326.7,100,26.6,293.2,1,2.9820611,2.6787033,291.51157,294.6904,287.28873,282.29544,275.25946,1.0,0.0,0.08440083,0.17689733,0.22019193,0.26790997
62.9977,-134.7869,62.399,-129.421,N,2016,06,20,2016-06-20,328.3,100,28.6,294.8,1,2.9820611,2.6787033,291.51157,294.6904,287.28873,282.29544,275.25946,1.0,0.0,0.08440083,0.17689733,0.22019193,0.26790997
62.9945,-134.806,62.399,-129.421,N,2016,06,20,2016-06-20,333.0,100,35.0,296.3,1,2.9820611,2.6787033,291.51157,294.6904,287.28873,282.29544,275.25946,1.0,0.0,0.08440083,0.17689733,0.22019193,0.26790997
62.9914,-134.825,62.399,-129.421,N,2016,06,20,2016-06-20,335.6,100,38.6,297.2,1,2.9820611,2.6787033,291.51157,294.6904,287.28873,282.29544,275.25946,1.0,0.0,0.08440083,0.17689733,0.22019193,0.26790997
62.9882,-134.8438,62.399,-129.421,N,2016,06,20,2016-06-20,333.4,100,35.5,294.9,1,2.9820611,2.6787033,291.51157,294.6904,287.28873,282.29544,275.25946,1.0,0.0,0.08440083,0.17689733,0.22019193,0.26790997
62.985,-134.8629,62.399,-129.421,N,2016,06,20,2016-06-20,324.3,100,24.0,290.8,1,2.9820611,2.6787033,291.51157,294.6904,287.28873,282.29544,275.25946,1.0,0.0,0.08440083,0.17689733,0.22019193,0.26790997
63.0191,-134.7173,62.399,-129.421,N,2016,06,20,2016-06-20,346.1,100,57.5,296.5,1,2.9820611,2.6787033,291.51157,294.6904,287.28873,282.29544,275.25946,1.0,0.0,0.08440083,0.17689733,0.22019193,0.26790997
63.0159,-134.7365,62.399,-129.421,N,2016,06,20,2016-06-20,357.8,100,84.1,298.1,1,2.9820611,2.6787033,291.51157,294.6904,287.28873,282.29544,275.25946,1.0,0.0,0.08440083,0.17689733,0.22019193,0.26790997
63.0127,-134.7556,62.399,-129.421,N,2016,06,20,2016-06-20,322.5,100,21.9,293.2,1,2.9820611,2.6787033,291.51157,294.6904,287.28873,282.29544,275.25946,1.0,0.0,0.08440083,0.17689733,0.22019193,0.26790997
63.0095,-134.7747,62.399,-129.421,N,2016,06,20,2016-06-20,325.5,100,25.6,294.2,1,2.9820611,2.6787033,291.51157,294.6904,287.28873,282.29544,275.25946,1.0,0.0,0.08440083,0.17689733,0.22019193,0.26790997
63.0063,-134.7939,62.399,-129.421,N,2016,06,20,2016-06-20,326.1,100,26.2,292.7,1,2.9820611,2.6787033,291.51157,294.6904,287.28873,282.29544,275.25946,1.0,0.0,0.08440083,0.17689733,0.22019193,0.26790997
63.0031,-134.8131,62.399,-129.421,N,2016,06,20,2016-06-20,333.9,100,36.5,295.4,1,2.9820611,2.6787033,291.51157,294.6904,287.28873,282.29544,275.25946,1.0,0.0,0.08440083,0.17689733,0.22019193,0.26790997
62.9999,-134.8322,62.399,-129.421,N,2016,06,20,2016-06-20,331.1,100,32.1,293.7,1,2.9820611,2.6787033,291.51157,294.6904,287.28873,282.29544,275.25946,1.0,0.0,0.08440083,0.17689733,0.22019193,0.26790997
62.9968,-134.851,62.399,-129.421,N,2016,06,20,2016-06-20,330.7,100,32.0,291.0,1,2.9820611,2.6787033,291.51157,294.6904,287.28873,282.29544,275.25946,1.0,0.0,0.08440083,0.17689733,0.22019193,0.26790997
62.9936,-134.87,62.399,-129.421,N,2016,06,20,2016-06-20,300.2,23,4.7,288.0,0,2.9820611,2.6787033,291.51157,294.6904,287.28873,282.29544,275.25946,1.0,0.0,0.08440083,0.17689733,0.22019193,0.26790997
63.034,-134.6859,62.399,-129.421,N,2016,06,20,2016-06-20,310.4,58,8.2,291.2,0,2.9820611,2.6787033,291.51157,294.6904,287.28873,282.29544,275.25946,1.0,0.0,0.08440083,0.17689733,0.22019193,0.26790997
63.0308,-134.7051,62.399,-129.421,N,2016,06,20,2016-06-20,367.9,100,113.5,300.1,1,2.9820611,2.6787033,291.51157,294.6904,287.28873,282.29544,275.25946,1.0,0.0,0.08440083,0.17689733,0.22019193,0.26790997
63.0277,-134.7242,62.399,-129.421,N,2016,06,20,2016-06-20,363.3,100,99.8,301.8,1,2.9820611,2.6787033,291.51157,294.6904,287.28873,282.29544,275.25946,1.0,0.0,0.08440083,0.17689733,0.22019193,0.26790997
63.0245,-134.7434,62.399,-129.421,N,2016,06,20,2016-06-20,334.7,100,37.4,297.0,1,2.9820611,2.6787033,291.51157,294.6904,287.28873,282.29544,275.25946,1.0,0.0,0.08440083,0.17689733,0.22019193,0.26790997
63.0213,-134.7625,62.399,-129.421,N,2016,06,20,2016-06-20,325.6,100,25.3,295.0,1,2.9820611,2.6787033,291.51157,294.6904,287.28873,282.29544,275.25946,1.0,0.0,0.08440083,0.17689733,0.22019193,0.26790997
63.0181,-134.7816,62.399,-129.421,N,2016,06,20,2016-06-20,333.1,100,35.5,296.2,1,2.9820611,2.6787033,291.51157,294.6904,287.28873,282.29544,275.25946,1.0,0.0,0.08440083,0.17689733,0.22019193,0.26790997
63.0117,-134.8199,62.399,-129.421,N,2016,06,20,2016-06-20,361.5,100,94.9,299.7,1,2.9820611,2.6787033,291.51157,294.6904,287.28873,282.29544,275.25946,1.0,0.0,0.08440083,0.17689733,0.22019193,0.26790997
63.0458,-134.6737,62.399,-129.421,N,2016,06,20,2016-06-20,353.9,100,71.7,294.4,1,2.9820611,2.6787033,291.51157,294.6904,287.28873,282.29544,275.25946,1.0,0.0,0.08440083,0.17689733,0.22019193,0.26790997
63.0426,-134.6928,62.399,-129.421,N,2016,06,20,2016-06-20,401.7,100,270.5,305.5,1,2.9820611,2.6787033,291.51157,294.6904,287.28873,282.29544,275.25946,1.0,0.0,0.08440083,0.17689733,0.22019193,0.26790997
63.0394,-134.712,62.399,-129.421,N,2016,06,20,2016-06-20,370.6,100,122.4,302.7,1,2.9820611,2.6787033,291.51157,294.6904,287.28873,282.29544,275.25946,1.0,0.0,0.08440083,0.17689733,0.22019193,0.26790997
63.0363,-134.7311,62.399,-129.421,N,2016,06,20,2016-06-20,338.3,100,42.3,297.5,1,2.9820611,2.6787033,291.51157,294.6904,287.28873,282.29544,275.25946,1.0,0.0,0.08440083,0.17689733,0.22019193,0.26790997
63.0331,-134.7503,62.399,-129.421,N,2016,06,20,2016-06-20,336.3,100,39.7,297.4,1,2.9820611,2.6787033,291.51157,294.6904,287.28873,282.29544,275.25946,1.0,0.0,0.08440083,0.17689733,0.22019193,0.26790997
63.0299,-134.7694,62.399,-129.421,N,2016,06,20,2016-06-20,338.9,100,44.2,298.2,1,2.9820611,2.6787033,291.51157,294.6904,287.28873,282.29544,275.25946,1.0,0.0,0.08440083,0.17689733,0.22019193,0.26790997
63.0267,-134.7886,62.399,-129.421,N,2016,06,20,2016-06-20,346.1,100,57.1,299.7,1,2.9820611,2.6787033,291.51157,294.6904,287.28873,282.29544,275.25946,1.0,0.0,0.08440083,0.17689733,0.22019193,0.26790997
63.0236,-134.8076,62.399,-129.421,N,2016,06,20,2016-06-20,351.5,100,69.0,298.0,1,2.9820611,2.6787033,291.51157,294.6904,287.28873,282.29544,275.25946,1.0,0.0,0.08440083,0.17689733,0.22019193,0.26790997
63.0204,-134.8266,62.399,-129.421,N,2016,06,20,2016-06-20,327.6,100,27.8,290.4,1,2.9820611,2.6787033,291.51157,294.6904,287.28873,282.29544,275.25946,1.0,0.0,0.08440083,0.17689733,0.22019193,0.26790997
63.0544,-134.6806,62.399,-129.421,N,2016,06,20,2016-06-20,407.4,100,309.0,304.4,1,2.9820611,2.6787033,291.51157,294.6904,287.28873,282.29544,275.25946,1.0,0.0,0.08440083,0.17689733,0.22019193,0.26790997
63.0512,-134.6998,62.399,-129.421,N,2016,06,20,2016-06-20,382.0,100,165.6,303.0,1,2.9820611,2.6787033,291.51157,294.6904,287.28873,282.29544,275.25946,1.0,0.0,0.08440083,0.17689733,0.22019193,0.26790997
63.048,-134.7189,62.399,-129.421,N,2016,06,20,2016-06-20,336.2,100,37.5,297.7,1,2.9820611,2.6787033,291.51157,294.6904,287.28873,282.29544,275.25946,1.0,0.0,0.08440083,0.17689733,0.22019193,0.26790997
63.0449,-134.7381,62.399,-129.421,N,2016,06,20,2016-06-20,338.4,100,42.7,298.5,1,2.9820611,2.6787033,291.51157,294.6904,287.28873,282.29544,275.25946,1.0,0.0,0.08440083,0.17689733,0.22019193,0.26790997
63.0417,-134.7572,62.399,-129.421,N,2016,06,20,2016-06-20,340.5,100,46.6,299.3,1,2.9820611,2.6787033,291.51157,294.6904,287.28873,282.29544,275.25946,1.0,0.0,0.08440083,0.17689733,0.22019193,0.26790997
63.0385,-134.7764,62.399,-129.421,N,2016,06,20,2016-06-20,343.5,100,51.9,299.1,1,2.9820611,2.6787033,291.51157,294.6904,287.28873,282.29544,275.25946,1.0,0.0,0.08440083,0.17689733,0.22019193,0.26790997
63.0353,-134.7955,62.399,-129.421,N,2016,06,20,2016-06-20,356.0,100,79.9,299.4,1,2.9820611,2.6787033,291.51157,294.6904,287.28873,282.29544,275.25946,1.0,0.0,0.08440083,0.17689733,0.22019193,0.26790997
63.0322,-134.8144,62.399,-129.421,N,2016,06,20,2016-06-20,320.4,100,19.5,291.2,1,2.9820611,2.6787033,291.51157,294.6904,287.28873,282.29544,275.25946,1.0,0.0,0.08440083,0.17689733,0.22019193,0.26790997
63.0661,-134.6683,62.399,-129.421,N,2016,06,20,2016-06-20,357.4,100,79.4,295.0,1,2.9820611,2.6787033,291.51157,294.6904,287.28873,282.29544,275.25946,1.0,0.0,0.08440083,0.17689733,0.22019193,0.26790997
63.063,-134.6875,62.399,-129.421,N,2016,06,20,2016-06-20,397.0,100,241.7,308.8,1,2.9820611,2.6787033,291.51157,294.6904,287.28873,282.29544,275.25946,1.0,0.0,0.08440083,0.17689733,0.22019193,0.26790997
63.0598,-134.7066,62.399,-129.421,N,2016,06,20,2016-06-20,353.9,100,71.8,301.9,1,2.9820611,2.6787033,291.51157,294.6904,287.28873,282.29544,275.25946,1.0,0.0,0.08440083,0.17689733,0.22019193,0.26790997
63.0566,-134.7258,62.399,-129.421,N,2016,06,20,2016-06-20,343.0,100,49.2,298.7,1,2.9820611,2.6787033,291.51157,294.6904,287.28873,282.29544,275.25946,1.0,0.0,0.08440083,0.17689733,0.22019193,0.26790997
63.0535,-134.745,62.399,-129.421,N,2016,06,20,2016-06-20,348.7,100,61.1,301.5,1,2.9820611,2.6787033,291.51157,294.6904,287.28873,282.29544,275.25946,1.0,0.0,0.08440083,0.17689733,0.22019193,0.26790997
63.0503,-134.7641,62.399,-129.421,N,2016,06,20,2016-06-20,366.2,100,108.3,308.7,1,2.9820611,2.6787033,291.51157,294.6904,287.28873,282.29544,275.25946,1.0,0.0,0.08440083,0.17689733,0.22019193,0.26790997
63.0471,-134.7832,62.399,-129.421,N,2016,06,20,2016-06-20,360.0,100,90.4,302.8,1,2.9820611,2.6787033,291.51157,294.6904,287.28873,282.29544,275.25946,1.0,0.0,0.08440083,0.17689733,0.22019193,0.26790997
63.0439,-134.8023,62.399,-129.421,N,2016,06,20,2016-06-20,313.5,87,13.0,290.7,0,2.9820611,2.6787033,291.51157,294.6904,287.28873,282.29544,275.25946,1.0,0.0,0.08440083,0.17689733,0.22019193,0.26790997
63.0779,-134.656,62.399,-129.421,N,2016,06,20,2016-06-20,397.0,100,240.6,298.6,1,2.9820611,2.6787033,291.51157,294.6904,287.28873,282.29544,275.25946,1.0,0.0,0.08440083,0.17689733,0.22019193,0.26790997
63.0747,-134.6751,62.399,-129.421,N,2016,06,20,2016-06-20,417.4,100,384.2,311.3,1,2.9820611,2.6787033,291.51157,294.6904,287.28873,282.29544,275.25946,1.0,0.0,0.08440083,0.17689733,0.22019193,0.26790997
63.0716,-134.6944,62.399,-129.421,N,2016,06,20,2016-06-20,368.2,100,111.1,304.9,1,2.9820611,2.6787033,291.51157,294.6904,287.28873,282.29544,275.25946,1.0,0.0,0.08440083,0.17689733,0.22019193,0.26790997
63.0684,-134.7135,62.399,-129.421,N,2016,06,20,2016-06-20,347.4,100,57.2,299.4,1,2.9820611,2.6787033,291.51157,294.6904,287.28873,282.29544,275.25946,1.0,0.0,0.08440083,0.17689733,0.22019193,0.26790997
63.0652,-134.7327,62.399,-129.421,N,2016,06,20,2016-06-20,348.8,100,61.0,301.0,1,2.9820611,2.6787033,291.51157,294.6904,287.28873,282.29544,275.25946,1.0,0.0,0.08440083,0.17689733,0.22019193,0.26790997
63.0621,-134.7517,62.399,-129.421,N,2016,06,20,2016-06-20,355.2,100,76.5,304.6,1,2.9820611,2.6787033,291.51157,294.6904,287.28873,282.29544,275.25946,1.0,0.0,0.08440083,0.17689733,0.22019193,0.26790997
63.0589,-134.7706,62.399,-129.421,N,2016,06,20,2016-06-20,381.2,100,164.8,312.0,1,2.9820611,2.6787033,291.51157,294.6904,287.28873,282.29544,275.25946,1.0,0.0,0.08440083,0.17689733,0.22019193,0.26790997
63.0558,-134.7897,62.399,-129.421,N,2016,06,20,2016-06-20,356.2,100,80.3,297.6,1,2.9820611,2.6787033,291.51157,294.6904,287.28873,282.29544,275.25946,1.0,0.0,0.08440083,0.17689733,0.22019193,0.26790997
63.0896,-134.6437,62.399,-129.421,N,2016,06,20,2016-06-20,307.9,19,6.3,288.0,0,2.9820611,2.6787033,291.51157,294.6904,287.28873,282.29544,275.25946,1.0,0.0,0.08440083,0.17689733,0.22019193,0.26790997
63.0865,-134.6628,62.399,-129.421,N,2016,06,20,2016-06-20,405.9,100,297.1,304.5,1,2.9820611,2.6787033,291.51157,294.6904,287.28873,282.29544,275.25946,1.0,0.0,0.08440083,0.17689733,0.22019193,0.26790997
63.0833,-134.682,62.399,-129.421,N,2016,06,20,2016-06-20,389.5,100,200.2,307.9,1,2.9820611,2.6787033,291.51157,294.6904,287.28873,282.29544,275.25946,1.0,0.0,0.08440083,0.17689733,0.22019193,0.26790997
63.0802,-134.7012,62.399,-129.421,N,2016,06,20,2016-06-20,360.1,100,86.0,303.0,1,2.9820611,2.6787033,291.51157,294.6904,287.28873,282.29544,275.25946,1.0,0.0,0.08440083,0.17689733,0.22019193,0.26790997
63.077,-134.7203,62.399,-129.421,N,2016,06,20,2016-06-20,353.3,100,70.6,301.7,1,2.9820611,2.6787033,291.51157,294.6904,287.28873,282.29544,275.25946,1.0,0.0,0.08440083,0.17689733,0.22019193,0.26790997
63.0739,-134.7392,62.399,-129.421,N,2016,06,20,2016-06-20,344.4,100,52.3,299.1,1,2.9820611,2.6787033,291.51157,294.6904,287.28873,282.29544,275.25946,1.0,0.0,0.08440083,0.17689733,0.22019193,0.26790997
63.0708,-134.758,62.399,-129.421,N,2016,06,20,2016-06-20,346.5,100,57.2,298.8,1,2.9820611,2.6787033,291.51157,294.6904,287.28873,282.29544,275.25946,1.0,0.0,0.08440083,0.17689733,0.22019193,0.26790997
63.0676,-134.777,62.399,-129.421,N,2016,06,20,2016-06-20,362.8,100,98.0,297.7,1,2.9820611,2.6787033,291.51157,294.6904,287.28873,282.29544,275.25946,1.0,0.0,0.08440083,0.17689733,0.22019193,0.26790997
63.0644,-134.7964,62.399,-129.421,N,2016,06,20,2016-06-20,322.4,100,21.2,290.0,1,2.9820611,2.6787033,291.51157,294.6904,287.28873,282.29544,275.25946,1.0,0.0,0.08440083,0.17689733,0.22019193,0.26790997
63.0983,-134.6504,62.399,-129.421,N,2016,06,20,2016-06-20,311.8,32,9.3,288.2,0,2.9820611,2.6787033,291.51157,294.6904,287.28873,282.29544,275.25946,1.0,0.0,0.08440083,0.17689733,0.22019193,0.26790997
63.0951,-134.6694,62.399,-129.421,N,2016,06,20,2016-06-20,445.9,100,678.8,313.7,1,2.9820611,2.6787033,291.51157,294.6904,287.28873,282.29544,275.25946,1.0,0.0,0.08440083,0.17689733,0.22019193,0.26790997
63.092,-134.6886,62.399,-129.421,N,2016,06,20,2016-06-20,439.5,100,602.1,320.8,1,2.9820611,2.6787033,291.51157,294.6904,287.28873,282.29544,275.25946,1.0,0.0,0.08440083,0.17689733,0.22019193,0.26790997
63.0888,-134.708,62.399,-129.421,N,2016,06,20,2016-06-20,389.1,100,198.8,309.9,1,2.9820611,2.6787033,291.51157,294.6904,287.28873,282.29544,275.25946,1.0,0.0,0.08440083,0.17689733,0.22019193,0.26790997
63.0857,-134.7268,62.399,-129.421,N,2016,06,20,2016-06-20,373.5,100,131.9,306.8,1,2.9820611,2.6787033,291.51157,294.6904,287.28873,282.29544,275.25946,1.0,0.0,0.08440083,0.17689733,0.22019193,0.26790997
63.0826,-134.7455,62.399,-129.421,N,2016,06,20,2016-06-20,346.5,100,57.1,296.6,1,2.9820611,2.6787033,291.51157,294.6904,287.28873,282.29544,275.25946,1.0,0.0,0.08440083,0.17689733,0.22019193,0.26790997
63.0794,-134.7644,62.399,-129.421,N,2016,06,20,2016-06-20,350.5,100,65.8,294.5,1,2.9820611,2.6787033,291.51157,294.6904,287.28873,282.29544,275.25946,1.0,0.0,0.08440083,0.17689733,0.22019193,0.26790997
63.0763,-134.7837,62.399,-129.421,N,2016,06,20,2016-06-20,331.6,100,32.0,289.9,1,2.9820611,2.6787033,291.51157,294.6904,287.28873,282.29544,275.25946,1.0,0.0,0.08440083,0.17689733,0.22019193,0.26790997
63.1038,-134.6758,62.399,-129.421,N,2016,06,20,2016-06-20,371.9,100,125.2,291.5,1,2.9820611,2.6787033,291.51157,294.6904,287.28873,282.29544,275.25946,1.0,0.0,0.08440083,0.17689733,0.22019193,0.26790997
63.1006,-134.6954,62.399,-129.421,N,2016,06,20,2016-06-20,382.0,100,165.2,295.1,1,2.9820611,2.6787033,291.51157,294.6904,287.28873,282.29544,275.25946,1.0,0.0,0.08440083,0.17689733,0.22019193,0.26790997
63.0974,-134.7147,62.399,-129.421,N,2016,06,20,2016-06-20,416.9,100,382.1,315.6,1,2.9820611,2.6787033,291.51157,294.6904,287.28873,282.29544,275.25946,1.0,0.0,0.08440083,0.17689733,0.22019193,0.26790997
63.0943,-134.7333,62.399,-129.421,N,2016,06,20,2016-06-20,394.9,100,231.7,310.5,1,2.9820611,2.6787033,291.51157,294.6904,287.28873,282.29544,275.25946,1.0,0.0,0.08440083,0.17689733,0.22019193,0.26790997
63.0912,-134.7522,62.399,-129.421,N,2016,06,20,2016-06-20,355.6,100,77.1,296.4,1,2.9820611,2.6787033,291.51157,294.6904,287.28873,282.29544,275.25946,1.0,0.0,0.08440083,0.17689733,0.22019193,0.26790997
63.088,-134.7714,62.399,-129.421,N,2016,06,20,2016-06-20,338.6,100,43.0,289.2,1,2.9820611,2.6787033,291.51157,294.6904,287.28873,282.29544,275.25946,1.0,0.0,0.08440083,0.17689733,0.22019193,0.26790997
63.1073,-134.7074,62.399,-129.421,N,2016,06,20,2016-06-20,345.9,100,56.1,290.7,1,2.9820611,2.6787033,291.51157,294.6904,287.28873,282.29544,275.25946,1.0,0.0,0.08440083,0.17689733,0.22019193,0.26790997
63.1041,-134.7263,62.399,-129.421,N,2016,06,20,2016-06-20,403.3,100,282.9,307.7,1,2.9820611,2.6787033,291.51157,294.6904,287.28873,282.29544,275.25946,1.0,0.0,0.08440083,0.17689733,0.22019193,0.26790997
63.101,-134.7452,62.399,-129.421,N,2016,06,20,2016-06-20,377.2,100,147.2,299.6,1,2.9820611,2.6787033,291.51157,294.6904,287.28873,282.29544,275.25946,1.0,0.0,0.08440083,0.17689733,0.22019193,0.26790997
63.0978,-134.7644,62.399,-129.421,N,2016,06,20,2016-06-20,321.8,100,20.6,288.7,1,2.9820611,2.6787033,291.51157,294.6904,287.28873,282.29544,275.25946,1.0,0.0,0.08440083,0.17689733,0.22019193,0.26790997
63.2124,-134.1211,62.399,-129.421,N,2016,06,20,2016-06-20,310.5,80,12.3,280.4,0,2.9820611,2.6787033,291.51157,294.6904,287.28873,282.29544,275.25946,1.0,0.0,0.08440083,0.17689733,0.22019193,0.26790997
63.2093,-134.1401,62.399,-129.421,N,2016,06,20,2016-06-20,305.3,53,8.8,279.5,0,2.9820611,2.6787033,291.51157,294.6904,287.28873,282.29544,275.25946,1.0,0.0,0.08440083,0.17689733,0.22019193,0.26790997
63.2234,-134.1726,62.399,-129.421,N,2016,06,20,2016-06-20,348.8,100,62.5,284.5,1,2.9820611,2.6787033,291.51157,294.6904,287.28873,282.29544,275.25946,1.0,0.0,0.08440083,0.17689733,0.22019193,0.26790997
63.2204,-134.1916,62.399,-129.421,N,2016,06,20,2016-06-20,340.0,100,45.9,282.3,1,2.9820611,2.6787033,291.51157,294.6904,287.28873,282.29544,275.25946,1.0,0.0,0.08440083,0.17689733,0.22019193,0.26790997
63.235,-134.1606,62.399,-129.421,N,2016,06,20,2016-06-20,324.4,100,24.8,281.9,1,2.9820611,2.6787033,291.51157,294.6904,287.28873,282.29544,275.25946,1.0,0.0,0.08440083,0.17689733,0.22019193,0.26790997
63.232,-134.1795,62.399,-129.421,N,2016,06,20,2016-06-20,408.6,100,315.6,292.9,1,2.9820611,2.6787033,291.51157,294.6904,287.28873,282.29544,275.25946,1.0,0.0,0.08440083,0.17689733,0.22019193,0.26790997
63.2289,-134.1985,62.399,-129.421,N,2016,06,20,2016-06-20,325.6,100,26.1,280.5,1,2.9820611,2.6787033,291.51157,294.6904,287.28873,282.29544,275.25946,1.0,0.0,0.08440083,0.17689733,0.22019193,0.26790997
63.0879,-134.5858,62.399,-129.421,N,2016,06,20,2016-06-20,312.8,86,109.5,273.5,0,2.9820611,2.6787033,291.51157,294.6904,287.28873,282.29544,275.25946,1.0,0.0,0.08440083,0.17689733,0.22019193,0.26790997
63.0654,-134.5893,62.399,-129.421,N,2016,06,20,2016-06-20,315.9,86,120.1,277.9,0,2.9820611,2.6787033,291.51157,294.6904,287.28873,282.29544,275.25946,1.0,0.0,0.08440083,0.17689733,0.22019193,0.26790997
63.0822,-134.5887,62.399,-129.421,N,2016,06,20,2016-06-20,319.5,99,144.6,274.6,1,2.9820611,2.6787033,291.51157,294.6904,287.28873,282.29544,275.25946,1.0,0.0,0.08440083,0.17689733,0.22019193,0.26790997
63.0486,-134.5885,62.399,-129.421,N,2016,06,20,2016-06-20,304.5,60,67.0,277.9,0,2.9820611,2.6787033,291.51157,294.6904,287.28873,282.29544,275.25946,1.0,0.0,0.08440083,0.17689733,0.22019193,0.26790997
63.0623,-134.5993,62.399,-129.421,N,2016,06,20,2016-06-20,312.5,85,106.1,277.7,0,2.9820611,2.6787033,291.51157,294.6904,287.28873,282.29544,275.25946,1.0,0.0,0.08440083,0.17689733,0.22019193,0.26790997
63.0826,-134.6273,62.399,-129.421,N,2016,06,20,2016-06-20,324.3,0,23.0,273.5,0,2.9820611,2.6787033,291.51157,294.6904,287.28873,282.29544,275.25946,1.0,0.0,0.08440083,0.17689733,0.22019193,0.26790997
63.0704,-134.6148,62.399,-129.421,N,2016,06,20,2016-06-20,327.3,0,27.0,270.7,0,2.9820611,2.6787033,291.51157,294.6904,287.28873,282.29544,275.25946,1.0,0.0,0.08440083,0.17689733,0.22019193,0.26790997
63.0653,-134.642,62.399,-129.421,N,2016,06,20,2016-06-20,323.8,0,23.6,271.7,0,2.9820611,2.6787033,291.51157,294.6904,287.28873,282.29544,275.25946,1.0,0.0,0.08440083,0.17689733,0.22019193,0.26790997
63.0692,-134.7764,62.399,-129.421,N,2016,06,20,2016-06-20,325.3,0,24.7,275.6,0,2.9820611,2.6787033,291.51157,294.6904,287.28873,282.29544,275.25946,1.0,0.0,0.08440083,0.17689733,0.22019193,0.26790997
62.9594,-134.8591,62.399,-129.421,N,2016,06,20,2016-06-20,319.7,10,18.9,285.3,0,2.9820611,2.6787033,291.51157,294.6904,287.28873,282.29544,275.25946,1.0,0.0,0.08440083,0.17689733,0.22019193,0.26790997
62.9629,-134.8791,62.399,-129.421,N,2016,06,20,2016-06-20,325.9,50,26.3,283.5,0,2.9820611,2.6787033,291.51157,294.6904,287.28873,282.29544,275.25946,1.0,0.0,0.08440083,0.17689733,0.22019193,0.26790997
62.9661,-134.7842,62.399,-129.421,N,2016,06,20,2016-06-20,319.1,58,19.5,282.9,0,2.9820611,2.6787033,291.51157,294.6904,287.28873,282.29544,275.25946,1.0,0.0,0.08440083,0.17689733,0.22019193,0.26790997
62.9696,-134.8041,62.399,-129.421,N,2016,06,20,2016-06-20,328.2,43,28.4,286.2,0,2.9820611,2.6787033,291.51157,294.6904,287.28873,282.29544,275.25946,1.0,0.0,0.08440083,0.17689733,0.22019193,0.26790997
63.0571,-134.7471,62.399,-129.421,N,2016,06,20,2016-06-20,318.8,95,21.2,274.9,1,2.9820611,2.6787033,291.51157,294.6904,287.28873,282.29544,275.25946,1.0,0.0,0.08440083,0.17689733,0.22019193,0.26790997
63.0607,-134.7675,62.399,-129.421,N,2016,06,20,2016-06-20,333.1,100,39.8,281.1,1,2.9820611,2.6787033,291.51157,294.6904,287.28873,282.29544,275.25946,1.0,0.0,0.08440083,0.17689733,0.22019193,0.26790997
63.0643,-134.7879,62.399,-129.421,N,2016,06,20,2016-06-20,305.1,62,10.9,277.0,0,2.9820611,2.6787033,291.51157,294.6904,287.28873,282.29544,275.25946,1.0,0.0,0.08440083,0.17689733,0.22019193,0.26790997
63.0655,-134.7559,62.399,-129.421,N,2016,06,20,2016-06-20,321.2,0,18.8,279.3,0,2.9820611,2.6787033,291.51157,294.6904,287.28873,282.29544,275.25946,1.0,0.0,0.08440083,0.17689733,0.22019193,0.26790997
63.0739,-134.6346,62.399,-129.421,N,2016,06,20,2016-06-20,326.3,0,23.8,273.6,0,2.9820611,2.6787033,291.51157,294.6904,287.28873,282.29544,275.25946,1.0,0.0,0.08440083,0.17689733,0.22019193,0.26790997
63.2097,-134.1146,61.477,-122.695,D,2016,06,20,2016-06-20,301.3,0,14.6,281.0,0,0.26345578,1.4433734,288.19373,286.6675,287.40234,281.75842,274.54803,6.0,0.0,0.48349315,0.48218924,0.4665652,0.46859255
63.9725,-124.06,61.477,-122.695,D,2016,06,20,2016-06-20,355.5,98,75.4,302.7,1,0.26345578,1.4433734,288.19373,286.6675,287.40234,281.75842,274.54803,6.0,0.0,0.48349315,0.48218924,0.4665652,0.46859255
63.9789,-124.0333,61.477,-122.695,D,2016,06,20,2016-06-20,331.7,72,27.3,301.5,0,0.26345578,1.4433734,288.19373,286.6675,287.40234,281.75842,274.54803,6.0,0.0,0.48349315,0.48218924,0.4665652,0.46859255
63.9816,-124.0544,61.477,-122.695,D,2016,06,20,2016-06-20,344.2,92,49.1,304.2,1,0.26345578,1.4433734,288.19373,286.6675,287.40234,281.75842,274.54803,6.0,0.0,0.48349315,0.48218924,0.4665652,0.46859255
63.9699,-124.0389,61.477,-122.695,D,2016,06,20,2016-06-20,336.9,82,35.5,301.9,0,0.26345578,1.4433734,288.19373,286.6675,287.40234,281.75842,274.54803,6.0,0.0,0.48349315,0.48218924,0.4665652,0.46859255
63.9742,-124.0563,61.477,-122.695,D,2016,06,20,2016-06-20,343.2,80,96.9,302.3,0,0.26345578,1.4433734,288.19373,286.6675,287.40234,281.75842,274.54803,6.0,0.0,0.48349315,0.48218924,0.4665652,0.46859255
63.9725,-124.0418,61.477,-122.695,D,2016,06,20,2016-06-20,320.3,64,62.8,300.0,0,0.26345578,1.4433734,288.19373,286.6675,287.40234,281.75842,274.54803,6.0,0.0,0.48349315,0.48218924,0.4665652,0.46859255
63.3206,-122.5766,61.477,-122.695,D,2016,06,20,2016-06-20,330.7,84,147.1,302.1,0,0.26345578,1.4433734,288.19373,286.6675,287.40234,281.75842,274.54803,6.0,0.0,0.48349315,0.48218924,0.4665652,0.46859255
63.9741,-124.0479,61.477,-122.695,D,2016,06,20,2016-06-20,320.2,74,63.5,300.1,0,0.26345578,1.4433734,288.19373,286.6675,287.40234,281.75842,274.54803,6.0,0.0,0.48349315,0.48218924,0.4665652,0.46859255
63.3129,-122.5838,61.477,-122.695,D,2016,06,20,2016-06-20,341.1,90,100.2,306.1,1,0.26345578,1.4433734,288.19373,286.6675,287.40234,281.75842,274.54803,6.0,0.0,0.48349315,0.48218924,0.4665652,0.46859255
63.968,-124.0364,61.477,-122.695,D,2016,06,20,2016-06-20,321.3,61,27.8,301.1,0,0.26345578,1.4433734,288.19373,286.6675,287.40234,281.75842,274.54803,6.0,0.0,0.48349315,0.48218924,0.4665652,0.46859255
63.9798,-124.0406,61.477,-122.695,D,2016,06,20,2016-06-20,322.8,71,31.9,301.2,0,0.26345578,1.4433734,288.19373,286.6675,287.40234,281.75842,274.54803,6.0,0.0,0.48349315,0.48218924,0.4665652,0.46859255
63.9776,-124.0764,61.477,-122.695,D,2016,06,20,2016-06-20,319.1,54,22.7,301.5,0,0.26345578,1.4433734,288.19373,286.6675,287.40234,281.75842,274.54803,6.0,0.0,0.48349315,0.48218924,0.4665652,0.46859255
64.0045,-123.9947,63.85,-123.759,N,2016,06,21,2016-06-21,311.7,50,9.1,277.3,0,2.3340998,-3.6477892,293.92667,294.92993,291.00946,284.8335,277.15363,1.0,2.1455035e-06,0.17859912,0.20605867,0.22527862,0.25545365
63.9548,-123.8442,63.85,-123.759,N,2016,06,21,2016-06-21,308.9,28,9.0,271.8,0,2.3340998,-3.6477892,293.92667,294.92993,291.00946,284.8335,277.15363,1.0,2.1455035e-06,0.17859912,0.20605867,0.22527862,0.25545365
63.9452,-124.0071,63.85,-123.759,N,2016,06,21,2016-06-21,319.1,87,15.9,276.7,0,2.3340998,-3.6477892,293.92667,294.92993,291.00946,284.8335,277.15363,1.0,2.1455035e-06,0.17859912,0.20605867,0.22527862,0.25545365
63.954,-124.0155,63.85,-123.759,N,2016,06,21,2016-06-21,340.5,100,46.6,267.6,1,2.3340998,-3.6477892,293.92667,294.92993,291.00946,284.8335,277.15363,1.0,2.1455035e-06,0.17859912,0.20605867,0.22527862,0.25545365
63.9627,-124.0238,63.85,-123.759,N,2016,06,21,2016-06-21,313.8,88,11.3,266.6,0,2.3340998,-3.6477892,293.92667,294.92993,291.00946,284.8335,277.15363,1.0,2.1455035e-06,0.17859912,0.20605867,0.22527862,0.25545365
63.9589,-124.0447,63.85,-123.759,N,2016,06,21,2016-06-21,309.4,55,7.1,285.0,0,2.3340998,-3.6477892,293.92667,294.92993,291.00946,284.8335,277.15363,1.0,2.1455035e-06,0.17859912,0.20605867,0.22527862,0.25545365
63.9715,-124.032,63.85,-123.759,N,2016,06,21,2016-06-21,359.7,100,95.2,287.9,1,2.3340998,-3.6477892,293.92667,294.92993,291.00946,284.8335,277.15363,1.0,2.1455035e-06,0.17859912,0.20605867,0.22527862,0.25545365
63.9677,-124.0527,63.85,-123.759,N,2016,06,21,2016-06-21,398.8,100,281.0,297.0,1,2.3340998,-3.6477892,293.92667,294.92993,291.00946,284.8335,277.15363,1.0,2.1455035e-06,0.17859912,0.20605867,0.22527862,0.25545365
63.9917,-123.9778,63.85,-123.759,N,2016,06,21,2016-06-21,335.1,100,38.3,269.2,1,2.3340998,-3.6477892,293.92667,294.92993,291.00946,284.8335,277.15363,1.0,2.1455035e-06,0.17859912,0.20605867,0.22527862,0.25545365
63.9879,-123.9987,63.85,-123.759,N,2016,06,21,2016-06-21,335.3,100,38.5,272.2,1,2.3340998,-3.6477892,293.92667,294.92993,291.00946,284.8335,277.15363,1.0,2.1455035e-06,0.17859912,0.20605867,0.22527862,0.25545365
63.9841,-124.0195,63.85,-123.759,N,2016,06,21,2016-06-21,348.8,100,64.8,289.1,1,2.3340998,-3.6477892,293.92667,294.92993,291.00946,284.8335,277.15363,1.0,2.1455035e-06,0.17859912,0.20605867,0.22527862,0.25545365
63.9802,-124.0402,63.85,-123.759,N,2016,06,21,2016-06-21,352.2,100,74.3,294.0,1,2.3340998,-3.6477892,293.92667,294.92993,291.00946,284.8335,277.15363,1.0,2.1455035e-06,0.17859912,0.20605867,0.22527862,0.25545365
63.9764,-124.0612,63.85,-123.759,N,2016,06,21,2016-06-21,334.2,100,36.5,290.0,1,2.3340998,-3.6477892,293.92667,294.92993,291.00946,284.8335,277.15363,1.0,2.1455035e-06,0.17859912,0.20605867,0.22527862,0.25545365
63.9996,-123.9658,63.85,-123.759,N,2016,06,21,2016-06-21,320.0,99,18.2,272.7,1,2.3340998,-3.6477892,293.92667,294.92993,291.00946,284.8335,277.15363,1.0,2.1455035e-06,0.17859912,0.20605867,0.22527862,0.25545365
63.9957,-123.9868,63.85,-123.759,N,2016,06,21,2016-06-21,330.6,100,31.2,270.5,1,2.3340998,-3.6477892,293.92667,294.92993,291.00946,284.8335,277.15363,1.0,2.1455035e-06,0.17859912,0.20605867,0.22527862,0.25545365
63.9918,-124.0076,63.85,-123.759,N,2016,06,21,2016-06-21,338.6,100,44.5,278.1,1,2.3340998,-3.6477892,293.92667,294.92993,291.00946,284.8335,277.15363,1.0,2.1455035e-06,0.17859912,0.20605867,0.22527862,0.25545365
63.988,-124.0284,63.85,-123.759,N,2016,06,21,2016-06-21,351.0,100,71.9,294.6,1,2.3340998,-3.6477892,293.92667,294.92993,291.00946,284.8335,277.15363,1.0,2.1455035e-06,0.17859912,0.20605867,0.22527862,0.25545365
63.9841,-124.0494,63.85,-123.759,N,2016,06,21,2016-06-21,338.8,100,46.1,293.3,1,2.3340998,-3.6477892,293.92667,294.92993,291.00946,284.8335,277.15363,1.0,2.1455035e-06,0.17859912,0.20605867,0.22527862,0.25545365
63.9801,-124.0706,63.85,-123.759,N,2016,06,21,2016-06-21,316.8,94,15.8,287.7,1,2.3340998,-3.6477892,293.92667,294.92993,291.00946,284.8335,277.15363,1.0,2.1455035e-06,0.17859912,0.20605867,0.22527862,0.25545365
64.0006,-124.0157,63.85,-123.759,N,2016,06,21,2016-06-21,341.8,100,50.0,279.5,1,2.3340998,-3.6477892,293.92667,294.92993,291.00946,284.8335,277.15363,1.0,2.1455035e-06,0.17859912,0.20605867,0.22527862,0.25545365
63.9967,-124.0368,63.85,-123.759,N,2016,06,21,2016-06-21,360.8,100,99.4,289.7,1,2.3340998,-3.6477892,293.92667,294.92993,291.00946,284.8335,277.15363,1.0,2.1455035e-06,0.17859912,0.20605867,0.22527862,0.25545365
63.9928,-124.0577,63.85,-123.759,N,2016,06,21,2016-06-21,321.3,100,20.2,288.1,1,2.3340998,-3.6477892,293.92667,294.92993,291.00946,284.8335,277.15363,1.0,2.1455035e-06,0.17859912,0.20605867,0.22527862,0.25545365
64.0093,-124.0243,63.85,-123.759,N,2016,06,21,2016-06-21,322.2,100,20.3,286.7,1,2.3340998,-3.6477892,293.92667,294.92993,291.00946,284.8335,277.15363,1.0,2.1455035e-06,0.17859912,0.20605867,0.22527862,0.25545365
64.0054,-124.0453,63.85,-123.759,N,2016,06,21,2016-06-21,312.9,86,10.9,284.6,0,2.3340998,-3.6477892,293.92667,294.92993,291.00946,284.8335,277.15363,1.0,2.1455035e-06,0.17859912,0.20605867,0.22527862,0.25545365
64.023,-124.0614,63.85,-123.759,N,2016,06,21,2016-06-21,322.3,100,20.7,290.5,1,2.3340998,-3.6477892,293.92667,294.92993,291.00946,284.8335,277.15363,1.0,2.1455035e-06,0.17859912,0.20605867,0.22527862,0.25545365
64.0192,-124.082,63.85,-123.759,N,2016,06,21,2016-06-21,377.4,100,163.1,296.7,1,2.3340998,-3.6477892,293.92667,294.92993,291.00946,284.8335,277.15363,1.0,2.1455035e-06,0.17859912,0.20605867,0.22527862,0.25545365
64.0317,-124.07,63.85,-123.759,N,2016,06,21,2016-06-21,318.7,97,16.7,290.2,1,2.3340998,-3.6477892,293.92667,294.92993,291.00946,284.8335,277.15363,1.0,2.1455035e-06,0.17859912,0.20605867,0.22527862,0.25545365
64.0279,-124.0904,63.85,-123.759,N,2016,06,21,2016-06-21,361.4,100,101.8,295.5,1,2.3340998,-3.6477892,293.92667,294.92993,291.00946,284.8335,277.15363,1.0,2.1455035e-06,0.17859912,0.20605867,0.22527862,0.25545365
64.0404,-124.0786,63.85,-123.759,N,2016,06,21,2016-06-21,314.9,86,13.5,290.0,0,2.3340998,-3.6477892,293.92667,294.92993,291.00946,284.8335,277.15363,1.0,2.1455035e-06,0.17859912,0.20605867,0.22527862,0.25545365
64.0366,-124.0989,63.85,-123.759,N,2016,06,21,2016-06-21,353.1,100,78.0,294.1,1,2.3340998,-3.6477892,293.92667,294.92993,291.00946,284.8335,277.15363,1.0,2.1455035e-06,0.17859912,0.20605867,0.22527862,0.25545365
64.0453,-124.1074,63.85,-123.759,N,2016,06,21,2016-06-21,344.4,100,58.2,291.4,1,2.3340998,-3.6477892,293.92667,294.92993,291.00946,284.8335,277.15363,1.0,2.1455035e-06,0.17859912,0.20605867,0.22527862,0.25545365
64.0412,-124.1298,63.85,-123.759,N,2016,06,21,2016-06-21,308.6,66,8.7,290.7,0,2.3340998,-3.6477892,293.92667,294.92993,291.00946,284.8335,277.15363,1.0,2.1455035e-06,0.17859912,0.20605867,0.22527862,0.25545365
63.9105,-123.8626,63.85,-123.759,N,2016,06,21,2016-06-21,456.7,100,4773.1,307.3,1,2.3340998,-3.6477892,293.92667,294.92993,291.00946,284.8335,277.15363,1.0,2.1455035e-06,0.17859912,0.20605867,0.22527862,0.25545365
63.8704,-123.7142,63.85,-123.759,N,2016,06,21,2016-06-21,307.9,28,50.4,278.3,0,2.3340998,-3.6477892,293.92667,294.92993,291.00946,284.8335,277.15363,1.0,2.1455035e-06,0.17859912,0.20605867,0.22527862,0.25545365
63.87,-123.7828,63.85,-123.759,N,2016,06,21,2016-06-21,326.5,100,142.3,283.1,1,2.3340998,-3.6477892,293.92667,294.92993,291.00946,284.8335,277.15363,1.0,2.1455035e-06,0.17859912,0.20605867,0.22527862,0.25545365
63.8864,-123.7111,63.85,-123.759,N,2016,06,21,2016-06-21,323.9,50,125.7,280.5,0,2.3340998,-3.6477892,293.92667,294.92993,291.00946,284.8335,277.15363,1.0,2.1455035e-06,0.17859912,0.20605867,0.22527862,0.25545365
63.8859,-123.7827,63.85,-123.759,N,2016,06,21,2016-06-21,419.1,100,2326.5,288.0,1,2.3340998,-3.6477892,293.92667,294.92993,291.00946,284.8335,277.15363,1.0,2.1455035e-06,0.17859912,0.20605867,0.22527862,0.25545365
63.8854,-123.855,63.85,-123.759,N,2016,06,21,2016-06-21,414.0,100,2056.6,294.2,1,2.3340998,-3.6477892,293.92667,294.92993,291.00946,284.8335,277.15363,1.0,2.1455035e-06,0.17859912,0.20605867,0.22527862,0.25545365
63.9018,-123.7821,63.85,-123.759,N,2016,06,21,2016-06-21,410.2,100,1901.7,289.2,1,2.3340998,-3.6477892,293.92667,294.92993,291.00946,284.8335,277.15363,1.0,2.1455035e-06,0.17859912,0.20605867,0.22527862,0.25545365
63.9013,-123.8549,63.85,-123.759,N,2016,06,21,2016-06-21,443.3,100,3739.0,303.0,1,2.3340998,-3.6477892,293.92667,294.92993,291.00946,284.8335,277.15363,1.0,2.1455035e-06,0.17859912,0.20605867,0.22527862,0.25545365
63.9007,-123.9262,63.85,-123.759,N,2016,06,21,2016-06-21,334.6,72,188.5,290.7,0,2.3340998,-3.6477892,293.92667,294.92993,291.00946,284.8335,277.15363,1.0,2.1455035e-06,0.17859912,0.20605867,0.22527862,0.25545365
63.9177,-123.7828,63.85,-123.759,N,2016,06,21,2016-06-21,398.2,100,1441.1,290.0,1,2.3340998,-3.6477892,293.92667,294.92993,291.00946,284.8335,277.15363,1.0,2.1455035e-06,0.17859912,0.20605867,0.22527862,0.25545365
63.9171,-123.8552,63.85,-123.759,N,2016,06,21,2016-06-21,500.0,100,9579.6,313.2,1,2.3340998,-3.6477892,293.92667,294.92993,291.00946,284.8335,277.15363,1.0,2.1455035e-06,0.17859912,0.20605867,0.22527862,0.25545365
63.9165,-123.9264,63.85,-123.759,N,2016,06,21,2016-06-21,376.8,100,807.1,295.3,1,2.3340998,-3.6477892,293.92667,294.92993,291.00946,284.8335,277.15363,1.0,2.1455035e-06,0.17859912,0.20605867,0.22527862,0.25545365
63.9336,-123.783,63.85,-123.759,N,2016,06,21,2016-06-21,352.7,100,391.0,288.7,1,2.3340998,-3.6477892,293.92667,294.92993,291.00946,284.8335,277.15363,1.0,2.1455035e-06,0.17859912,0.20605867,0.22527862,0.25545365
63.933,-123.8551,63.85,-123.759,N,2016,06,21,2016-06-21,500.0,100,9580.5,310.8,1,2.3340998,-3.6477892,293.92667,294.92993,291.00946,284.8335,277.15363,1.0,2.1455035e-06,0.17859912,0.20605867,0.22527862,0.25545365
63.9323,-123.9267,63.85,-123.759,N,2016,06,21,2016-06-21,404.7,100,1647.1,299.7,1,2.3340998,-3.6477892,293.92667,294.92993,291.00946,284.8335,277.15363,1.0,2.1455035e-06,0.17859912,0.20605867,0.22527862,0.25545365
63.9317,-123.9961,63.85,-123.759,N,2016,06,21,2016-06-21,322.4,0,101.3,290.2,0,2.3340998,-3.6477892,293.92667,294.92993,291.00946,284.8335,277.15363,1.0,2.1455035e-06,0.17859912,0.20605867,0.22527862,0.25545365
63.8793,-123.7191,63.85,-123.759,N,2016,06,21,2016-06-21,323.9,43,119.2,279.4,0,2.3340998,-3.6477892,293.92667,294.92993,291.00946,284.8335,277.15363,1.0,2.1455035e-06,0.17859912,0.20605867,0.22527862,0.25545365
63.8791,-123.7902,63.85,-123.759,N,2016,06,21,2016-06-21,385.0,100,1030.6,286.3,1,2.3340998,-3.6477892,293.92667,294.92993,291.00946,284.8335,277.15363,1.0,2.1455035e-06,0.17859912,0.20605867,0.22527862,0.25545365
63.8789,-123.8627,63.85,-123.759,N,2016,06,21,2016-06-21,363.4,100,549.5,289.6,1,2.3340998,-3.6477892,293.92667,294.92993,291.00946,284.8335,277.15363,1.0,2.1455035e-06,0.17859912,0.20605867,0.22527862,0.25545365
63.8947,-123.8623,63.85,-123.759,N,2016,06,21,2016-06-21,428.5,100,2789.7,299.1,1,2.3340998,-3.6477892,293.92667,294.92993,291.00946,284.8335,277.15363,1.0,2.1455035e-06,0.17859912,0.20605867,0.22527862,0.25545365
63.9109,-123.7898,63.85,-123.759,N,2016,06,21,2016-06-21,411.4,100,1958.2,291.7,1,2.3340998,-3.6477892,293.92667,294.92993,291.00946,284.8335,277.15363,1.0,2.1455035e-06,0.17859912,0.20605867,0.22527862,0.25545365
63.9102,-123.9336,63.85,-123.759,N,2016,06,21,2016-06-21,348.6,100,327.5,292.2,1,2.3340998,-3.6477892,293.92667,294.92993,291.00946,284.8335,277.15363,1.0,2.1455035e-06,0.17859912,0.20605867,0.22527862,0.25545365
63.9268,-123.7906,63.85,-123.759,N,2016,06,21,2016-06-21,394.6,100,1317.5,291.3,1,2.3340998,-3.6477892,293.92667,294.92993,291.00946,284.8335,277.15363,1.0,2.1455035e-06,0.17859912,0.20605867,0.22527862,0.25545365
63.9264,-123.8629,63.85,-123.759,N,2016,06,21,2016-06-21,500.0,100,9586.1,315.9,1,2.3340998,-3.6477892,293.92667,294.92993,291.00946,284.8335,277.15363,1.0,2.1455035e-06,0.17859912,0.20605867,0.22527862,0.25545365
63.926,-123.9338,63.85,-123.759,N,2016,06,21,2016-06-21,373.4,100,741.6,296.1,1,2.3340998,-3.6477892,293.92667,294.92993,291.00946,284.8335,277.15363,1.0,2.1455035e-06,0.17859912,0.20605867,0.22527862,0.25545365
63.9422,-123.8624,63.85,-123.759,N,2016,06,21,2016-06-21,429.9,100,2878.0,300.6,1,2.3340998,-3.6477892,293.92667,294.92993,291.00946,284.8335,277.15363,1.0,2.1455035e-06,0.17859912,0.20605867,0.22527862,0.25545365
63.9418,-123.9344,63.85,-123.759,N,2016,06,21,2016-06-21,390.8,100,1181.9,297.2,1,2.3340998,-3.6477892,293.92667,294.92993,291.00946,284.8335,277.15363,1.0,2.1455035e-06,0.17859912,0.20605867,0.22527862,0.25545365
63.9413,-124.0039,63.85,-123.759,N,2016,06,21,2016-06-21,332.3,93,172.7,290.8,1,2.3340998,-3.6477892,293.92667,294.92993,291.00946,284.8335,277.15363,1.0,2.1455035e-06,0.17859912,0.20605867,0.22527862,0.25545365
63.9581,-123.8627,63.85,-123.759,N,2016,06,21,2016-06-21,411.8,100,1959.2,298.9,1,2.3340998,-3.6477892,293.92667,294.92993,291.00946,284.8335,277.15363,1.0,2.1455035e-06,0.17859912,0.20605867,0.22527862,0.25545365
63.9576,-123.9336,63.85,-123.759,N,2016,06,21,2016-06-21,408.3,100,1801.1,299.9,1,2.3340998,-3.6477892,293.92667,294.92993,291.00946,284.8335,277.15363,1.0,2.1455035e-06,0.17859912,0.20605867,0.22527862,0.25545365
63.9571,-124.004,63.85,-123.759,N,2016,06,21,2016-06-21,388.5,100,1112.6,296.6,1,2.3340998,-3.6477892,293.92667,294.92993,291.00946,284.8335,277.15363,1.0,2.1455035e-06,0.17859912,0.20605867,0.22527862,0.25545365
63.9566,-124.0734,63.85,-123.759,N,2016,06,21,2016-06-21,346.6,100,311.6,291.1,1,2.3340998,-3.6477892,293.92667,294.92993,291.00946,284.8335,277.15363,1.0,2.1455035e-06,0.17859912,0.20605867,0.22527862,0.25545365
63.9739,-123.8639,63.85,-123.759,N,2016,06,21,2016-06-21,338.5,100,232.1,291.1,1,2.3340998,-3.6477892,293.92667,294.92993,291.00946,284.8335,277.15363,1.0,2.1455035e-06,0.17859912,0.20605867,0.22527862,0.25545365
63.9734,-123.9341,63.85,-123.759,N,2016,06,21,2016-06-21,351.5,100,373.1,292.3,1,2.3340998,-3.6477892,293.92667,294.92993,291.00946,284.8335,277.15363,1.0,2.1455035e-06,0.17859912,0.20605867,0.22527862,0.25545365
63.9728,-124.006,63.85,-123.759,N,2016,06,21,2016-06-21,337.0,100,215.1,291.2,1,2.3340998,-3.6477892,293.92667,294.92993,291.00946,284.8335,277.15363,1.0,2.1455035e-06,0.17859912,0.20605867,0.22527862,0.25545365
63.9723,-124.0759,63.85,-123.759,N,2016,06,21,2016-06-21,315.1,25,67.3,289.6,0,2.3340998,-3.6477892,293.92667,294.92993,291.00946,284.8335,277.15363,1.0,2.1455035e-06,0.17859912,0.20605867,0.22527862,0.25545365
63.9897,-123.8663,63.85,-123.759,N,2016,06,21,2016-06-21,307.3,44,39.4,289.9,0,2.3340998,-3.6477892,293.92667,294.92993,291.00946,284.8335,277.15363,1.0,2.1455035e-06,0.17859912,0.20605867,0.22527862,0.25545365
63.9892,-123.9358,63.85,-123.759,N,2016,06,21,2016-06-21,325.9,100,134.2,290.3,1,2.3340998,-3.6477892,293.92667,294.92993,291.00946,284.8335,277.15363,1.0,2.1455035e-06,0.17859912,0.20605867,0.22527862,0.25545365
63.9886,-124.007,63.85,-123.759,N,2016,06,21,2016-06-21,332.9,100,179.1,291.2,1,2.3340998,-3.6477892,293.92667,294.92993,291.00946,284.8335,277.15363,1.0,2.1455035e-06,0.17859912,0.20605867,0.22527862,0.25545365
63.988,-124.0774,63.85,-123.759,N,2016,06,21,2016-06-21,321.9,87,104.9,290.0,0,2.3340998,-3.6477892,293.92667,294.92993,291.00946,284.8335,277.15363,1.0,2.1455035e-06,0.17859912,0.20605867,0.22527862,0.25545365
64.0043,-124.0099,63.85,-123.759,N,2016,06,21,2016-06-21,322.3,62,104.1,289.8,0,2.3340998,-3.6477892,293.92667,294.92993,291.00946,284.8335,277.15363,1.0,2.1455035e-06,0.17859912,0.20605867,0.22527862,0.25545365
64.0037,-124.0801,63.85,-123.759,N,2016,06,21,2016-06-21,318.0,87,86.3,289.2,0,2.3340998,-3.6477892,293.92667,294.92993,291.00946,284.8335,277.15363,1.0,2.1455035e-06,0.17859912,0.20605867,0.22527862,0.25545365
64.0194,-124.0834,63.85,-123.759,N,2016,06,21,2016-06-21,305.8,9,35.9,288.4,0,2.3340998,-3.6477892,293.92667,294.92993,291.00946,284.8335,277.15363,1.0,2.1455035e-06,0.17859912,0.20605867,0.22527862,0.25545365
63.9672,-123.8673,63.85,-123.759,N,2016,06,21,2016-06-21,382.2,100,964.5,295.0,1,2.3340998,-3.6477892,293.92667,294.92993,291.00946,284.8335,277.15363,1.0,2.1455035e-06,0.17859912,0.20605867,0.22527862,0.25545365
63.9669,-123.9381,63.85,-123.759,N,2016,06,21,2016-06-21,377.7,100,845.4,295.3,1,2.3340998,-3.6477892,293.92667,294.92993,291.00946,284.8335,277.15363,1.0,2.1455035e-06,0.17859912,0.20605867,0.22527862,0.25545365
63.9666,-124.0099,63.85,-123.759,N,2016,06,21,2016-06-21,360.7,100,509.5,293.7,1,2.3340998,-3.6477892,293.92667,294.92993,291.00946,284.8335,277.15363,1.0,2.1455035e-06,0.17859912,0.20605867,0.22527862,0.25545365
63.9663,-124.0796,63.85,-123.759,N,2016,06,21,2016-06-21,321.2,85,102.7,289.8,0,2.3340998,-3.6477892,293.92667,294.92993,291.00946,284.8335,277.15363,1.0,2.1455035e-06,0.17859912,0.20605867,0.22527862,0.25545365
63.9831,-123.8693,63.85,-123.759,N,2016,06,21,2016-06-21,325.6,100,133.9,290.8,1,2.3340998,-3.6477892,293.92667,294.92993,291.00946,284.8335,277.15363,1.0,2.1455035e-06,0.17859912,0.20605867,0.22527862,0.25545365
63.9827,-123.9394,63.85,-123.759,N,2016,06,21,2016-06-21,339.7,100,246.6,291.3,1,2.3340998,-3.6477892,293.92667,294.92993,291.00946,284.8335,277.15363,1.0,2.1455035e-06,0.17859912,0.20605867,0.22527862,0.25545365
63.9824,-124.0109,63.85,-123.759,N,2016,06,21,2016-06-21,328.7,100,150.6,290.9,1,2.3340998,-3.6477892,293.92667,294.92993,291.00946,284.8335,277.15363,1.0,2.1455035e-06,0.17859912,0.20605867,0.22527862,0.25545365
63.982,-124.0808,63.85,-123.759,N,2016,06,21,2016-06-21,315.6,82,75.9,289.7,0,2.3340998,-3.6477892,293.92667,294.92993,291.00946,284.8335,277.15363,1.0,2.1455035e-06,0.17859912,0.20605867,0.22527862,0.25545365
63.9981,-124.013,63.85,-123.759,N,2016,06,21,2016-06-21,331.6,100,177.9,291.0,1,2.3340998,-3.6477892,293.92667,294.92993,291.00946,284.8335,277.15363,1.0,2.1455035e-06,0.17859912,0.20605867,0.22527862,0.25545365
64.0134,-124.0862,63.85,-123.759,N,2016,06,21,2016-06-21,314.9,62,73.3,288.7,0,2.3340998,-3.6477892,293.92667,294.92993,291.00946,284.8335,277.15363,1.0,2.1455035e-06,0.17859912,0.20605867,0.22527862,0.25545365
63.9629,-123.9761,63.85,-123.759,N,2016,06,21,2016-06-21,321.2,52,16.0,287.0,0,2.3340998,-3.6477892,293.92667,294.92993,291.00946,284.8335,277.15363,1.0,2.1455035e-06,0.17859912,0.20605867,0.22527862,0.25545365
63.9514,-123.8979,63.85,-123.759,N,2016,06,21,2016-06-21,316.5,50,11.3,285.8,0,2.3340998,-3.6477892,293.92667,294.92993,291.00946,284.8335,277.15363,1.0,2.1455035e-06,0.17859912,0.20605867,0.22527862,0.25545365
63.9486,-123.8783,63.85,-123.759,N,2016,06,21,2016-06-21,333.3,100,31.0,287.0,1,2.3340998,-3.6477892,293.92667,294.92993,291.00946,284.8335,277.15363,1.0,2.1455035e-06,0.17859912,0.20605867,0.22527862,0.25545365
63.9457,-123.8588,63.85,-123.759,N,2016,06,21,2016-06-21,347.7,100,56.4,289.6,1,2.3340998,-3.6477892,293.92667,294.92993,291.00946,284.8335,277.15363,1.0,2.1455035e-06,0.17859912,0.20605867,0.22527862,0.25545365
63.9428,-123.8393,63.85,-123.759,N,2016,06,21,2016-06-21,332.2,97,31.1,288.4,1,2.3340998,-3.6477892,293.92667,294.92993,291.00946,284.8335,277.15363,1.0,2.1455035e-06,0.17859912,0.20605867,0.22527862,0.25545365
63.96,-123.8914,63.85,-123.759,N,2016,06,21,2016-06-21,347.8,100,55.6,289.5,1,2.3340998,-3.6477892,293.92667,294.92993,291.00946,284.8335,277.15363,1.0,2.1455035e-06,0.17859912,0.20605867,0.22527862,0.25545365
63.9973,-124.0154,63.85,-123.759,N,2016,06,21,2016-06-21,317.7,18,14.9,287.2,0,2.3340998,-3.6477892,293.92667,294.92993,291.00946,284.8335,277.15363,1.0,2.1455035e-06,0.17859912,0.20605867,0.22527862,0.25545365
63.9686,-123.8849,63.85,-123.759,N,2016,06,21,2016-06-21,328.2,93,25.9,287.1,1,2.3340998,-3.6477892,293.92667,294.92993,291.00946,284.8335,277.15363,1.0,2.1455035e-06,0.17859912,0.20605867,0.22527862,0.25545365
63.9657,-123.8653,63.85,-123.759,N,2016,06,21,2016-06-21,328.9,91,27.5,286.8,1,2.3340998,-3.6477892,293.92667,294.92993,291.00946,284.8335,277.15363,1.0,2.1455035e-06,0.17859912,0.20605867,0.22527862,0.25545365
63.9629,-123.911,63.85,-123.759,N,2016,06,21,2016-06-21,320.6,74,15.7,286.1,0,2.3340998,-3.6477892,293.92667,294.92993,291.00946,284.8335,277.15363,1.0,2.1455035e-06,0.17859912,0.20605867,0.22527862,0.25545365
63.9601,-124.0218,63.85,-123.759,N,2016,06,21,2016-06-21,318.7,42,16.1,286.4,0,2.3340998,-3.6477892,293.92667,294.92993,291.00946,284.8335,277.15363,1.0,2.1455035e-06,0.17859912,0.20605867,0.22527862,0.25545365
63.9002,-123.8765,63.85,-123.759,N,2016,06,21,2016-06-21,300.3,24,5.7,283.7,0,2.3340998,-3.6477892,293.92667,294.92993,291.00946,284.8335,277.15363,1.0,2.1455035e-06,0.17859912,0.20605867,0.22527862,0.25545365
63.9198,-123.8132,63.85,-123.759,N,2016,06,21,2016-06-21,319.8,99,17.0,286.4,1,2.3340998,-3.6477892,293.92667,294.92993,291.00946,284.8335,277.15363,1.0,2.1455035e-06,0.17859912,0.20605867,0.22527862,0.25545365
63.9255,-123.7872,63.85,-123.759,N,2016,06,21,2016-06-21,345.5,100,53.6,289.3,1,2.3340998,-3.6477892,293.92667,294.92993,291.00946,284.8335,277.15363,1.0,2.1455035e-06,0.17859912,0.20605867,0.22527862,0.25545365
63.9284,-123.8067,63.85,-123.759,N,2016,06,21,2016-06-21,381.4,100,158.9,294.8,1,2.3340998,-3.6477892,293.92667,294.92993,291.00946,284.8335,277.15363,1.0,2.1455035e-06,0.17859912,0.20605867,0.22527862,0.25545365
63.9342,-123.8458,63.85,-123.759,N,2016,06,21,2016-06-21,321.6,100,18.0,286.2,1,2.3340998,-3.6477892,293.92667,294.92993,291.00946,284.8335,277.15363,1.0,2.1455035e-06,0.17859912,0.20605867,0.22527862,0.25545365
63.9313,-123.8262,63.85,-123.759,N,2016,06,21,2016-06-21,349.7,100,60.7,289.5,1,2.3340998,-3.6477892,293.92667,294.92993,291.00946,284.8335,277.15363,1.0,2.1455035e-06,0.17859912,0.20605867,0.22527862,0.25545365
63.9572,-123.8718,63.85,-123.759,N,2016,06,21,2016-06-21,328.4,86,25.8,287.5,0,2.3340998,-3.6477892,293.92667,294.92993,291.00946,284.8335,277.15363,1.0,2.1455035e-06,0.17859912,0.20605867,0.22527862,0.25545365
63.9658,-123.9957,63.85,-123.759,N,2016,06,21,2016-06-21,319.7,44,14.8,286.3,0,2.3340998,-3.6477892,293.92667,294.92993,291.00946,284.8335,277.15363,1.0,2.1455035e-06,0.17859912,0.20605867,0.22527862,0.25545365
63.3145,-122.5526,63.034,-122.302,D,2016,06,21,2016-06-21,342.3,87,173.6,274.3,0,2.553402,-4.476156,290.58255,290.7934,290.7955,282.78424,275.51196,6.0,2.6428547e-06,0.5810647,0.6012002,0.6256176,0.6363674
63.9183,-123.7868,63.034,-122.302,D,2016,06,21,2016-06-21,332.2,84,120.9,284.4,0,2.553402,-4.476156,290.58255,290.7934,290.7955,282.78424,275.51196,6.0,2.6428547e-06,0.5810647,0.6012002,0.6256176,0.6363674
63.9198,-123.8419,63.034,-122.302,D,2016,06,21,2016-06-21,323.0,56,72.6,287.5,0,2.553402,-4.476156,290.58255,290.7934,290.7955,282.78424,275.51196,6.0,2.6428547e-06,0.5810647,0.6012002,0.6256176,0.6363674
63.9213,-123.781,63.034,-122.302,D,2016,06,21,2016-06-21,333.1,84,123.1,284.5,0,2.553402,-4.476156,290.58255,290.7934,290.7955,282.78424,275.51196,6.0,2.6428547e-06,0.5810647,0.6012002,0.6256176,0.6363674
63.9227,-123.8363,63.034,-122.302,D,2016,06,21,2016-06-21,333.3,85,122.6,288.0,0,2.553402,-4.476156,290.58255,290.7934,290.7955,282.78424,275.51196,6.0,2.6428547e-06,0.5810647,0.6012002,0.6256176,0.6363674
63.3047,-122.5881,63.034,-122.302,D,2016,06,21,2016-06-21,321.5,47,147.1,272.3,0,2.553402,-4.476156,290.58255,290.7934,290.7955,282.78424,275.51196,6.0,2.6428547e-06,0.5810647,0.6012002,0.6256176,0.6363674
63.3273,-122.5181,63.034,-122.302,D,2016,06,21,2016-06-21,317.5,55,131.1,271.3,0,2.553402,-4.476156,290.58255,290.7934,290.7955,282.78424,275.51196,6.0,2.6428547e-06,0.5810647,0.6012002,0.6256176,0.6363674
63.3303,-122.5242,63.034,-122.302,D,2016,06,21,2016-06-21,311.4,31,84.3,272.9,0,2.553402,-4.476156,290.58255,290.7934,290.7955,282.78424,275.51196,6.0,2.6428547e-06,0.5810647,0.6012002,0.6256176,0.6363674
63.9561,-123.9851,63.034,-122.302,D,2016,06,21,2016-06-21,315.2,33,100.3,280.9,0,2.553402,-4.476156,290.58255,290.7934,290.7955,282.78424,275.51196,6.0,2.6428547e-06,0.5810647,0.6012002,0.6256176,0.6363674
63.9088,-123.7925,63.034,-122.302,D,2016,06,21,2016-06-21,347.0,95,72.1,289.9,1,2.553402,-4.476156,290.58255,290.7934,290.7955,282.78424,275.51196,6.0,2.6428547e-06,0.5810647,0.6012002,0.6256176,0.6363674
63.2985,-122.5511,63.034,-122.302,D,2016,06,21,2016-06-21,327.6,74,44.1,268.6,0,2.553402,-4.476156,290.58255,290.7934,290.7955,282.78424,275.51196,6.0,2.6428547e-06,0.5810647,0.6012002,0.6256176,0.6363674
63.9528,-124.0016,63.034,-122.302,D,2016,06,21,2016-06-21,371.2,100,157.4,292.8,1,2.553402,-4.476156,290.58255,290.7934,290.7955,282.78424,275.51196,6.0,2.6428547e-06,0.5810647,0.6012002,0.6256176,0.6363674
63.9129,-123.7591,63.034,-122.302,D,2016,06,21,2016-06-21,365.3,100,136.7,286.9,1,2.553402,-4.476156,290.58255,290.7934,290.7955,282.78424,275.51196,6.0,2.6428547e-06,0.5810647,0.6012002,0.6256176,0.6363674
63.9179,-123.7827,63.034,-122.302,D,2016,06,21,2016-06-21,399.2,100,342.2,296.8,1,2.553402,-4.476156,290.58255,290.7934,290.7955,282.78424,275.51196,6.0,2.6428547e-06,0.5810647,0.6012002,0.6256176,0.6363674
63.9229,-123.8062,63.034,-122.302,D,2016,06,21,2016-06-21,372.2,100,163.5,292.9,1,2.553402,-4.476156,290.58255,290.7934,290.7955,282.78424,275.51196,6.0,2.6428547e-06,0.5810647,0.6012002,0.6256176,0.6363674
63.9278,-123.8296,63.034,-122.302,D,2016,06,21,2016-06-21,349.5,90,75.2,291.5,1,2.553402,-4.476156,290.58255,290.7934,290.7955,282.78424,275.51196,6.0,2.6428547e-06,0.5810647,0.6012002,0.6256176,0.6363674
63.9619,-123.9921,63.034,-122.302,D,2016,06,21,2016-06-21,335.6,70,38.0,292.5,0,2.553402,-4.476156,290.58255,290.7934,290.7955,282.78424,275.51196,6.0,2.6428547e-06,0.5810647,0.6012002,0.6256176,0.6363674
63.3043,-122.5503,63.034,-122.302,D,2016,06,21,2016-06-21,340.0,92,75.6,271.0,1,2.553402,-4.476156,290.58255,290.7934,290.7955,282.78424,275.51196,6.0,2.6428547e-06,0.5810647,0.6012002,0.6256176,0.6363674
63.9319,-123.7962,63.034,-122.302,D,2016,06,21,2016-06-21,359.3,99,109.9,290.3,1,2.553402,-4.476156,290.58255,290.7934,290.7955,282.78424,275.51196,6.0,2.6428547e-06,0.5810647,0.6012002,0.6256176,0.6363674
63.9368,-123.8194,63.034,-122.302,D,2016,06,21,2016-06-21,332.7,58,36.9,288.4,0,2.553402,-4.476156,290.58255,290.7934,290.7955,282.78424,275.51196,6.0,2.6428547e-06,0.5810647,0.6012002,0.6256176,0.6363674
63.9467,-123.8662,63.034,-122.302,D,2016,06,21,2016-06-21,331.6,58,32.3,287.4,0,2.553402,-4.476156,290.58255,290.7934,290.7955,282.78424,275.51196,6.0,2.6428547e-06,0.5810647,0.6012002,0.6256176,0.6363674
63.9697,-123.8698,63.034,-122.302,D,2016,06,21,2016-06-21,386.9,100,243.0,291.8,1,2.553402,-4.476156,290.58255,290.7934,290.7955,282.78424,275.51196,6.0,2.6428547e-06,0.5810647,0.6012002,0.6256176,0.6363674
63.9746,-123.8929,63.034,-122.302,D,2016,06,21,2016-06-21,420.8,100,545.9,299.0,1,2.553402,-4.476156,290.58255,290.7934,290.7955,282.78424,275.51196,6.0,2.6428547e-06,0.5810647,0.6012002,0.6256176,0.6363674
63.9837,-123.8835,63.034,-122.302,D,2016,06,21,2016-06-21,359.4,97,107.9,294.6,1,2.553402,-4.476156,290.58255,290.7934,290.7955,282.78424,275.51196,6.0,2.6428547e-06,0.5810647,0.6012002,0.6256176,0.6363674
63.948,-123.9789,63.034,-122.302,D,2016,06,21,2016-06-21,367.9,100,141.1,291.0,1,2.553402,-4.476156,290.58255,290.7934,290.7955,282.78424,275.51196,6.0,2.6428547e-06,0.5810647,0.6012002,0.6256176,0.6363674
63.3081,-122.5406,63.034,-122.302,D,2016,06,21,2016-06-21,334.4,89,58.6,271.2,0,2.553402,-4.476156,290.58255,290.7934,290.7955,282.78424,275.51196,6.0,2.6428547e-06,0.5810647,0.6012002,0.6256176,0.6363674
63.3486,-122.5614,63.034,-122.302,D,2016,06,21,2016-06-21,314.5,33,19.4,269.4,0,2.553402,-4.476156,290.58255,290.7934,290.7955,282.78424,275.51196,6.0,2.6428547e-06,0.5810647,0.6012002,0.6256176,0.6363674
63.8691,-123.8144,63.034,-122.302,D,2016,06,21,2016-06-21,318.9,55,21.0,281.7,0,2.553402,-4.476156,290.58255,290.7934,290.7955,282.78424,275.51196,6.0,2.6428547e-06,0.5810647,0.6012002,0.6256176,0.6363674
63.8929,-123.8747,63.034,-122.302,D,2016,06,21,2016-06-21,326.5,58,28.4,286.0,0,2.553402,-4.476156,290.58255,290.7934,290.7955,282.78424,275.51196,6.0,2.6428547e-06,0.5810647,0.6012002,0.6256176,0.6363674
63.8978,-123.8981,63.034,-122.302,D,2016,06,21,2016-06-21,327.6,63,30.9,286.5,0,2.553402,-4.476156,290.58255,290.7934,290.7955,282.78424,275.51196,6.0,2.6428547e-06,0.5810647,0.6012002,0.6256176,0.6363674
63.8914,-123.8693,63.034,-122.302,D,2016,06,21,2016-06-21,317.8,49,15.6,285.7,0,2.553402,-4.476156,290.58255,290.7934,290.7955,282.78424,275.51196,6.0,2.6428547e-06,0.5810647,0.6012002,0.6256176,0.6363674
63.8964,-123.8926,63.034,-122.302,D,2016,06,21,2016-06-21,337.4,90,49.2,286.8,1,2.553402,-4.476156,290.58255,290.7934,290.7955,282.78424,275.51196,6.0,2.6428547e-06,0.5810647,0.6012002,0.6256176,0.6363674
63.9571,-123.9153,63.034,-122.302,D,2016,06,21,2016-06-21,327.9,38,17.6,286.2,0,2.553402,-4.476156,290.58255,290.7934,290.7955,282.78424,275.51196,6.0,2.6428547e-06,0.5810647,0.6012002,0.6256176,0.6363674
63.2993,-122.5475,63.034,-122.302,D,2016,06,21,2016-06-21,323.2,82,20.9,275.9,0,2.553402,-4.476156,290.58255,290.7934,290.7955,282.78424,275.51196,6.0,2.6428547e-06,0.5810647,0.6012002,0.6256176,0.6363674
63.3079,-122.5541,63.034,-122.302,D,2016,06,21,2016-06-21,340.1,80,41.0,280.2,0,2.553402,-4.476156,290.58255,290.7934,290.7955,282.78424,275.51196,6.0,2.6428547e-06,0.5810647,0.6012002,0.6256176,0.6363674
63.3243,-122.5738,63.034,-122.302,D,2016,06,21,2016-06-21,324.2,62,20.4,279.2,0,2.553402,-4.476156,290.58255,290.7934,290.7955,282.78424,275.51196,6.0,2.6428547e-06,0.5810647,0.6012002,0.6256176,0.6363674
63.8674,-123.811,63.034,-122.302,D,2016,06,21,2016-06-21,327.2,66,21.9,288.1,0,2.553402,-4.476156,290.58255,290.7934,290.7955,282.78424,275.51196,6.0,2.6428547e-06,0.5810647,0.6012002,0.6256176,0.6363674
63.913,-123.7676,63.034,-122.302,D,2016,06,21,2016-06-21,391.0,94,201.3,289.3,1,2.553402,-4.476156,290.58255,290.7934,290.7955,282.78424,275.51196,6.0,2.6428547e-06,0.5810647,0.6012002,0.6256176,0.6363674
63.9098,-123.7871,63.034,-122.302,D,2016,06,21,2016-06-21,372.3,94,119.4,292.6,1,2.553402,-4.476156,290.58255,290.7934,290.7955,282.78424,275.51196,6.0,2.6428547e-06,0.5810647,0.6012002,0.6256176,0.6363674
63.9067,-123.8065,63.034,-122.302,D,2016,06,21,2016-06-21,328.1,81,20.3,289.6,0,2.553402,-4.476156,290.58255,290.7934,290.7955,282.78424,275.51196,6.0,2.6428547e-06,0.5810647,0.6012002,0.6256176,0.6363674
63.8942,-123.8846,63.034,-122.302,D,2016,06,21,2016-06-21,343.1,88,46.1,283.5,0,2.553402,-4.476156,290.58255,290.7934,290.7955,282.78424,275.51196,6.0,2.6428547e-06,0.5810647,0.6012002,0.6256176,0.6363674
63.9215,-123.7746,63.034,-122.302,D,2016,06,21,2016-06-21,357.7,99,75.3,285.3,1,2.553402,-4.476156,290.58255,290.7934,290.7955,282.78424,275.51196,6.0,2.6428547e-06,0.5810647,0.6012002,0.6256176,0.6363674
63.9184,-123.7941,63.034,-122.302,D,2016,06,21,2016-06-21,386.5,100,176.7,294.8,1,2.553402,-4.476156,290.58255,290.7934,290.7955,282.78424,275.51196,6.0,2.6428547e-06,0.5810647,0.6012002,0.6256176,0.6363674
63.9153,-123.8137,63.034,-122.302,D,2016,06,21,2016-06-21,346.8,95,49.1,288.7,1,2.553402,-4.476156,290.58255,290.7934,290.7955,282.78424,275.51196,6.0,2.6428547e-06,0.5810647,0.6012002,0.6256176,0.6363674
63.9301,-123.7818,63.034,-122.302,D,2016,06,21,2016-06-21,345.0,94,47.1,284.5,1,2.553402,-4.476156,290.58255,290.7934,290.7955,282.78424,275.51196,6.0,2.6428547e-06,0.5810647,0.6012002,0.6256176,0.6363674
63.9269,-123.8013,63.034,-122.302,D,2016,06,21,2016-06-21,435.9,100,546.5,300.2,1,2.553402,-4.476156,290.58255,290.7934,290.7955,282.78424,275.51196,6.0,2.6428547e-06,0.5810647,0.6012002,0.6256176,0.6363674
63.9238,-123.8208,63.034,-122.302,D,2016,06,21,2016-06-21,362.2,100,86.5,290.7,1,2.553402,-4.476156,290.58255,290.7934,290.7955,282.78424,275.51196,6.0,2.6428547e-06,0.5810647,0.6012002,0.6256176,0.6363674
63.9324,-123.8279,63.034,-122.302,D,2016,06,21,2016-06-21,321.9,37,14.9,283.3,0,2.553402,-4.476156,290.58255,290.7934,290.7955,282.78424,275.51196,6.0,2.6428547e-06,0.5810647,0.6012002,0.6256176,0.6363674
63.9665,-123.8565,63.034,-122.302,D,2016,06,21,2016-06-21,361.9,100,86.0,283.5,1,2.553402,-4.476156,290.58255,290.7934,290.7955,282.78424,275.51196,6.0,2.6428547e-06,0.5810647,0.6012002,0.6256176,0.6363674
63.9634,-123.8762,63.034,-122.302,D,2016,06,21,2016-06-21,367.2,100,101.1,287.4,1,2.553402,-4.476156,290.58255,290.7934,290.7955,282.78424,275.51196,6.0,2.6428547e-06,0.5810647,0.6012002,0.6256176,0.6363674
63.9477,-123.974,63.034,-122.302,D,2016,06,21,2016-06-21,325.3,62,17.8,280.9,0,2.553402,-4.476156,290.58255,290.7934,290.7955,282.78424,275.51196,6.0,2.6428547e-06,0.5810647,0.6012002,0.6256176,0.6363674
63.9445,-123.9936,63.034,-122.302,D,2016,06,21,2016-06-21,366.4,100,102.6,283.4,1,2.553402,-4.476156,290.58255,290.7934,290.7955,282.78424,275.51196,6.0,2.6428547e-06,0.5810647,0.6012002,0.6256176,0.6363674
63.9413,-124.0132,63.034,-122.302,D,2016,06,21,2016-06-21,325.6,80,22.1,278.9,0,2.553402,-4.476156,290.58255,290.7934,290.7955,282.78424,275.51196,6.0,2.6428547e-06,0.5810647,0.6012002,0.6256176,0.6363674
63.9732,-123.8675,63.034,-122.302,D,2016,06,21,2016-06-21,407.3,100,297.0,290.5,1,2.553402,-4.476156,290.58255,290.7934,290.7955,282.78424,275.51196,6.0,2.6428547e-06,0.5810647,0.6012002,0.6256176,0.6363674
63.97,-123.8872,63.034,-122.302,D,2016,06,21,2016-06-21,424.0,100,429.1,303.2,1,2.553402,-4.476156,290.58255,290.7934,290.7955,282.78424,275.51196,6.0,2.6428547e-06,0.5810647,0.6012002,0.6256176,0.6363674
63.9669,-123.9067,63.034,-122.302,D,2016,06,21,2016-06-21,323.7,51,14.2,286.6,0,2.553402,-4.476156,290.58255,290.7934,290.7955,282.78424,275.51196,6.0,2.6428547e-06,0.5810647,0.6012002,0.6256176,0.6363674
63.9542,-123.985,63.034,-122.302,D,2016,06,21,2016-06-21,332.3,81,27.0,282.3,0,2.553402,-4.476156,290.58255,290.7934,290.7955,282.78424,275.51196,6.0,2.6428547e-06,0.5810647,0.6012002,0.6256176,0.6363674
63.951,-124.0046,63.034,-122.302,D,2016,06,21,2016-06-21,351.1,96,62.4,283.3,1,2.553402,-4.476156,290.58255,290.7934,290.7955,282.78424,275.51196,6.0,2.6428547e-06,0.5810647,0.6012002,0.6256176,0.6363674
63.9817,-123.8746,63.034,-122.302,D,2016,06,21,2016-06-21,337.2,77,33.6,284.5,0,2.553402,-4.476156,290.58255,290.7934,290.7955,282.78424,275.51196,6.0,2.6428547e-06,0.5810647,0.6012002,0.6256176,0.6363674
63.9786,-123.8943,63.034,-122.302,D,2016,06,21,2016-06-21,386.2,100,176.0,294.4,1,2.553402,-4.476156,290.58255,290.7934,290.7955,282.78424,275.51196,6.0,2.6428547e-06,0.5810647,0.6012002,0.6256176,0.6363674
63.9628,-123.9921,63.034,-122.302,D,2016,06,21,2016-06-21,330.9,72,24.7,283.5,0,2.553402,-4.476156,290.58255,290.7934,290.7955,282.78424,275.51196,6.0,2.6428547e-06,0.5810647,0.6012002,0.6256176,0.6363674
63.9596,-124.0117,63.034,-122.302,D,2016,06,21,2016-06-21,335.2,83,31.7,282.9,0,2.553402,-4.476156,290.58255,290.7934,290.7955,282.78424,275.51196,6.0,2.6428547e-06,0.5810647,0.6012002,0.6256176,0.6363674
63.9564,-124.0313,63.034,-122.302,D,2016,06,21,2016-06-21,325.1,64,20.1,283.7,0,2.553402,-4.476156,290.58255,290.7934,290.7955,282.78424,275.51196,6.0,2.6428547e-06,0.5810647,0.6012002,0.6256176,0.6363674
63.9871,-123.9014,63.034,-122.302,D,2016,06,21,2016-06-21,323.7,45,16.7,283.0,0,2.553402,-4.476156,290.58255,290.7934,290.7955,282.78424,275.51196,6.0,2.6428547e-06,0.5810647,0.6012002,0.6256176,0.6363674
63.984,-123.921,63.034,-122.302,D,2016,06,21,2016-06-21,329.8,74,22.9,287.9,0,2.553402,-4.476156,290.58255,290.7934,290.7955,282.78424,275.51196,6.0,2.6428547e-06,0.5810647,0.6012002,0.6256176,0.6363674
63.314,-122.6204,63.034,-122.302,D,2016,06,21,2016-06-21,323.9,47,206.2,273.0,0,2.553402,-4.476156,290.58255,290.7934,290.7955,282.78424,275.51196,6.0,2.6428547e-06,0.5810647,0.6012002,0.6256176,0.6363674
63.3095,-122.6243,63.034,-122.302,D,2016,06,21,2016-06-21,323.1,76,215.6,272.9,0,2.553402,-4.476156,290.58255,290.7934,290.7955,282.78424,275.51196,6.0,2.6428547e-06,0.5810647,0.6012002,0.6256176,0.6363674
63.9118,-123.8154,63.034,-122.302,D,2016,06,21,2016-06-21,311.1,28,87.7,272.5,0,2.553402,-4.476156,290.58255,290.7934,290.7955,282.78424,275.51196,6.0,2.6428547e-06,0.5810647,0.6012002,0.6256176,0.6363674
63.9293,-123.8136,63.034,-122.302,D,2016,06,21,2016-06-21,310.3,26,82.8,271.9,0,2.553402,-4.476156,290.58255,290.7934,290.7955,282.78424,275.51196,6.0,2.6428547e-06,0.5810647,0.6012002,0.6256176,0.6363674
63.9138,-123.8269,63.034,-122.302,D,2016,06,21,2016-06-21,311.9,39,93.3,272.8,0,2.553402,-4.476156,290.58255,290.7934,290.7955,282.78424,275.51196,6.0,2.6428547e-06,0.5810647,0.6012002,0.6256176,0.6363674
63.3142,-122.4811,55.814,-110.818,D,2016,06,22,2016-06-22,316.5,28,11.9,297.6,0,1.7907542,1.7896614,282.79053,282.0437,285.91568,278.98813,274.0087,6.0,0.0,0.60471815,0.6241336,0.61365306,0.5883422
63.2941,-122.5624,55.814,-110.818,D,2016,06,22,2016-06-22,321.0,0,17.5,290.4,0,1.7907542,1.7896614,282.79053,282.0437,285.91568,278.98813,274.0087,6.0,0.0,0.60471815,0.6241336,0.61365306,0.5883422
56.0577,-119.2564,55.814,-110.818,D,2016,06,22,2016-06-22,313.0,70,10.0,296.4,0,1.7907542,1.7896614,282.79053,282.0437,285.91568,278.98813,274.0087,6.0,0.0,0.60471815,0.6241336,0.61365306,0.5883422
56.0547,-119.2395,55.814,-110.818,D,2016,06,22,2016-06-22,327.7,84,26.3,299.4,0,1.7907542,1.7896614,282.79053,282.0437,285.91568,278.98813,274.0087,6.0,0.0,0.60471815,0.6241336,0.61365306,0.5883422
56.0558,-119.2344,55.814,-110.818,D,2016,06,22,2016-06-22,321.2,80,32.7,297.5,0,1.7907542,1.7896614,282.79053,282.0437,285.91568,278.98813,274.0087,6.0,0.0,0.60471815,0.6241336,0.61365306,0.5883422
56.0538,-119.2612,55.814,-110.818,D,2016,06,22,2016-06-22,324.3,83,39.5,297.1,0,1.7907542,1.7896614,282.79053,282.0437,285.91568,278.98813,274.0087,6.0,0.0,0.60471815,0.6241336,0.61365306,0.5883422
56.3761,-119.0544,55.814,-110.818,D,2016,06,22,2016-06-22,312.1,64,19.1,292.6,0,1.7907542,1.7896614,282.79053,282.0437,285.91568,278.98813,274.0087,6.0,0.0,0.60471815,0.6241336,0.61365306,0.5883422
62.9654,-134.798,55.814,-110.818,D,2016,06,22,2016-06-22,325.3,50,18.2,297.1,0,1.7907542,1.7896614,282.79053,282.0437,285.91568,278.98813,274.0087,6.0,0.0,0.60471815,0.6241336,0.61365306,0.5883422
63.9405,-132.1337,55.814,-110.818,D,2016,06,22,2016-06-22,301.0,14,3.6,285.2,0,1.7907542,1.7896614,282.79053,282.0437,285.91568,278.98813,274.0087,6.0,0.0,0.60471815,0.6241336,0.61365306,0.5883422
63.9379,-123.808,57.829,-115.89,N,2016,06,23,2016-06-23,306.1,28,11.9,282.8,0,0.7334012,-1.4486446,289.4624,289.7073,287.5886,282.67926,276.11688,6.0,0.00046552776,0.55577433,0.49508542,0.45805696,0.453863
62.9577,-134.8287,57.829,-115.89,N,2016,06,23,2016-06-23,304.6,61,10.1,285.7,0,0.7334012,-1.4486446,289.4624,289.7073,287.5886,282.67926,276.11688,6.0,0.00046552776,0.55577433,0.49508542,0.45805696,0.453863
63.2075,-134.121,57.829,-115.89,N,2016,06,23,2016-06-23,310.0,79,17.3,281.8,0,0.7334012,-1.4486446,289.4624,289.7073,287.5886,282.67926,276.11688,6.0,0.00046552776,0.55577433,0.49508542,0.45805696,0.453863
63.2022,-134.1199,60.275,-123.595,D,2016,06,23,2016-06-23,343.6,0,61.3,284.4,0,0.46143675,-1.5512811,286.9172,286.58536,288.7823,284.97043,276.74426,2.0,0.0,0.19641216,0.20760168,0.2352681,0.2778116
63.2042,-134.1119,60.275,-123.595,D,2016,06,23,2016-06-23,390.4,75,243.1,290.7,0,0.46143675,-1.5512811,286.9172,286.58536,288.7823,284.97043,276.74426,2.0,0.0,0.19641216,0.20760168,0.2352681,0.2778116
63.2136,-134.1064,60.275,-123.595,D,2016,06,23,2016-06-23,356.1,81,89.0,292.7,0,0.46143675,-1.5512811,286.9172,286.58536,288.7823,284.97043,276.74426,2.0,0.0,0.19641216,0.20760168,0.2352681,0.2778116
63.026,-134.6597,60.275,-123.595,D,2016,06,23,2016-06-23,428.1,75,590.4,309.6,0,0.46143675,-1.5512811,286.9172,286.58536,288.7823,284.97043,276.74426,2.0,0.0,0.19641216,0.20760168,0.2352681,0.2778116
63.0331,-134.6318,60.275,-123.595,D,2016,06,23,2016-06-23,348.6,90,70.2,296.4,1,0.46143675,-1.5512811,286.9172,286.58536,288.7823,284.97043,276.74426,2.0,0.0,0.19641216,0.20760168,0.2352681,0.2778116
62.9605,-134.8194,60.275,-123.595,D,2016,06,23,2016-06-23,358.2,93,98.9,295.8,1,0.46143675,-1.5512811,286.9172,286.58536,288.7823,284.97043,276.74426,2.0,0.0,0.19641216,0.20760168,0.2352681,0.2778116
63.0235,-134.6368,60.275,-123.595,D,2016,06,23,2016-06-23,437.4,75,711.3,310.0,0,0.46143675,-1.5512811,286.9172,286.58536,288.7823,284.97043,276.74426,2.0,0.0,0.19641216,0.20760168,0.2352681,0.2778116
63.0238,-134.6349,60.275,-123.595,D,2016,06,23,2016-06-23,363.0,75,314.5,290.8,0,0.46143675,-1.5512811,286.9172,286.58536,288.7823,284.97043,276.74426,2.0,0.0,0.19641216,0.20760168,0.2352681,0.2778116
63.035,-134.6509,60.275,-123.595,D,2016,06,23,2016-06-23,319.9,75,56.5,290.9,0,0.46143675,-1.5512811,286.9172,286.58536,288.7823,284.97043,276.74426,2.0,0.0,0.19641216,0.20760168,0.2352681,0.2778116
63.0314,-134.6545,60.275,-123.595,D,2016,06,23,2016-06-23,327.7,74,85.0,291.1,0,0.46143675,-1.5512811,286.9172,286.58536,288.7823,284.97043,276.74426,2.0,0.0,0.19641216,0.20760168,0.2352681,0.2778116
63.0009,-134.6846,60.275,-123.595,D,2016,06,23,2016-06-23,308.1,28,42.5,282.8,0,0.46143675,-1.5512811,286.9172,286.58536,288.7823,284.97043,276.74426,2.0,0.0,0.19641216,0.20760168,0.2352681,0.2778116
63.0395,-134.616,60.275,-123.595,D,2016,06,23,2016-06-23,456.9,100,1329.8,309.1,1,0.46143675,-1.5512811,286.9172,286.58536,288.7823,284.97043,276.74426,2.0,0.0,0.19641216,0.20760168,0.2352681,0.2778116
63.0523,-134.5926,60.275,-123.595,D,2016,06,23,2016-06-23,315.8,34,17.9,279.9,0,0.46143675,-1.5512811,286.9172,286.58536,288.7823,284.97043,276.74426,2.0,0.0,0.19641216,0.20760168,0.2352681,0.2778116
63.0372,-134.6436,60.275,-123.595,D,2016,06,23,2016-06-23,364.8,94,154.0,296.0,1,0.46143675,-1.5512811,286.9172,286.58536,288.7823,284.97043,276.74426,2.0,0.0,0.19641216,0.20760168,0.2352681,0.2778116
63.029,-134.6117,60.275,-123.595,D,2016,06,23,2016-06-23,368.2,90,176.8,296.6,1,0.46143675,-1.5512811,286.9172,286.58536,288.7823,284.97043,276.74426,2.0,0.0,0.19641216,0.20760168,0.2352681,0.2778116
63.0267,-134.6395,60.275,-123.595,D,2016,06,23,2016-06-23,379.8,75,244.2,304.3,0,0.46143675,-1.5512811,286.9172,286.58536,288.7823,284.97043,276.74426,2.0,0.0,0.19641216,0.20760168,0.2352681,0.2778116
63.0418,-134.5885,60.275,-123.595,D,2016,06,23,2016-06-23,350.1,68,96.4,289.7,0,0.46143675,-1.5512811,286.9172,286.58536,288.7823,284.97043,276.74426,2.0,0.0,0.19641216,0.20760168,0.2352681,0.2778116
63.5679,-139.7784,60.275,-123.595,D,2016,06,23,2016-06-23,318.8,0,16.0,296.2,0,0.46143675,-1.5512811,286.9172,286.58536,288.7823,284.97043,276.74426,2.0,0.0,0.19641216,0.20760168,0.2352681,0.2778116
63.5653,-139.7999,60.275,-123.595,D,2016,06,23,2016-06-23,346.9,89,60.2,298.7,0,0.46143675,-1.5512811,286.9172,286.58536,288.7823,284.97043,276.74426,2.0,0.0,0.19641216,0.20760168,0.2352681,0.2778116
57.2921,-108.0238,56.422,-95.418,N,2016,06,24,2016-06-24,301.3,30,14.7,282.3,0,-3.0474596,-1.0011654,291.83075,291.90518,288.2753,283.33228,274.2728,2.0,-7.275958e-12,0.23918858,0.27529258,0.30338305,0.3861313
57.3041,-108.0071,56.422,-95.418,N,2016,06,24,2016-06-24,301.8,44,16.4,282.9,0,-3.0474596,-1.0011654,291.83075,291.90518,288.2753,283.33228,274.2728,2.0,-7.275958e-12,0.23918858,0.27529258,0.30338305,0.3861313
56.3722,-119.1503,55.413,-104.015,D,2016,06,24,2016-06-24,326.5,84,22.1,293.3,0,-0.24953702,1.8205459,288.2961,287.59772,289.08658,284.54657,276.8423,1.0,4.469164e-05,0.20678827,0.19797155,0.16636859,0.20152013
56.3746,-119.166,55.413,-104.015,D,2016,06,24,2016-06-24,380.9,100,154.7,298.3,1,-0.24953702,1.8205459,288.2961,287.59772,289.08658,284.54657,276.8423,1.0,4.469164e-05,0.20678827,0.19797155,0.16636859,0.20152013
60.9735,-110.2494,55.413,-104.015,D,2016,06,24,2016-06-24,374.1,100,0.0,296.9,1,-0.24953702,1.8205459,288.2961,287.59772,289.08658,284.54657,276.8423,1.0,4.469164e-05,0.20678827,0.19797155,0.16636859,0.20152013
60.8971,-107.3759,55.413,-104.015,D,2016,06,24,2016-06-24,318.0,56,14.0,296.0,0,-0.24953702,1.8205459,288.2961,287.59772,289.08658,284.54657,276.8423,1.0,4.469164e-05,0.20678827,0.19797155,0.16636859,0.20152013
63.2063,-134.1266,59.18,-111.667,D,2016,06,25,2016-06-25,322.5,28,26.4,296.1,0,-2.4004598,-0.57137436,287.2583,286.73566,288.2552,283.87973,274.978,6.0,-1.8189894e-12,0.383402,0.34472293,0.30425525,0.32706338
63.0702,-134.5468,59.18,-111.667,D,2016,06,25,2016-06-25,323.3,67,27.4,293.6,0,-2.4004598,-0.57137436,287.2583,286.73566,288.2552,283.87973,274.978,6.0,-1.8189894e-12,0.383402,0.34472293,0.30425525,0.32706338
63.0669,-134.5553,59.18,-111.667,D,2016,06,25,2016-06-25,321.4,24,22.3,294.5,0,-2.4004598,-0.57137436,287.2583,286.73566,288.2552,283.87973,274.978,6.0,-1.8189894e-12,0.383402,0.34472293,0.30425525,0.32706338
63.0644,-134.527,59.18,-111.667,D,2016,06,25,2016-06-25,324.3,37,27.5,295.5,0,-2.4004598,-0.57137436,287.2583,286.73566,288.2552,283.87973,274.978,6.0,-1.8189894e-12,0.383402,0.34472293,0.30425525,0.32706338
63.0342,-117.1119,59.18,-111.667,D,2016,06,25,2016-06-25,309.6,0,6.2,296.3,0,-2.4004598,-0.57137436,287.2583,286.73566,288.2552,283.87973,274.978,6.0,-1.8189894e-12,0.383402,0.34472293,0.30425525,0.32706338
63.0618,-134.5259,59.18,-111.667,D,2016,06,25,2016-06-25,308.5,57,29.3,291.1,0,-2.4004598,-0.57137436,287.2583,286.73566,288.2552,283.87973,274.978,6.0,-1.8189894e-12,0.383402,0.34472293,0.30425525,0.32706338
63.0471,-134.5716,59.18,-111.667,D,2016,06,25,2016-06-25,311.0,60,36.5,293.0,0,-2.4004598,-0.57137436,287.2583,286.73566,288.2552,283.87973,274.978,6.0,-1.8189894e-12,0.383402,0.34472293,0.30425525,0.32706338
63.0648,-134.5353,59.18,-111.667,D,2016,06,25,2016-06-25,344.6,94,59.5,290.1,1,-2.4004598,-0.57137436,287.2583,286.73566,288.2552,283.87973,274.978,6.0,-1.8189894e-12,0.383402,0.34472293,0.30425525,0.32706338
63.0624,-134.558,59.18,-111.667,D,2016,06,25,2016-06-25,334.9,55,38.1,295.8,0,-2.4004598,-0.57137436,287.2583,286.73566,288.2552,283.87973,274.978,6.0,-1.8189894e-12,0.383402,0.34472293,0.30425525,0.32706338
63.205,-134.13,58.418,-109.383,D,2016,06,26,2016-06-26,330.0,72,30.6,277.2,0,-0.78714335,2.4750175,286.57822,285.98703,287.8653,285.89514,278.81824,1.0,0.0,0.21213382,0.20619942,0.1882043,0.2311088
60.2008,-116.9072,58.418,-109.383,D,2016,06,26,2016-06-26,343.4,93,69.4,301.8,1,-0.78714335,2.4750175,286.57822,285.98703,287.8653,285.89514,278.81824,1.0,0.0,0.21213382,0.20619942,0.1882043,0.2311088
62.8461,-120.8303,58.418,-109.383,D,2016,06,26,2016-06-26,307.0,0,4.7,291.3,0,-0.78714335,2.4750175,286.57822,285.98703,287.8653,285.89514,278.81824,1.0,0.0,0.21213382,0.20619942,0.1882043,0.2311088
60.2128,-116.9004,58.545,-112.202,N,2016,06,27,2016-06-27,300.6,31,12.9,271.0,0,2.8760824,-1.6657131,297.73724,297.82364,295.1963,292.33972,288.31076,0.0,0.0003140461,0.17295441,0.1641965,0.152735,0.171317
63.1999,-134.1263,58.545,-112.202,N,2016,06,27,2016-06-27,325.2,100,25.3,287.4,1,2.8760824,-1.6657131,297.73724,297.82364,295.1963,292.33972,288.31076,0.0,0.0003140461,0.17295441,0.1641965,0.152735,0.171317
63.2225,-134.0372,58.545,-112.202,N,2016,06,27,2016-06-27,314.9,90,14.9,285.7,1,2.8760824,-1.6657131,297.73724,297.82364,295.1963,292.33972,288.31076,0.0,0.0003140461,0.17295441,0.1641965,0.152735,0.171317
63.2311,-134.0435,58.545,-112.202,N,2016,06,27,2016-06-27,302.6,50,7.0,284.8,0,2.8760824,-1.6657131,297.73724,297.82364,295.1963,292.33972,288.31076,0.0,0.0003140461,0.17295441,0.1641965,0.152735,0.171317
63.2283,-134.0627,58.545,-112.202,N,2016,06,27,2016-06-27,327.5,100,28.3,285.9,1,2.8760824,-1.6657131,297.73724,297.82364,295.1963,292.33972,288.31076,0.0,0.0003140461,0.17295441,0.1641965,0.152735,0.171317
63.2255,-134.0817,58.545,-112.202,N,2016,06,27,2016-06-27,303.4,43,7.3,284.2,0,2.8760824,-1.6657131,297.73724,297.82364,295.1963,292.33972,288.31076,0.0,0.0003140461,0.17295441,0.1641965,0.152735,0.171317
67.2513,-139.4952,56.819,-114.204,D,2016,06,27,2016-06-27,343.5,93,52.9,281.3,1,2.1445637,0.21161859,285.67108,285.49725,287.10922,282.8828,273.5464,3.0,0.0,0.37115866,0.34945232,0.32094008,0.31797528
68.072,-138.3557,56.819,-114.204,D,2016,06,27,2016-06-27,301.6,48,6.3,284.3,0,2.1445637,0.21161859,285.67108,285.49725,287.10922,282.8828,273.5464,3.0,0.0,0.37115866,0.34945232,0.32094008,0.31797528
68.0686,-138.3783,56.819,-114.204,D,2016,06,27,2016-06-27,304.6,59,8.1,284.4,0,2.1445637,0.21161859,285.67108,285.49725,287.10922,282.8828,273.5464,3.0,0.0,0.37115866,0.34945232,0.32094008,0.31797528
63.228,-134.0477,58.545,-112.202,N,2016,06,27,2016-06-27,310.8,81,17.3,280.2,0,2.8760824,-1.6657131,297.73724,297.82364,295.1963,292.33972,288.31076,0.0,0.0003140461,0.17295441,0.1641965,0.152735,0.171317
63.2234,-134.078,58.545,-112.202,N,2016,06,27,2016-06-27,305.4,64,12.8,278.9,0,2.8760824,-1.6657131,297.73724,297.82364,295.1963,292.33972,288.31076,0.0,0.0003140461,0.17295441,0.1641965,0.152735,0.171317
63.2248,-134.034,56.819,-114.204,D,2016,06,27,2016-06-27,319.9,41,33.1,294.3,0,2.1445637,0.21161859,285.67108,285.49725,287.10922,282.8828,273.5464,3.0,0.0,0.37115866,0.34945232,0.32094008,0.31797528
63.227,-134.0655,56.819,-114.204,D,2016,06,27,2016-06-27,344.6,82,110.8,293.3,0,2.1445637,0.21161859,285.67108,285.49725,287.10922,282.8828,273.5464,3.0,0.0,0.37115866,0.34945232,0.32094008,0.31797528
63.2244,-134.0953,56.819,-114.204,D,2016,06,27,2016-06-27,320.2,24,31.7,286.9,0,2.1445637,0.21161859,285.67108,285.49725,287.10922,282.8828,273.5464,3.0,0.0,0.37115866,0.34945232,0.32094008,0.31797528
57.5625,-117.2159,56.819,-114.204,D,2016,06,27,2016-06-27,303.8,41,5.9,292.3,0,2.1445637,0.21161859,285.67108,285.49725,287.10922,282.8828,273.5464,3.0,0.0,0.37115866,0.34945232,0.32094008,0.31797528
59.145,-127.624,56.819,-114.204,D,2016,06,27,2016-06-27,309.8,55,6.4,295.5,0,2.1445637,0.21161859,285.67108,285.49725,287.10922,282.8828,273.5464,3.0,0.0,0.37115866,0.34945232,0.32094008,0.31797528
59.1427,-127.6064,56.819,-114.204,D,2016,06,27,2016-06-27,326.3,84,21.9,297.1,0,2.1445637,0.21161859,285.67108,285.49725,287.10922,282.8828,273.5464,3.0,0.0,0.37115866,0.34945232,0.32094008,0.31797528
63.2081,-134.1395,56.819,-114.204,D,2016,06,27,2016-06-27,335.8,71,77.4,295.6,0,2.1445637,0.21161859,285.67108,285.49725,287.10922,282.8828,273.5464,3.0,0.0,0.37115866,0.34945232,0.32094008,0.31797528
57.3721,-124.6023,56.819,-114.204,D,2016,06,27,2016-06-27,302.4,13,3.6,291.8,0,2.1445637,0.21161859,285.67108,285.49725,287.10922,282.8828,273.5464,3.0,0.0,0.37115866,0.34945232,0.32094008,0.31797528
63.9433,-123.8451,56.819,-114.204,D,2016,06,27,2016-06-27,333.8,88,162.9,297.7,0,2.1445637,0.21161859,285.67108,285.49725,287.10922,282.8828,273.5464,3.0,0.0,0.37115866,0.34945232,0.32094008,0.31797528
63.9385,-123.8465,56.819,-114.204,D,2016,06,27,2016-06-27,321.4,61,75.7,298.7,0,2.1445637,0.21161859,285.67108,285.49725,287.10922,282.8828,273.5464,3.0,0.0,0.37115866,0.34945232,0.32094008,0.31797528
63.9505,-123.8237,56.819,-114.204,D,2016,06,27,2016-06-27,327.3,73,115.1,295.0,0,2.1445637,0.21161859,285.67108,285.49725,287.10922,282.8828,273.5464,3.0,0.0,0.37115866,0.34945232,0.32094008,0.31797528
63.9344,-123.8603,56.819,-114.204,D,2016,06,27,2016-06-27,327.2,57,44.3,305.0,0,2.1445637,0.21161859,285.67108,285.49725,287.10922,282.8828,273.5464,3.0,0.0,0.37115866,0.34945232,0.32094008,0.31797528
63.947,-123.863,56.819,-114.204,D,2016,06,27,2016-06-27,335.1,80,76.2,302.4,0,2.1445637,0.21161859,285.67108,285.49725,287.10922,282.8828,273.5464,3.0,0.0,0.37115866,0.34945232,0.32094008,0.31797528
63.1997,-134.1261,56.819,-114.204,D,2016,06,27,2016-06-27,347.9,0,59.4,299.8,0,2.1445637,0.21161859,285.67108,285.49725,287.10922,282.8828,273.5464,3.0,0.0,0.37115866,0.34945232,0.32094008,0.31797528
63.1971,-134.147,56.819,-114.204,D,2016,06,27,2016-06-27,325.6,61,21.0,294.3,0,2.1445637,0.21161859,285.67108,285.49725,287.10922,282.8828,273.5464,3.0,0.0,0.37115866,0.34945232,0.32094008,0.31797528
63.2226,-134.0965,56.819,-114.204,D,2016,06,27,2016-06-27,334.4,67,33.9,291.2,0,2.1445637,0.21161859,285.67108,285.49725,287.10922,282.8828,273.5464,3.0,0.0,0.37115866,0.34945232,0.32094008,0.31797528
56.1477,-119.4662,55.119,-111.172,N,2016,06,28,2016-06-28,302.3,48,8.8,285.5,0,2.1433568,-1.2731621,297.69965,295.8319,289.1104,283.5022,276.23398,6.0,5.4114653e-06,0.5672711,0.5817952,0.5652305,0.53371054
56.1446,-119.4835,55.119,-111.172,N,2016,06,28,2016-06-28,304.6,61,10.2,285.0,0,2.1433568,-1.2731621,297.69965,295.8319,289.1104,283.5022,276.23398,6.0,5.4114653e-06,0.5672711,0.5817952,0.5652305,0.53371054
56.1322,-119.3563,55.119,-111.172,N,2016,06,28,2016-06-28,313.4,87,17.0,284.9,0,2.1433568,-1.2731621,297.69965,295.8319,289.1104,283.5022,276.23398,6.0,5.4114653e-06,0.5672711,0.5817952,0.5652305,0.53371054
56.1292,-119.3734,55.119,-111.172,N,2016,06,28,2016-06-28,334.9,100,44.6,285.5,1,2.1433568,-1.2731621,297.69965,295.8319,289.1104,283.5022,276.23398,6.0,5.4114653e-06,0.5672711,0.5817952,0.5652305,0.53371054
56.141,-119.4757,55.119,-111.172,N,2016,06,28,2016-06-28,324.3,100,28.3,285.8,1,2.1433568,-1.2731621,297.69965,295.8319,289.1104,283.5022,276.23398,6.0,5.4114653e-06,0.5672711,0.5817952,0.5652305,0.53371054
60.2067,-116.9136,55.119,-111.172,N,2016,06,28,2016-06-28,302.1,47,5.7,286.6,0,2.1433568,-1.2731621,297.69965,295.8319,289.1104,283.5022,276.23398,6.0,5.4114653e-06,0.5672711,0.5817952,0.5652305,0.53371054
56.7258,-130.653,55.119,-111.172,N,2016,06,28,2016-06-28,301.8,34,25.8,288.1,0,2.1433568,-1.2731621,297.69965,295.8319,289.1104,283.5022,276.23398,6.0,5.4114653e-06,0.5672711,0.5817952,0.5652305,0.53371054
57.8947,-116.8818,55.119,-111.172,N,2016,06,28,2016-06-28,304.3,59,7.9,285.6,0,2.1433568,-1.2731621,297.69965,295.8319,289.1104,283.5022,276.23398,6.0,5.4114653e-06,0.5672711,0.5817952,0.5652305,0.53371054
56.7163,-130.6482,55.119,-111.172,N,2016,06,28,2016-06-28,303.9,53,32.3,288.9,0,2.1433568,-1.2731621,297.69965,295.8319,289.1104,283.5022,276.23398,6.0,5.4114653e-06,0.5672711,0.5817952,0.5652305,0.53371054
56.1292,-119.3711,55.119,-111.172,N,2016,06,28,2016-06-28,308.2,74,52.2,284.2,0,2.1433568,-1.2731621,297.69965,295.8319,289.1104,283.5022,276.23398,6.0,5.4114653e-06,0.5672711,0.5817952,0.5652305,0.53371054
56.1322,-119.3667,55.119,-111.172,N,2016,06,28,2016-06-28,312.9,86,68.0,284.1,0,2.1433568,-1.2731621,297.69965,295.8319,289.1104,283.5022,276.23398,6.0,5.4114653e-06,0.5672711,0.5817952,0.5652305,0.53371054
63.2014,-134.1206,55.119,-111.172,N,2016,06,28,2016-06-28,308.2,74,22.9,275.2,0,2.1433568,-1.2731621,297.69965,295.8319,289.1104,283.5022,276.23398,6.0,5.4114653e-06,0.5672711,0.5817952,0.5652305,0.53371054
56.1347,-119.3716,55.119,-111.172,N,2016,06,28,2016-06-28,315.9,92,47.5,283.7,1,2.1433568,-1.2731621,297.69965,295.8319,289.1104,283.5022,276.23398,6.0,5.4114653e-06,0.5672711,0.5817952,0.5652305,0.53371054
63.8723,-123.823,59.92,-119.792,D,2016,06,28,2016-06-28,339.8,73,52.5,305.6,0,0.14562899,0.14413819,285.4094,285.21094,289.56882,283.66873,275.66455,6.0,0.0,0.5789282,0.59635526,0.61196333,0.6120695
63.8571,-123.8083,59.92,-119.792,D,2016,06,28,2016-06-28,326.9,78,28.6,301.9,0,0.14562899,0.14413819,285.4094,285.21094,289.56882,283.66873,275.66455,6.0,0.0,0.5789282,0.59635526,0.61196333,0.6120695
63.8665,-123.7974,59.92,-119.792,D,2016,06,28,2016-06-28,358.6,75,118.5,305.0,0,0.14562899,0.14413819,285.4094,285.21094,289.56882,283.66873,275.66455,6.0,0.0,0.5789282,0.59635526,0.61196333,0.6120695
63.9444,-123.797,59.92,-119.792,D,2016,06,28,2016-06-28,352.0,96,90.3,303.4,1,0.14562899,0.14413819,285.4094,285.21094,289.56882,283.66873,275.66455,6.0,0.0,0.5789282,0.59635526,0.61196333,0.6120695
63.024,-134.8173,59.92,-119.792,D,2016,06,28,2016-06-28,333.1,74,28.0,291.0,0,0.14562899,0.14413819,285.4094,285.21094,289.56882,283.66873,275.66455,6.0,0.0,0.5789282,0.59635526,0.61196333,0.6120695
63.0207,-134.8613,59.92,-119.792,D,2016,06,28,2016-06-28,338.6,91,37.9,294.8,1,0.14562899,0.14413819,285.4094,285.21094,289.56882,283.66873,275.66455,6.0,0.0,0.5789282,0.59635526,0.61196333,0.6120695
63.0267,-134.8363,59.92,-119.792,D,2016,06,28,2016-06-28,343.9,88,46.0,290.5,0,0.14562899,0.14413819,285.4094,285.21094,289.56882,283.66873,275.66455,6.0,0.0,0.5789282,0.59635526,0.61196333,0.6120695
63.0066,-134.8292,59.92,-119.792,D,2016,06,28,2016-06-28,314.7,38,8.3,287.5,0,0.14562899,0.14413819,285.4094,285.21094,289.56882,283.66873,275.66455,6.0,0.0,0.5789282,0.59635526,0.61196333,0.6120695
63.012,-134.8675,59.92,-119.792,D,2016,06,28,2016-06-28,334.5,89,32.3,297.2,0,0.14562899,0.14413819,285.4094,285.21094,289.56882,283.66873,275.66455,6.0,0.0,0.5789282,0.59635526,0.61196333,0.6120695
63.018,-134.8422,59.92,-119.792,D,2016,06,28,2016-06-28,375.2,100,131.3,299.8,1,0.14562899,0.14413819,285.4094,285.21094,289.56882,283.66873,275.66455,6.0,0.0,0.5789282,0.59635526,0.61196333,0.6120695
63.8633,-123.8166,59.92,-119.792,D,2016,06,28,2016-06-28,347.2,86,46.0,308.7,0,0.14562899,0.14413819,285.4094,285.21094,289.56882,283.66873,275.66455,6.0,0.0,0.5789282,0.59635526,0.61196333,0.6120695
63.9644,-124.0306,59.92,-119.792,D,2016,06,28,2016-06-28,347.5,89,45.7,306.3,0,0.14562899,0.14413819,285.4094,285.21094,289.56882,283.66873,275.66455,6.0,0.0,0.5789282,0.59635526,0.61196333,0.6120695
63.9406,-123.8112,59.92,-119.792,D,2016,06,28,2016-06-28,351.9,96,53.6,307.5,1,0.14562899,0.14413819,285.4094,285.21094,289.56882,283.66873,275.66455,6.0,0.0,0.5789282,0.59635526,0.61196333,0.6120695
63.0126,-134.8472,59.92,-119.792,D,2016,06,28,2016-06-28,340.7,87,96.1,282.2,0,0.14562899,0.14413819,285.4094,285.21094,289.56882,283.66873,275.66455,6.0,0.0,0.5789282,0.59635526,0.61196333,0.6120695
63.0052,-134.877,59.92,-119.792,D,2016,06,28,2016-06-28,316.5,43,30.6,287.4,0,0.14562899,0.14413819,285.4094,285.21094,289.56882,283.66873,275.66455,6.0,0.0,0.5789282,0.59635526,0.61196333,0.6120695
63.0316,-134.8401,59.92,-119.792,D,2016,06,28,2016-06-28,336.4,78,244.9,288.1,0,0.14562899,0.14413819,285.4094,285.21094,289.56882,283.66873,275.66455,6.0,0.0,0.5789282,0.59635526,0.61196333,0.6120695
63.0045,-134.8808,59.92,-119.792,D,2016,06,28,2016-06-28,303.3,30,34.0,287.3,0,0.14562899,0.14413819,285.4094,285.21094,289.56882,283.66873,275.66455,6.0,0.0,0.5789282,0.59635526,0.61196333,0.6120695
63.0179,-134.8601,59.92,-119.792,D,2016,06,28,2016-06-28,394.8,75,1517.9,293.0,0,0.14562899,0.14413819,285.4094,285.21094,289.56882,283.66873,275.66455,6.0,0.0,0.5789282,0.59635526,0.61196333,0.6120695
63.0241,-134.8474,59.92,-119.792,D,2016,06,28,2016-06-28,385.8,75,1205.9,291.8,0,0.14562899,0.14413819,285.4094,285.21094,289.56882,283.66873,275.66455,6.0,0.0,0.5789282,0.59635526,0.61196333,0.6120695
63.0366,-134.8241,59.92,-119.792,D,2016,06,28,2016-06-28,315.6,64,89.2,286.3,0,0.14562899,0.14413819,285.4094,285.21094,289.56882,283.66873,275.66455,6.0,0.0,0.5789282,0.59635526,0.61196333,0.6120695
63.01,-134.8663,59.92,-119.792,D,2016,06,28,2016-06-28,362.9,75,631.8,290.3,0,0.14562899,0.14413819,285.4094,285.21094,289.56882,283.66873,275.66455,6.0,0.0,0.5789282,0.59635526,0.61196333,0.6120695
63.0084,-134.8818,59.92,-119.792,D,2016,06,28,2016-06-28,399.3,100,660.8,305.6,1,0.14562899,0.14413819,285.4094,285.21094,289.56882,283.66873,275.66455,6.0,0.0,0.5789282,0.59635526,0.61196333,0.6120695
63.0227,-134.8496,59.92,-119.792,D,2016,06,28,2016-06-28,420.9,94,1080.8,303.7,1,0.14562899,0.14413819,285.4094,285.21094,289.56882,283.66873,275.66455,6.0,0.0,0.5789282,0.59635526,0.61196333,0.6120695
63.0206,-134.8884,59.92,-119.792,D,2016,06,28,2016-06-28,391.5,100,546.1,300.6,1,0.14562899,0.14413819,285.4094,285.21094,289.56882,283.66873,275.66455,6.0,0.0,0.5789282,0.59635526,0.61196333,0.6120695
63.025,-134.8067,59.92,-119.792,D,2016,06,28,2016-06-28,336.2,73,76.3,295.2,0,0.14562899,0.14413819,285.4094,285.21094,289.56882,283.66873,275.66455,6.0,0.0,0.5789282,0.59635526,0.61196333,0.6120695
63.0348,-134.8574,59.92,-119.792,D,2016,06,28,2016-06-28,341.5,85,112.3,287.1,0,0.14562899,0.14413819,285.4094,285.21094,289.56882,283.66873,275.66455,6.0,0.0,0.5789282,0.59635526,0.61196333,0.6120695
63.0358,-134.8622,59.92,-119.792,D,2016,06,28,2016-06-28,325.0,66,54.1,287.0,0,0.14562899,0.14413819,285.4094,285.21094,289.56882,283.66873,275.66455,6.0,0.0,0.5789282,0.59635526,0.61196333,0.6120695
63.2137,-134.1256,59.92,-119.792,D,2016,06,28,2016-06-28,330.4,66,83.0,291.1,0,0.14562899,0.14413819,285.4094,285.21094,289.56882,283.66873,275.66455,6.0,0.0,0.5789282,0.59635526,0.61196333,0.6120695
63.2286,-134.0839,59.92,-119.792,D,2016,06,28,2016-06-28,310.6,27,27.4,286.2,0,0.14562899,0.14413819,285.4094,285.21094,289.56882,283.66873,275.66455,6.0,0.0,0.5789282,0.59635526,0.61196333,0.6120695
63.0105,-134.8425,59.92,-119.792,D,2016,06,28,2016-06-28,420.3,100,1064.6,307.5,1,0.14562899,0.14413819,285.4094,285.21094,289.56882,283.66873,275.66455,6.0,0.0,0.5789282,0.59635526,0.61196333,0.6120695
67.1914,-139.4069,59.92,-119.792,D,2016,06,28,2016-06-28,303.3,42,7.3,291.8,0,0.14562899,0.14413819,285.4094,285.21094,289.56882,283.66873,275.66455,6.0,0.0,0.5789282,0.59635526,0.61196333,0.6120695
63.8657,-123.8171,60.858,-115.644,D,2016,06,29,2016-06-29,301.5,48,13.6,289.7,0,-1.7942579,1.3510561,289.5377,287.67105,289.35083,287.11377,281.18835,1.0,0.0,0.14466271,0.1448952,0.13998058,0.16881932
63.9901,-124.0781,60.858,-115.644,D,2016,06,29,2016-06-29,320.9,70,59.0,290.1,0,-1.7942579,1.3510561,289.5377,287.67105,289.35083,287.11377,281.18835,1.0,0.0,0.14466271,0.1448952,0.13998058,0.16881932
63.8545,-123.8007,60.858,-115.644,D,2016,06,29,2016-06-29,301.7,43,13.3,290.2,0,-1.7942579,1.3510561,289.5377,287.67105,289.35083,287.11377,281.18835,1.0,0.0,0.14466271,0.1448952,0.13998058,0.16881932
60.528,-127.1982,60.348,-121.546,N,2016,06,29,2016-06-29,324.2,100,25.7,284.6,1,-1.9368398,2.1186643,298.29984,297.0068,290.8377,284.68246,276.1542,5.0,1.5583504e-05,0.4508384,0.5005725,0.52807033,0.5570793
63.0381,-134.8289,60.348,-121.546,N,2016,06,29,2016-06-29,349.5,100,70.5,290.9,1,-1.9368398,2.1186643,298.29984,297.0068,290.8377,284.68246,276.1542,5.0,1.5583504e-05,0.4508384,0.5005725,0.52807033,0.5570793
63.0346,-134.8482,60.348,-121.546,N,2016,06,29,2016-06-29,322.4,96,23.1,289.5,1,-1.9368398,2.1186643,298.29984,297.0068,290.8377,284.68246,276.1542,5.0,1.5583504e-05,0.4508384,0.5005725,0.52807033,0.5570793
63.0311,-134.8679,60.348,-121.546,N,2016,06,29,2016-06-29,310.7,59,12.3,287.6,0,-1.9368398,2.1186643,298.29984,297.0068,290.8377,284.68246,276.1542,5.0,1.5583504e-05,0.4508384,0.5005725,0.52807033,0.5570793
63.1975,-134.1323,60.348,-121.546,N,2016,06,29,2016-06-29,312.4,57,14.5,286.6,0,-1.9368398,2.1186643,298.29984,297.0068,290.8377,284.68246,276.1542,5.0,1.5583504e-05,0.4508384,0.5005725,0.52807033,0.5570793
63.2281,-134.0689,60.348,-121.546,N,2016,06,29,2016-06-29,308.0,73,11.4,284.9,0,-1.9368398,2.1186643,298.29984,297.0068,290.8377,284.68246,276.1542,5.0,1.5583504e-05,0.4508384,0.5005725,0.52807033,0.5570793
63.2248,-134.0884,60.348,-121.546,N,2016,06,29,2016-06-29,305.2,49,8.8,283.8,0,-1.9368398,2.1186643,298.29984,297.0068,290.8377,284.68246,276.1542,5.0,1.5583504e-05,0.4508384,0.5005725,0.52807033,0.5570793
63.0185,-134.882,60.348,-121.546,N,2016,06,29,2016-06-29,337.5,100,44.6,294.0,1,-1.9368398,2.1186643,298.29984,297.0068,290.8377,284.68246,276.1542,5.0,1.5583504e-05,0.4508384,0.5005725,0.52807033,0.5570793
62.9526,-134.8203,60.348,-121.546,N,2016,06,29,2016-06-29,319.8,91,19.8,291.7,1,-1.9368398,2.1186643,298.29984,297.0068,290.8377,284.68246,276.1542,5.0,1.5583504e-05,0.4508384,0.5005725,0.52807033,0.5570793
62.9491,-134.84,60.348,-121.546,N,2016,06,29,2016-06-29,320.8,100,21.2,290.4,1,-1.9368398,2.1186643,298.29984,297.0068,290.8377,284.68246,276.1542,5.0,1.5583504e-05,0.4508384,0.5005725,0.52807033,0.5570793
62.9575,-134.8292,60.348,-121.546,N,2016,06,29,2016-06-29,309.8,78,13.1,288.8,0,-1.9368398,2.1186643,298.29984,297.0068,290.8377,284.68246,276.1542,5.0,1.5583504e-05,0.4508384,0.5005725,0.52807033,0.5570793
63.017,-134.8345,60.348,-121.546,N,2016,06,29,2016-06-29,320.1,44,19.4,293.4,0,-1.9368398,2.1186643,298.29984,297.0068,290.8377,284.68246,276.1542,5.0,1.5583504e-05,0.4508384,0.5005725,0.52807033,0.5570793
63.0292,-134.8221,60.348,-121.546,N,2016,06,29,2016-06-29,325.2,100,26.8,294.3,1,-1.9368398,2.1186643,298.29984,297.0068,290.8377,284.68246,276.1542,5.0,1.5583504e-05,0.4508384,0.5005725,0.52807033,0.5570793
63.0258,-134.8415,60.348,-121.546,N,2016,06,29,2016-06-29,338.3,100,45.0,297.4,1,-1.9368398,2.1186643,298.29984,297.0068,290.8377,284.68246,276.1542,5.0,1.5583504e-05,0.4508384,0.5005725,0.52807033,0.5570793
63.0222,-134.8615,60.348,-121.546,N,2016,06,29,2016-06-29,339.3,100,47.1,298.3,1,-1.9368398,2.1186643,298.29984,297.0068,290.8377,284.68246,276.1542,5.0,1.5583504e-05,0.4508384,0.5005725,0.52807033,0.5570793
63.0415,-134.8098,60.348,-121.546,N,2016,06,29,2016-06-29,305.2,63,9.3,287.3,0,-1.9368398,2.1186643,298.29984,297.0068,290.8377,284.68246,276.1542,5.0,1.5583504e-05,0.4508384,0.5005725,0.52807033,0.5570793
63.9667,-124.0561,60.858,-115.644,D,2016,06,29,2016-06-29,321.9,51,13.8,299.9,0,-1.7942579,1.3510561,289.5377,287.67105,289.35083,287.11377,281.18835,1.0,0.0,0.14466271,0.1448952,0.13998058,0.16881932
63.9351,-123.9839,60.858,-115.644,D,2016,06,29,2016-06-29,319.9,27,11.5,306.6,0,-1.7942579,1.3510561,289.5377,287.67105,289.35083,287.11377,281.18835,1.0,0.0,0.14466271,0.1448952,0.13998058,0.16881932
63.9284,-124.012,60.858,-115.644,D,2016,06,29,2016-06-29,330.8,84,26.6,302.0,0,-1.7942579,1.3510561,289.5377,287.67105,289.35083,287.11377,281.18835,1.0,0.0,0.14466271,0.1448952,0.13998058,0.16881932
63.9062,-123.9043,60.858,-115.644,D,2016,06,29,2016-06-29,333.9,61,24.5,306.7,0,-1.7942579,1.3510561,289.5377,287.67105,289.35083,287.11377,281.18835,1.0,0.0,0.14466271,0.1448952,0.13998058,0.16881932
63.902,-123.9548,60.858,-115.644,D,2016,06,29,2016-06-29,323.0,50,14.2,303.5,0,-1.7942579,1.3510561,289.5377,287.67105,289.35083,287.11377,281.18835,1.0,0.0,0.14466271,0.1448952,0.13998058,0.16881932
63.8994,-123.9322,60.858,-115.644,D,2016,06,29,2016-06-29,338.3,87,36.9,305.7,0,-1.7942579,1.3510561,289.5377,287.67105,289.35083,287.11377,281.18835,1.0,0.0,0.14466271,0.1448952,0.13998058,0.16881932
63.8969,-123.9097,60.858,-115.644,D,2016,06,29,2016-06-29,334.8,62,28.3,305.9,0,-1.7942579,1.3510561,289.5377,287.67105,289.35083,287.11377,281.18835,1.0,0.0,0.14466271,0.1448952,0.13998058,0.16881932
63.8587,-123.8359,60.858,-115.644,D,2016,06,29,2016-06-29,340.9,91,42.8,303.2,1,-1.7942579,1.3510561,289.5377,287.67105,289.35083,287.11377,281.18835,1.0,0.0,0.14466271,0.1448952,0.13998058,0.16881932
63.8562,-123.814,60.858,-115.644,D,2016,06,29,2016-06-29,322.8,36,13.0,303.4,0,-1.7942579,1.3510561,289.5377,287.67105,289.35083,287.11377,281.18835,1.0,0.0,0.14466271,0.1448952,0.13998058,0.16881932
63.8537,-123.7918,60.858,-115.644,D,2016,06,29,2016-06-29,337.0,77,34.9,302.6,0,-1.7942579,1.3510561,289.5377,287.67105,289.35083,287.11377,281.18835,1.0,0.0,0.14466271,0.1448952,0.13998058,0.16881932
63.372,-122.5727,60.858,-115.644,D,2016,06,29,2016-06-29,397.5,87,249.2,308.1,0,-1.7942579,1.3510561,289.5377,287.67105,289.35083,287.11377,281.18835,1.0,0.0,0.14466271,0.1448952,0.13998058,0.16881932
63.3694,-122.5522,60.858,-115.644,D,2016,06,29,2016-06-29,346.6,94,49.6,305.8,1,-1.7942579,1.3510561,289.5377,287.67105,289.35083,287.11377,281.18835,1.0,0.0,0.14466271,0.1448952,0.13998058,0.16881932
63.363,-122.5782,60.858,-115.644,D,2016,06,29,2016-06-29,327.4,55,17.2,301.5,0,-1.7942579,1.3510561,289.5377,287.67105,289.35083,287.11377,281.18835,1.0,0.0,0.14466271,0.1448952,0.13998058,0.16881932
63.3604,-122.5578,60.858,-115.644,D,2016,06,29,2016-06-29,336.7,81,29.0,306.1,0,-1.7942579,1.3510561,289.5377,287.67105,289.35083,287.11377,281.18835,1.0,0.0,0.14466271,0.1448952,0.13998058,0.16881932
63.3477,-122.6099,60.858,-115.644,D,2016,06,29,2016-06-29,332.3,80,26.0,300.5,0,-1.7942579,1.3510561,289.5377,287.67105,289.35083,287.11377,281.18835,1.0,0.0,0.14466271,0.1448952,0.13998058,0.16881932
63.3336,-122.5746,60.858,-115.644,D,2016,06,29,2016-06-29,359.9,99,80.4,304.2,1,-1.7942579,1.3510561,289.5377,287.67105,289.35083,287.11377,281.18835,1.0,0.0,0.14466271,0.1448952,0.13998058,0.16881932
63.3233,-122.4933,60.858,-115.644,D,2016,06,29,2016-06-29,339.9,67,33.8,304.5,0,-1.7942579,1.3510561,289.5377,287.67105,289.35083,287.11377,281.18835,1.0,0.0,0.14466271,0.1448952,0.13998058,0.16881932
63.3207,-122.4729,60.858,-115.644,D,2016,06,29,2016-06-29,366.9,75,104.4,304.1,0,-1.7942579,1.3510561,289.5377,287.67105,289.35083,287.11377,281.18835,1.0,0.0,0.14466271,0.1448952,0.13998058,0.16881932
63.3051,-122.5556,60.858,-115.644,D,2016,06,29,2016-06-29,316.9,66,9.5,304.2,0,-1.7942579,1.3510561,289.5377,287.67105,289.35083,287.11377,281.18835,1.0,0.0,0.14466271,0.1448952,0.13998058,0.16881932
62.2978,-117.643,60.858,-115.644,D,2016,06,29,2016-06-29,314.7,0,7.1,299.9,0,-1.7942579,1.3510561,289.5377,287.67105,289.35083,287.11377,281.18835,1.0,0.0,0.14466271,0.1448952,0.13998058,0.16881932
62.2851,-117.6159,60.858,-115.644,D,2016,06,29,2016-06-29,310.8,41,4.7,299.1,0,-1.7942579,1.3510561,289.5377,287.67105,289.35083,287.11377,281.18835,1.0,0.0,0.14466271,0.1448952,0.13998058,0.16881932
63.8541,-123.8447,60.858,-115.644,D,2016,06,29,2016-06-29,347.5,95,125.0,301.0,1,-1.7942579,1.3510561,289.5377,287.67105,289.35083,287.11377,281.18835,1.0,0.0,0.14466271,0.1448952,0.13998058,0.16881932
63.8553,-123.8065,60.858,-115.644,D,2016,06,29,2016-06-29,318.4,22,21.9,302.1,0,-1.7942579,1.3510561,289.5377,287.67105,289.35083,287.11377,281.18835,1.0,0.0,0.14466271,0.1448952,0.13998058,0.16881932
63.8572,-123.8524,60.858,-115.644,D,2016,06,29,2016-06-29,343.2,93,104.4,300.3,1,-1.7942579,1.3510561,289.5377,287.67105,289.35083,287.11377,281.18835,1.0,0.0,0.14466271,0.1448952,0.13998058,0.16881932
63.8985,-123.9119,60.858,-115.644,D,2016,06,29,2016-06-29,340.0,85,84.1,304.6,0,-1.7942579,1.3510561,289.5377,287.67105,289.35083,287.11377,281.18835,1.0,0.0,0.14466271,0.1448952,0.13998058,0.16881932
62.2834,-117.6413,60.858,-115.644,D,2016,06,29,2016-06-29,325.8,61,31.6,300.4,0,-1.7942579,1.3510561,289.5377,287.67105,289.35083,287.11377,281.18835,1.0,0.0,0.14466271,0.1448952,0.13998058,0.16881932
63.3114,-122.4967,60.858,-115.644,D,2016,06,29,2016-06-29,329.0,72,49.9,299.8,0,-1.7942579,1.3510561,289.5377,287.67105,289.35083,287.11377,281.18835,1.0,0.0,0.14466271,0.1448952,0.13998058,0.16881932
63.3367,-122.6129,60.858,-115.644,D,2016,06,29,2016-06-29,336.2,51,66.1,298.4,0,-1.7942579,1.3510561,289.5377,287.67105,289.35083,287.11377,281.18835,1.0,0.0,0.14466271,0.1448952,0.13998058,0.16881932
63.3685,-122.5703,60.858,-115.644,D,2016,06,29,2016-06-29,375.6,100,314.1,302.8,1,-1.7942579,1.3510561,289.5377,287.67105,289.35083,287.11377,281.18835,1.0,0.0,0.14466271,0.1448952,0.13998058,0.16881932
63.3601,-122.6024,60.858,-115.644,D,2016,06,29,2016-06-29,322.3,38,30.5,297.4,0,-1.7942579,1.3510561,289.5377,287.67105,289.35083,287.11377,281.18835,1.0,0.0,0.14466271,0.1448952,0.13998058,0.16881932
63.8522,-123.7983,60.858,-115.644,D,2016,06,29,2016-06-29,323.8,56,37.5,301.0,0,-1.7942579,1.3510561,289.5377,287.67105,289.35083,287.11377,281.18835,1.0,0.0,0.14466271,0.1448952,0.13998058,0.16881932
66.4617,-127.5575,60.858,-115.644,D,2016,06,29,2016-06-29,323.0,79,33.0,297.8,0,-1.7942579,1.3510561,289.5377,287.67105,289.35083,287.11377,281.18835,1.0,0.0,0.14466271,0.1448952,0.13998058,0.16881932
63.9472,-123.7728,60.858,-115.644,D,2016,06,29,2016-06-29,370.9,100,503.3,300.3,1,-1.7942579,1.3510561,289.5377,287.67105,289.35083,287.11377,281.18835,1.0,0.0,0.14466271,0.1448952,0.13998058,0.16881932
64.041,-124.1149,60.858,-115.644,D,2016,06,29,2016-06-29,319.5,31,48.1,295.8,0,-1.7942579,1.3510561,289.5377,287.67105,289.35083,287.11377,281.18835,1.0,0.0,0.14466271,0.1448952,0.13998058,0.16881932
63.882,-123.7404,60.858,-115.644,D,2016,06,29,2016-06-29,321.4,51,57.6,297.7,0,-1.7942579,1.3510561,289.5377,287.67105,289.35083,287.11377,281.18835,1.0,0.0,0.14466271,0.1448952,0.13998058,0.16881932
63.8813,-123.7497,60.858,-115.644,D,2016,06,29,2016-06-29,324.3,36,69.1,297.4,0,-1.7942579,1.3510561,289.5377,287.67105,289.35083,287.11377,281.18835,1.0,0.0,0.14466271,0.1448952,0.13998058,0.16881932
63.3432,-122.6013,60.858,-115.644,D,2016,06,29,2016-06-29,330.5,65,133.8,296.3,0,-1.7942579,1.3510561,289.5377,287.67105,289.35083,287.11377,281.18835,1.0,0.0,0.14466271,0.1448952,0.13998058,0.16881932
63.9182,-123.9731,60.858,-115.644,D,2016,06,29,2016-06-29,376.9,100,589.5,302.2,1,-1.7942579,1.3510561,289.5377,287.67105,289.35083,287.11377,281.18835,1.0,0.0,0.14466271,0.1448952,0.13998058,0.16881932
63.312,-122.5679,60.858,-115.644,D,2016,06,29,2016-06-29,327.8,79,113.9,297.3,0,-1.7942579,1.3510561,289.5377,287.67105,289.35083,287.11377,281.18835,1.0,0.0,0.14466271,0.1448952,0.13998058,0.16881932
66.4675,-127.5884,60.858,-115.644,D,2016,06,29,2016-06-29,310.3,62,11.5,297.2,0,-1.7942579,1.3510561,289.5377,287.67105,289.35083,287.11377,281.18835,1.0,0.0,0.14466271,0.1448952,0.13998058,0.16881932
63.3245,-122.5477,60.858,-115.644,D,2016,06,29,2016-06-29,323.9,61,92.4,299.4,0,-1.7942579,1.3510561,289.5377,287.67105,289.35083,287.11377,281.18835,1.0,0.0,0.14466271,0.1448952,0.13998058,0.16881932
63.8623,-123.8572,60.858,-115.644,D,2016,06,29,2016-06-29,324.7,60,68.8,298.7,0,-1.7942579,1.3510561,289.5377,287.67105,289.35083,287.11377,281.18835,1.0,0.0,0.14466271,0.1448952,0.13998058,0.16881932
63.9035,-123.928,60.858,-115.644,D,2016,06,29,2016-06-29,416.2,94,1583.2,306.7,1,-1.7942579,1.3510561,289.5377,287.67105,289.35083,287.11377,281.18835,1.0,0.0,0.14466271,0.1448952,0.13998058,0.16881932
66.4591,-127.5566,60.858,-115.644,D,2016,06,29,2016-06-29,320.9,77,30.5,297.5,0,-1.7942579,1.3510561,289.5377,287.67105,289.35083,287.11377,281.18835,1.0,0.0,0.14466271,0.1448952,0.13998058,0.16881932
63.9624,-123.8191,60.858,-115.644,D,2016,06,29,2016-06-29,361.0,100,367.2,299.1,1,-1.7942579,1.3510561,289.5377,287.67105,289.35083,287.11377,281.18835,1.0,0.0,0.14466271,0.1448952,0.13998058,0.16881932
63.365,-122.5604,60.858,-115.644,D,2016,06,29,2016-06-29,323.3,75,89.6,297.1,0,-1.7942579,1.3510561,289.5377,287.67105,289.35083,287.11377,281.18835,1.0,0.0,0.14466271,0.1448952,0.13998058,0.16881932
63.3678,-122.5599,60.858,-115.644,D,2016,06,29,2016-06-29,325.1,77,99.1,297.0,0,-1.7942579,1.3510561,289.5377,287.67105,289.35083,287.11377,281.18835,1.0,0.0,0.14466271,0.1448952,0.13998058,0.16881932
64.0425,-124.11,60.858,-115.644,D,2016,06,29,2016-06-29,316.7,70,19.7,297.3,0,-1.7942579,1.3510561,289.5377,287.67105,289.35083,287.11377,281.18835,1.0,0.0,0.14466271,0.1448952,0.13998058,0.16881932
61.4814,-125.0732,60.858,-115.644,D,2016,06,29,2016-06-29,326.6,81,30.2,297.7,0,-1.7942579,1.3510561,289.5377,287.67105,289.35083,287.11377,281.18835,1.0,0.0,0.14466271,0.1448952,0.13998058,0.16881932
63.3096,-122.5517,60.858,-115.644,D,2016,06,29,2016-06-29,331.7,75,48.5,305.5,0,-1.7942579,1.3510561,289.5377,287.67105,289.35083,287.11377,281.18835,1.0,0.0,0.14466271,0.1448952,0.13998058,0.16881932
63.3073,-122.587,60.858,-115.644,D,2016,06,29,2016-06-29,334.8,87,60.7,301.6,0,-1.7942579,1.3510561,289.5377,287.67105,289.35083,287.11377,281.18835,1.0,0.0,0.14466271,0.1448952,0.13998058,0.16881932
63.3328,-122.5609,60.858,-115.644,D,2016,06,29,2016-06-29,337.0,84,61.0,303.5,0,-1.7942579,1.3510561,289.5377,287.67105,289.35083,287.11377,281.18835,1.0,0.0,0.14466271,0.1448952,0.13998058,0.16881932
63.3305,-122.5962,60.858,-115.644,D,2016,06,29,2016-06-29,384.2,94,366.8,306.0,1,-1.7942579,1.3510561,289.5377,287.67105,289.35083,287.11377,281.18835,1.0,0.0,0.14466271,0.1448952,0.13998058,0.16881932
63.3401,-122.5713,60.858,-115.644,D,2016,06,29,2016-06-29,336.7,86,58.3,302.3,0,-1.7942579,1.3510561,289.5377,287.67105,289.35083,287.11377,281.18835,1.0,0.0,0.14466271,0.1448952,0.13998058,0.16881932
63.338,-122.6064,60.858,-115.644,D,2016,06,29,2016-06-29,350.4,72,118.4,302.6,0,-1.7942579,1.3510561,289.5377,287.67105,289.35083,287.11377,281.18835,1.0,0.0,0.14466271,0.1448952,0.13998058,0.16881932
63.3751,-122.583,60.858,-115.644,D,2016,06,29,2016-06-29,344.2,81,98.9,298.1,0,-1.7942579,1.3510561,289.5377,287.67105,289.35083,287.11377,281.18835,1.0,0.0,0.14466271,0.1448952,0.13998058,0.16881932
63.8474,-123.8202,60.858,-115.644,D,2016,06,29,2016-06-29,315.4,52,11.1,302.1,0,-1.7942579,1.3510561,289.5377,287.67105,289.35083,287.11377,281.18835,1.0,0.0,0.14466271,0.1448952,0.13998058,0.16881932
63.8586,-123.8248,60.858,-115.644,D,2016,06,29,2016-06-29,343.9,80,82.2,306.0,0,-1.7942579,1.3510561,289.5377,287.67105,289.35083,287.11377,281.18835,1.0,0.0,0.14466271,0.1448952,0.13998058,0.16881932
63.8561,-123.859,60.858,-115.644,D,2016,06,29,2016-06-29,355.7,98,133.0,304.6,1,-1.7942579,1.3510561,289.5377,287.67105,289.35083,287.11377,281.18835,1.0,0.0,0.14466271,0.1448952,0.13998058,0.16881932
63.8698,-123.8287,60.858,-115.644,D,2016,06,29,2016-06-29,360.9,94,156.1,308.0,1,-1.7942579,1.3510561,289.5377,287.67105,289.35083,287.11377,281.18835,1.0,0.0,0.14466271,0.1448952,0.13998058,0.16881932
63.8674,-123.8625,60.858,-115.644,D,2016,06,29,2016-06-29,344.7,93,80.0,304.0,1,-1.7942579,1.3510561,289.5377,287.67105,289.35083,287.11377,281.18835,1.0,0.0,0.14466271,0.1448952,0.13998058,0.16881932
63.8858,-123.7657,60.858,-115.644,D,2016,06,29,2016-06-29,339.4,78,66.2,302.6,0,-1.7942579,1.3510561,289.5377,287.67105,289.35083,287.11377,281.18835,1.0,0.0,0.14466271,0.1448952,0.13998058,0.16881932
63.8987,-123.9065,60.858,-115.644,D,2016,06,29,2016-06-29,346.8,94,84.2,310.0,1,-1.7942579,1.3510561,289.5377,287.67105,289.35083,287.11377,281.18835,1.0,0.0,0.14466271,0.1448952,0.13998058,0.16881932
63.8963,-123.9391,60.858,-115.644,D,2016,06,29,2016-06-29,357.5,99,135.8,310.2,1,-1.7942579,1.3510561,289.5377,287.67105,289.35083,287.11377,281.18835,1.0,0.0,0.14466271,0.1448952,0.13998058,0.16881932
63.8964,-123.9106,60.858,-115.644,D,2016,06,29,2016-06-29,354.0,97,114.7,308.8,1,-1.7942579,1.3510561,289.5377,287.67105,289.35083,287.11377,281.18835,1.0,0.0,0.14466271,0.1448952,0.13998058,0.16881932
63.8941,-123.9433,60.858,-115.644,D,2016,06,29,2016-06-29,355.9,98,125.4,307.1,1,-1.7942579,1.3510561,289.5377,287.67105,289.35083,287.11377,281.18835,1.0,0.0,0.14466271,0.1448952,0.13998058,0.16881932
63.9076,-123.9147,60.858,-115.644,D,2016,06,29,2016-06-29,441.8,100,1205.4,318.7,1,-1.7942579,1.3510561,289.5377,287.67105,289.35083,287.11377,281.18835,1.0,0.0,0.14466271,0.1448952,0.13998058,0.16881932
63.9053,-123.9473,60.858,-115.644,D,2016,06,29,2016-06-29,480.8,100,2390.5,334.6,1,-1.7942579,1.3510561,289.5377,287.67105,289.35083,287.11377,281.18835,1.0,0.0,0.14466271,0.1448952,0.13998058,0.16881932
63.903,-123.9797,60.858,-115.644,D,2016,06,29,2016-06-29,389.6,100,371.0,310.9,1,-1.7942579,1.3510561,289.5377,287.67105,289.35083,287.11377,281.18835,1.0,0.0,0.14466271,0.1448952,0.13998058,0.16881932
63.9188,-123.9186,60.858,-115.644,D,2016,06,29,2016-06-29,350.4,90,95.8,300.3,1,-1.7942579,1.3510561,289.5377,287.67105,289.35083,287.11377,281.18835,1.0,0.0,0.14466271,0.1448952,0.13998058,0.16881932
63.9165,-123.9512,60.858,-115.644,D,2016,06,29,2016-06-29,372.1,100,219.4,303.2,1,-1.7942579,1.3510561,289.5377,287.67105,289.35083,287.11377,281.18835,1.0,0.0,0.14466271,0.1448952,0.13998058,0.16881932
63.923,-124.0203,60.858,-115.644,D,2016,06,29,2016-06-29,362.0,100,165.0,305.1,1,-1.7942579,1.3510561,289.5377,287.67105,289.35083,287.11377,281.18835,1.0,0.0,0.14466271,0.1448952,0.13998058,0.16881932
63.9207,-124.0525,60.858,-115.644,D,2016,06,29,2016-06-29,328.3,62,34.5,300.3,0,-1.7942579,1.3510561,289.5377,287.67105,289.35083,287.11377,281.18835,1.0,0.0,0.14466271,0.1448952,0.13998058,0.16881932
63.9676,-124.0375,60.858,-115.644,D,2016,06,29,2016-06-29,321.5,55,19.7,304.4,0,-1.7942579,1.3510561,289.5377,287.67105,289.35083,287.11377,281.18835,1.0,0.0,0.14466271,0.1448952,0.13998058,0.16881932
63.9652,-124.0697,60.858,-115.644,D,2016,06,29,2016-06-29,334.2,87,51.3,302.9,0,-1.7942579,1.3510561,289.5377,287.67105,289.35083,287.11377,281.18835,1.0,0.0,0.14466271,0.1448952,0.13998058,0.16881932
63.9671,-124.0455,60.858,-115.644,D,2016,06,29,2016-06-29,328.2,67,32.1,304.4,0,-1.7942579,1.3510561,289.5377,287.67105,289.35083,287.11377,281.18835,1.0,0.0,0.14466271,0.1448952,0.13998058,0.16881932
63.9649,-124.0769,60.858,-115.644,D,2016,06,29,2016-06-29,328.4,70,34.1,302.2,0,-1.7942579,1.3510561,289.5377,287.67105,289.35083,287.11377,281.18835,1.0,0.0,0.14466271,0.1448952,0.13998058,0.16881932
63.9871,-124.086,60.858,-115.644,D,2016,06,29,2016-06-29,325.6,51,28.0,302.5,0,-1.7942579,1.3510561,289.5377,287.67105,289.35083,287.11377,281.18835,1.0,0.0,0.14466271,0.1448952,0.13998058,0.16881932
63.9982,-124.091,60.858,-115.644,D,2016,06,29,2016-06-29,331.8,73,43.9,302.5,0,-1.7942579,1.3510561,289.5377,287.67105,289.35083,287.11377,281.18835,1.0,0.0,0.14466271,0.1448952,0.13998058,0.16881932
64.0092,-124.0959,60.858,-115.644,D,2016,06,29,2016-06-29,319.6,36,19.2,299.1,0,-1.7942579,1.3510561,289.5377,287.67105,289.35083,287.11377,281.18835,1.0,0.0,0.14466271,0.1448952,0.13998058,0.16881932
66.4615,-127.5728,60.858,-115.644,D,2016,06,29,2016-06-29,326.4,81,31.2,299.5,0,-1.7942579,1.3510561,289.5377,287.67105,289.35083,287.11377,281.18835,1.0,0.0,0.14466271,0.1448952,0.13998058,0.16881932
59.5764,-119.1551,59.068,-111.514,N,2016,06,30,2016-06-30,324.4,100,28.7,286.2,1,-0.7964468,1.3741813,302.38434,297.8554,291.99622,285.78653,275.26434,2.0,0.0,0.2487216,0.23989242,0.20443745,0.24986625
63.924,-124.0434,59.068,-111.514,N,2016,06,30,2016-06-30,307.9,59,14.2,285.3,0,-0.7964468,1.3741813,302.38434,297.8554,291.99622,285.78653,275.26434,2.0,0.0,0.2487216,0.23989242,0.20443745,0.24986625
63.9474,-124.0461,59.068,-111.514,N,2016,06,30,2016-06-30,303.5,29,10.0,278.0,0,-0.7964468,1.3741813,302.38434,297.8554,291.99622,285.78653,275.26434,2.0,0.0,0.2487216,0.23989242,0.20443745,0.24986625
63.9563,-124.0553,59.068,-111.514,N,2016,06,30,2016-06-30,311.0,67,16.2,277.1,0,-0.7964468,1.3741813,302.38434,297.8554,291.99622,285.78653,275.26434,2.0,0.0,0.2487216,0.23989242,0.20443745,0.24986625
66.4602,-127.5631,58.953,-110.125,D,2016,06,30,2016-06-30,304.7,59,6.8,292.0,0,0.34091723,3.7326577,291.7138,292.09406,292.4878,291.06372,287.92456,1.0,0.0,0.054668058,0.06324357,0.06597394,0.0850681
66.469,-127.5745,58.953,-110.125,D,2016,06,30,2016-06-30,307.1,61,9.0,291.9,0,0.34091723,3.7326577,291.7138,292.09406,292.4878,291.06372,287.92456,1.0,0.0,0.054668058,0.06324357,0.06597394,0.0850681
64.0143,-124.0572,59.068,-111.514,N,2016,06,30,2016-06-30,309.2,38,51.3,284.0,0,-0.7964468,1.3741813,302.38434,297.8554,291.99622,285.78653,275.26434,2.0,0.0,0.2487216,0.23989242,0.20443745,0.24986625
64.0131,-124.1157,59.068,-111.514,N,2016,06,30,2016-06-30,309.5,54,50.0,285.9,0,-0.7964468,1.3741813,302.38434,297.8554,291.99622,285.78653,275.26434,2.0,0.0,0.2487216,0.23989242,0.20443745,0.24986625
64.0132,-124.0622,59.068,-111.514,N,2016,06,30,2016-06-30,308.1,35,43.5,283.8,0,-0.7964468,1.3741813,302.38434,297.8554,291.99622,285.78653,275.26434,2.0,0.0,0.2487216,0.23989242,0.20443745,0.24986625
64.0568,-124.128,59.068,-111.514,N,2016,06,30,2016-06-30,312.9,54,62.6,285.7,0,-0.7964468,1.3741813,302.38434,297.8554,291.99622,285.78653,275.26434,2.0,0.0,0.2487216,0.23989242,0.20443745,0.24986625
67.2584,-139.7474,59.068,-111.514,N,2016,06,30,2016-06-30,306.2,67,11.0,286.2,0,-0.7964468,1.3741813,302.38434,297.8554,291.99622,285.78653,275.26434,2.0,0.0,0.2487216,0.23989242,0.20443745,0.24986625
67.2556,-139.7729,59.068,-111.514,N,2016,06,30,2016-06-30,301.1,38,7.4,284.9,0,-0.7964468,1.3741813,302.38434,297.8554,291.99622,285.78653,275.26434,2.0,0.0,0.2487216,0.23989242,0.20443745,0.24986625
63.8588,-123.8378,59.068,-111.514,N,2016,06,30,2016-06-30,313.3,87,14.5,286.3,0,-0.7964468,1.3741813,302.38434,297.8554,291.99622,285.78653,275.26434,2.0,0.0,0.2487216,0.23989242,0.20443745,0.24986625
63.996,-124.0873,59.068,-111.514,N,2016,06,30,2016-06-30,304.7,15,7.1,287.2,0,-0.7964468,1.3741813,302.38434,297.8554,291.99622,285.78653,275.26434,2.0,0.0,0.2487216,0.23989242,0.20443745,0.24986625
63.9932,-124.0669,59.068,-111.514,N,2016,06,30,2016-06-30,319.2,98,18.8,290.9,1,-0.7964468,1.3741813,302.38434,297.8554,291.99622,285.78653,275.26434,2.0,0.0,0.2487216,0.23989242,0.20443745,0.24986625
63.9845,-124.0733,59.068,-111.514,N,2016,06,30,2016-06-30,313.0,78,13.2,287.7,0,-0.7964468,1.3741813,302.38434,297.8554,291.99622,285.78653,275.26434,2.0,0.0,0.2487216,0.23989242,0.20443745,0.24986625
63.8615,-123.8576,59.068,-111.514,N,2016,06,30,2016-06-30,307.2,71,10.1,282.5,0,-0.7964468,1.3741813,302.38434,297.8554,291.99622,285.78653,275.26434,2.0,0.0,0.2487216,0.23989242,0.20443745,0.24986625
59.8629,-118.1488,58.953,-110.125,D,2016,06,30,2016-06-30,322.3,74,35.1,298.2,0,0.34091723,3.7326577,291.7138,292.09406,292.4878,291.06372,287.92456,1.0,0.0,0.054668058,0.06324357,0.06597394,0.0850681
62.3075,-117.6735,58.953,-110.125,D,2016,06,30,2016-06-30,309.8,0,9.7,297.8,0,0.34091723,3.7326577,291.7138,292.09406,292.4878,291.06372,287.92456,1.0,0.0,0.054668058,0.06324357,0.06597394,0.0850681
59.037,-111.8463,58.953,-110.125,D,2016,06,30,2016-06-30,329.2,83,22.4,301.6,0,0.34091723,3.7326577,291.7138,292.09406,292.4878,291.06372,287.92456,1.0,0.0,0.054668058,0.06324357,0.06597394,0.0850681
59.0278,-111.8504,58.953,-110.125,D,2016,06,30,2016-06-30,348.7,95,58.9,305.4,1,0.34091723,3.7326577,291.7138,292.09406,292.4878,291.06372,287.92456,1.0,0.0,0.054668058,0.06324357,0.06597394,0.0850681
59.0256,-111.832,58.953,-110.125,D,2016,06,30,2016-06-30,321.6,75,13.0,303.9,0,0.34091723,3.7326577,291.7138,292.09406,292.4878,291.06372,287.92456,1.0,0.0,0.054668058,0.06324357,0.06597394,0.0850681
60.9792,-110.3177,58.953,-110.125,D,2016,06,30,2016-06-30,364.8,94,0.0,299.9,1,0.34091723,3.7326577,291.7138,292.09406,292.4878,291.06372,287.92456,1.0,0.0,0.054668058,0.06324357,0.06597394,0.0850681
59.0338,-111.8204,58.953,-110.125,D,2016,06,30,2016-06-30,308.7,52,27.8,296.7,0,0.34091723,3.7326577,291.7138,292.09406,292.4878,291.06372,287.92456,1.0,0.0,0.054668058,0.06324357,0.06597394,0.0850681
59.0163,-111.8738,58.953,-110.125,D,2016,06,30,2016-06-30,314.9,71,60.7,296.0,0,0.34091723,3.7326577,291.7138,292.09406,292.4878,291.06372,287.92456,1.0,0.0,0.054668058,0.06324357,0.06597394,0.0850681
59.0091,-111.8738,58.953,-110.125,D,2016,06,30,2016-06-30,309.4,47,33.8,296.2,0,0.34091723,3.7326577,291.7138,292.09406,292.4878,291.06372,287.92456,1.0,0.0,0.054668058,0.06324357,0.06597394,0.0850681
62.2852,-117.7017,58.953,-110.125,D,2016,06,30,2016-06-30,317.8,64,84.5,294.5,0,0.34091723,3.7326577,291.7138,292.09406,292.4878,291.06372,287.92456,1.0,0.0,0.054668058,0.06324357,0.06597394,0.0850681
59.8701,-118.1458,58.953,-110.125,D,2016,06,30,2016-06-30,333.0,83,104.4,293.3,0,0.34091723,3.7326577,291.7138,292.09406,292.4878,291.06372,287.92456,1.0,0.0,0.054668058,0.06324357,0.06597394,0.0850681
59.6468,-119.7467,58.953,-110.125,D,2016,06,30,2016-06-30,315.4,52,30.2,294.2,0,0.34091723,3.7326577,291.7138,292.09406,292.4878,291.06372,287.92456,1.0,0.0,0.054668058,0.06324357,0.06597394,0.0850681
59.0365,-111.8482,58.953,-110.125,D,2016,06,30,2016-06-30,315.9,69,80.0,294.1,0,0.34091723,3.7326577,291.7138,292.09406,292.4878,291.06372,287.92456,1.0,0.0,0.054668058,0.06324357,0.06597394,0.0850681
62.2949,-117.6867,58.953,-110.125,D,2016,06,30,2016-06-30,334.4,76,77.4,298.5,0,0.34091723,3.7326577,291.7138,292.09406,292.4878,291.06372,287.92456,1.0,0.0,0.054668058,0.06324357,0.06597394,0.0850681
62.2969,-117.6408,58.953,-110.125,D,2016,06,30,2016-06-30,329.2,0,59.0,299.8,0,0.34091723,3.7326577,291.7138,292.09406,292.4878,291.06372,287.92456,1.0,0.0,0.054668058,0.06324357,0.06597394,0.0850681
62.3056,-117.6736,58.953,-110.125,D,2016,06,30,2016-06-30,357.7,0,198.8,297.1,0,0.34091723,3.7326577,291.7138,292.09406,292.4878,291.06372,287.92456,1.0,0.0,0.054668058,0.06324357,0.06597394,0.0850681
64.049,-124.1014,58.953,-110.125,D,2016,06,30,2016-06-30,319.3,54,18.7,284.7,0,0.34091723,3.7326577,291.7138,292.09406,292.4878,291.06372,287.92456,1.0,0.0,0.054668058,0.06324357,0.06597394,0.0850681
59.0351,-111.8581,58.953,-110.125,D,2016,06,30,2016-06-30,318.4,60,100.1,295.1,0,0.34091723,3.7326577,291.7138,292.09406,292.4878,291.06372,287.92456,1.0,0.0,0.054668058,0.06324357,0.06597394,0.0850681
59.8741,-118.1459,58.953,-110.125,D,2016,06,30,2016-06-30,327.1,84,75.0,291.6,0,0.34091723,3.7326577,291.7138,292.09406,292.4878,291.06372,287.92456,1.0,0.0,0.054668058,0.06324357,0.06597394,0.0850681
59.8625,-118.1592,58.953,-110.125,D,2016,06,30,2016-06-30,327.4,77,76.8,296.1,0,0.34091723,3.7326577,291.7138,292.09406,292.4878,291.06372,287.92456,1.0,0.0,0.054668058,0.06324357,0.06597394,0.0850681
59.0256,-111.8512,58.953,-110.125,D,2016,06,30,2016-06-30,361.3,100,107.7,308.8,1,0.34091723,3.7326577,291.7138,292.09406,292.4878,291.06372,287.92456,1.0,0.0,0.054668058,0.06324357,0.06597394,0.0850681
62.3039,-117.6775,58.953,-110.125,D,2016,06,30,2016-06-30,399.7,0,248.4,310.3,0,0.34091723,3.7326577,291.7138,292.09406,292.4878,291.06372,287.92456,1.0,0.0,0.054668058,0.06324357,0.06597394,0.0850681
59.8651,-118.1511,58.953,-110.125,D,2016,06,30,2016-06-30,322.9,51,17.1,298.5,0,0.34091723,3.7326577,291.7138,292.09406,292.4878,291.06372,287.92456,1.0,0.0,0.054668058,0.06324357,0.06597394,0.0850681
59.8625,-118.1683,58.953,-110.125,D,2016,06,30,2016-06-30,336.2,73,34.0,301.6,0,0.34091723,3.7326577,291.7138,292.09406,292.4878,291.06372,287.92456,1.0,0.0,0.054668058,0.06324357,0.06597394,0.0850681
59.6427,-119.7432,58.953,-110.125,D,2016,06,30,2016-06-30,319.6,56,12.5,298.2,0,0.34091723,3.7326577,291.7138,292.09406,292.4878,291.06372,287.92456,1.0,0.0,0.054668058,0.06324357,0.06597394,0.0850681
60.1938,-116.9131,58.953,-110.125,D,2016,06,30,2016-06-30,321.6,56,12.9,306.4,0,0.34091723,3.7326577,291.7138,292.09406,292.4878,291.06372,287.92456,1.0,0.0,0.054668058,0.06324357,0.06597394,0.0850681
61.2129,-110.5815,58.953,-110.125,D,2016,06,30,2016-06-30,320.5,0,22.0,299.4,0,0.34091723,3.7326577,291.7138,292.09406,292.4878,291.06372,287.92456,1.0,0.0,0.054668058,0.06324357,0.06597394,0.0850681
61.2058,-110.5837,58.953,-110.125,D,2016,06,30,2016-06-30,324.7,0,28.6,302.1,0,0.34091723,3.7326577,291.7138,292.09406,292.4878,291.06372,287.92456,1.0,0.0,0.054668058,0.06324357,0.06597394,0.0850681
62.2926,-117.6911,58.953,-110.125,D,2016,06,30,2016-06-30,322.4,70,12.9,303.7,0,0.34091723,3.7326577,291.7138,292.09406,292.4878,291.06372,287.92456,1.0,0.0,0.054668058,0.06324357,0.06597394,0.0850681
62.3014,-117.6966,58.953,-110.125,D,2016,06,30,2016-06-30,390.5,94,197.4,311.9,1,0.34091723,3.7326577,291.7138,292.09406,292.4878,291.06372,287.92456,1.0,0.0,0.054668058,0.06324357,0.06597394,0.0850681
64.0452,-124.1083,58.953,-110.125,D,2016,06,30,2016-06-30,306.8,36,7.5,277.9,0,0.34091723,3.7326577,291.7138,292.09406,292.4878,291.06372,287.92456,1.0,0.0,0.054668058,0.06324357,0.06597394,0.0850681
63.3052,-122.4764,58.953,-110.125,D,2016,06,30,2016-06-30,325.7,82,20.8,292.0,0,0.34091723,3.7326577,291.7138,292.09406,292.4878,291.06372,287.92456,1.0,0.0,0.054668058,0.06324357,0.06597394,0.0850681
64.0487,-124.1186,58.953,-110.125,D,2016,06,30,2016-06-30,312.1,43,52.1,288.8,0,0.34091723,3.7326577,291.7138,292.09406,292.4878,291.06372,287.92456,1.0,0.0,0.054668058,0.06324357,0.06597394,0.0850681
64.0396,-124.1288,58.953,-110.125,D,2016,06,30,2016-06-30,330.3,82,179.0,289.6,0,0.34091723,3.7326577,291.7138,292.09406,292.4878,291.06372,287.92456,1.0,0.0,0.054668058,0.06324357,0.06597394,0.0850681
63.9167,-124.0373,58.953,-110.125,D,2016,06,30,2016-06-30,326.1,55,124.9,291.5,0,0.34091723,3.7326577,291.7138,292.09406,292.4878,291.06372,287.92456,1.0,0.0,0.054668058,0.06324357,0.06597394,0.0850681
64.0322,-124.1181,58.953,-110.125,D,2016,06,30,2016-06-30,328.9,77,160.2,288.8,0,0.34091723,3.7326577,291.7138,292.09406,292.4878,291.06372,287.92456,1.0,0.0,0.054668058,0.06324357,0.06597394,0.0850681
63.8555,-123.8739,58.953,-110.125,D,2016,06,30,2016-06-30,326.6,75,144.5,290.1,0,0.34091723,3.7326577,291.7138,292.09406,292.4878,291.06372,287.92456,1.0,0.0,0.054668058,0.06324357,0.06597394,0.0850681
63.8622,-123.8838,58.953,-110.125,D,2016,06,30,2016-06-30,328.1,81,152.2,290.7,0,0.34091723,3.7326577,291.7138,292.09406,292.4878,291.06372,287.92456,1.0,0.0,0.054668058,0.06324357,0.06597394,0.0850681
63.9121,-123.9578,58.953,-110.125,D,2016,06,30,2016-06-30,322.0,62,93.5,290.8,0,0.34091723,3.7326577,291.7138,292.09406,292.4878,291.06372,287.92456,1.0,0.0,0.054668058,0.06324357,0.06597394,0.0850681
63.9122,-124.0352,58.953,-110.125,D,2016,06,30,2016-06-30,326.8,0,132.8,291.7,0,0.34091723,3.7326577,291.7138,292.09406,292.4878,291.06372,287.92456,1.0,0.0,0.054668058,0.06324357,0.06597394,0.0850681
63.9163,-123.9598,58.953,-110.125,D,2016,06,30,2016-06-30,321.9,47,91.6,291.2,0,0.34091723,3.7326577,291.7138,292.09406,292.4878,291.06372,287.92456,1.0,0.0,0.054668058,0.06324357,0.06597394,0.0850681
64.056,-124.1297,58.953,-110.125,D,2016,06,30,2016-06-30,310.2,70,47.5,287.9,0,0.34091723,3.7326577,291.7138,292.09406,292.4878,291.06372,287.92456,1.0,0.0,0.054668058,0.06324357,0.06597394,0.0850681
60.8648,-108.7676,57.85,-107.563,N,2016,07,01,2016-07-01,310.0,18,14.2,288.1,0,-1.9777124,2.5445642,299.9972,295.62802,290.56445,285.40433,277.77625,1.0,0.0,0.15353757,0.18587683,0.1539431,0.201678
59.0308,-111.8385,57.85,-107.563,N,2016,07,01,2016-07-01,306.3,68,19.8,287.9,0,-1.9777124,2.5445642,299.9972,295.62802,290.56445,285.40433,277.77625,1.0,0.0,0.15353757,0.18587683,0.1539431,0.201678
59.0234,-111.8685,57.85,-107.563,N,2016,07,01,2016-07-01,310.9,81,27.2,288.8,0,-1.9777124,2.5445642,299.9972,295.62802,290.56445,285.40433,277.77625,1.0,0.0,0.15353757,0.18587683,0.1539431,0.201678
59.0344,-111.8788,57.85,-107.563,N,2016,07,01,2016-07-01,300.1,8,9.8,287.6,0,-1.9777124,2.5445642,299.9972,295.62802,290.56445,285.40433,277.77625,1.0,0.0,0.15353757,0.18587683,0.1539431,0.201678
59.7139,-109.4663,57.85,-107.563,N,2016,07,01,2016-07-01,311.2,39,17.7,291.1,0,-1.9777124,2.5445642,299.9972,295.62802,290.56445,285.40433,277.77625,1.0,0.0,0.15353757,0.18587683,0.1539431,0.201678
61.0805,-107.7096,57.85,-107.563,N,2016,07,01,2016-07-01,308.5,75,13.3,288.5,0,-1.9777124,2.5445642,299.9972,295.62802,290.56445,285.40433,277.77625,1.0,0.0,0.15353757,0.18587683,0.1539431,0.201678
61.1013,-107.875,57.85,-107.563,N,2016,07,01,2016-07-01,300.4,26,7.3,286.9,0,-1.9777124,2.5445642,299.9972,295.62802,290.56445,285.40433,277.77625,1.0,0.0,0.15353757,0.18587683,0.1539431,0.201678
61.2576,-110.4882,57.85,-107.563,N,2016,07,01,2016-07-01,322.2,92,0.0,290.5,1,-1.9777124,2.5445642,299.9972,295.62802,290.56445,285.40433,277.77625,1.0,0.0,0.15353757,0.18587683,0.1539431,0.201678
62.303,-117.6868,58.846,-109.139,D,2016,07,01,2016-07-01,300.3,0,10.1,285.7,0,-1.5344001,3.1564798,290.16403,289.74277,291.35986,287.74585,281.33975,1.0,0.0,0.09295094,0.12070924,0.12389958,0.17194569
62.3038,-117.7384,58.846,-109.139,D,2016,07,01,2016-07-01,302.2,34,14.0,287.4,0,-1.5344001,3.1564798,290.16403,289.74277,291.35986,287.74585,281.33975,1.0,0.0,0.09295094,0.12070924,0.12389958,0.17194569
59.0283,-111.8452,57.85,-107.563,N,2016,07,01,2016-07-01,302.3,48,8.2,284.3,0,-1.9777124,2.5445642,299.9972,295.62802,290.56445,285.40433,277.77625,1.0,0.0,0.15353757,0.18587683,0.1539431,0.201678
59.7095,-109.4618,57.85,-107.563,N,2016,07,01,2016-07-01,306.6,63,8.8,287.8,0,-1.9777124,2.5445642,299.9972,295.62802,290.56445,285.40433,277.77625,1.0,0.0,0.15353757,0.18587683,0.1539431,0.201678
59.7306,-109.4958,58.846,-109.139,D,2016,07,01,2016-07-01,325.2,0,77.5,295.3,0,-1.5344001,3.1564798,290.16403,289.74277,291.35986,287.74585,281.33975,1.0,0.0,0.09295094,0.12070924,0.12389958,0.17194569
59.7148,-109.4467,58.846,-109.139,D,2016,07,01,2016-07-01,320.0,0,61.2,296.5,0,-1.5344001,3.1564798,290.16403,289.74277,291.35986,287.74585,281.33975,1.0,0.0,0.09295094,0.12070924,0.12389958,0.17194569
59.7289,-109.5036,58.846,-109.139,D,2016,07,01,2016-07-01,322.4,0,72.9,295.7,0,-1.5344001,3.1564798,290.16403,289.74277,291.35986,287.74585,281.33975,1.0,0.0,0.09295094,0.12070924,0.12389958,0.17194569
59.7144,-109.5044,58.846,-109.139,D,2016,07,01,2016-07-01,313.2,0,33.3,296.6,0,-1.5344001,3.1564798,290.16403,289.74277,291.35986,287.74585,281.33975,1.0,0.0,0.09295094,0.12070924,0.12389958,0.17194569
59.9445,-111.8147,58.846,-109.139,D,2016,07,01,2016-07-01,319.8,73,18.6,299.5,0,-1.5344001,3.1564798,290.16403,289.74277,291.35986,287.74585,281.33975,1.0,0.0,0.09295094,0.12070924,0.12389958,0.17194569
60.5582,-113.8855,58.846,-109.139,D,2016,07,01,2016-07-01,310.7,15,5.3,297.1,0,-1.5344001,3.1564798,290.16403,289.74277,291.35986,287.74585,281.33975,1.0,0.0,0.09295094,0.12070924,0.12389958,0.17194569
59.6893,-109.4682,58.846,-109.139,D,2016,07,01,2016-07-01,328.2,0,41.1,298.6,0,-1.5344001,3.1564798,290.16403,289.74277,291.35986,287.74585,281.33975,1.0,0.0,0.09295094,0.12070924,0.12389958,0.17194569
59.7096,-109.4495,58.846,-109.139,D,2016,07,01,2016-07-01,348.7,0,106.2,301.0,0,-1.5344001,3.1564798,290.16403,289.74277,291.35986,287.74585,281.33975,1.0,0.0,0.09295094,0.12070924,0.12389958,0.17194569
59.7156,-109.4752,58.846,-109.139,D,2016,07,01,2016-07-01,401.0,0,494.3,311.2,0,-1.5344001,3.1564798,290.16403,289.74277,291.35986,287.74585,281.33975,1.0,0.0,0.09295094,0.12070924,0.12389958,0.17194569
59.7215,-109.5008,58.846,-109.139,D,2016,07,01,2016-07-01,343.8,0,86.3,302.1,0,-1.5344001,3.1564798,290.16403,289.74277,291.35986,287.74585,281.33975,1.0,0.0,0.09295094,0.12070924,0.12389958,0.17194569
59.7256,-109.4657,58.846,-109.139,D,2016,07,01,2016-07-01,434.3,0,1021.5,313.9,0,-1.5344001,3.1564798,290.16403,289.74277,291.35986,287.74585,281.33975,1.0,0.0,0.09295094,0.12070924,0.12389958,0.17194569
59.7299,-109.4307,58.846,-109.139,D,2016,07,01,2016-07-01,335.1,0,60.6,303.1,0,-1.5344001,3.1564798,290.16403,289.74277,291.35986,287.74585,281.33975,1.0,0.0,0.09295094,0.12070924,0.12389958,0.17194569
63.1775,-136.0686,58.846,-109.139,D,2016,07,01,2016-07-01,301.6,24,19.6,286.5,0,-1.5344001,3.1564798,290.16403,289.74277,291.35986,287.74585,281.33975,1.0,0.0,0.09295094,0.12070924,0.12389958,0.17194569
62.28,-117.6232,58.846,-109.139,D,2016,07,01,2016-07-01,321.0,58,11.7,299.8,0,-1.5344001,3.1564798,290.16403,289.74277,291.35986,287.74585,281.33975,1.0,0.0,0.09295094,0.12070924,0.12389958,0.17194569
62.3022,-117.7104,58.846,-109.139,D,2016,07,01,2016-07-01,327.5,76,18.1,301.0,0,-1.5344001,3.1564798,290.16403,289.74277,291.35986,287.74585,281.33975,1.0,0.0,0.09295094,0.12070924,0.12389958,0.17194569
62.3055,-117.6674,58.846,-109.139,D,2016,07,01,2016-07-01,328.8,0,16.3,304.4,0,-1.5344001,3.1564798,290.16403,289.74277,291.35986,287.74585,281.33975,1.0,0.0,0.09295094,0.12070924,0.12389958,0.17194569
61.0094,-110.2759,58.846,-109.139,D,2016,07,01,2016-07-01,393.2,100,0.0,302.5,1,-1.5344001,3.1564798,290.16403,289.74277,291.35986,287.74585,281.33975,1.0,0.0,0.09295094,0.12070924,0.12389958,0.17194569
61.1971,-110.5889,58.846,-109.139,D,2016,07,01,2016-07-01,335.6,0,43.2,303.0,0,-1.5344001,3.1564798,290.16403,289.74277,291.35986,287.74585,281.33975,1.0,0.0,0.09295094,0.12070924,0.12389958,0.17194569
61.2066,-110.5804,58.846,-109.139,D,2016,07,01,2016-07-01,317.6,0,13.3,303.5,0,-1.5344001,3.1564798,290.16403,289.74277,291.35986,287.74585,281.33975,1.0,0.0,0.09295094,0.12070924,0.12389958,0.17194569
61.218,-110.5911,58.846,-109.139,D,2016,07,01,2016-07-01,391.5,0,293.2,306.4,0,-1.5344001,3.1564798,290.16403,289.74277,291.35986,287.74585,281.33975,1.0,0.0,0.09295094,0.12070924,0.12389958,0.17194569
61.2322,-110.605,58.846,-109.139,D,2016,07,01,2016-07-01,459.3,100,0.0,318.8,1,-1.5344001,3.1564798,290.16403,289.74277,291.35986,287.74585,281.33975,1.0,0.0,0.09295094,0.12070924,0.12389958,0.17194569
61.2697,-110.4635,58.846,-109.139,D,2016,07,01,2016-07-01,405.4,100,0.0,308.1,1,-1.5344001,3.1564798,290.16403,289.74277,291.35986,287.74585,281.33975,1.0,0.0,0.09295094,0.12070924,0.12389958,0.17194569
59.0229,-111.8439,58.846,-109.139,D,2016,07,01,2016-07-01,339.7,90,58.4,304.3,1,-1.5344001,3.1564798,290.16403,289.74277,291.35986,287.74585,281.33975,1.0,0.0,0.09295094,0.12070924,0.12389958,0.17194569
59.0278,-111.8137,58.846,-109.139,D,2016,07,01,2016-07-01,336.1,88,47.9,302.1,0,-1.5344001,3.1564798,290.16403,289.74277,291.35986,287.74585,281.33975,1.0,0.0,0.09295094,0.12070924,0.12389958,0.17194569
59.0326,-111.8361,58.846,-109.139,D,2016,07,01,2016-07-01,359.3,99,124.9,304.5,1,-1.5344001,3.1564798,290.16403,289.74277,291.35986,287.74585,281.33975,1.0,0.0,0.09295094,0.12070924,0.12389958,0.17194569
59.0273,-111.8164,58.846,-109.139,D,2016,07,01,2016-07-01,354.5,97,115.7,301.3,1,-1.5344001,3.1564798,290.16403,289.74277,291.35986,287.74585,281.33975,1.0,0.0,0.09295094,0.12070924,0.12389958,0.17194569
59.022,-111.8404,58.846,-109.139,D,2016,07,01,2016-07-01,387.3,100,321.6,308.2,1,-1.5344001,3.1564798,290.16403,289.74277,291.35986,287.74585,281.33975,1.0,0.0,0.09295094,0.12070924,0.12389958,0.17194569
59.0167,-111.8646,58.846,-109.139,D,2016,07,01,2016-07-01,321.1,44,22.5,301.8,0,-1.5344001,3.1564798,290.16403,289.74277,291.35986,287.74585,281.33975,1.0,0.0,0.09295094,0.12070924,0.12389958,0.17194569
59.032,-111.8489,58.846,-109.139,D,2016,07,01,2016-07-01,318.2,56,17.2,299.7,0,-1.5344001,3.1564798,290.16403,289.74277,291.35986,287.74585,281.33975,1.0,0.0,0.09295094,0.12070924,0.12389958,0.17194569
59.6924,-109.4437,58.846,-109.139,D,2016,07,01,2016-07-01,366.9,0,132.7,300.3,0,-1.5344001,3.1564798,290.16403,289.74277,291.35986,287.74585,281.33975,1.0,0.0,0.09295094,0.12070924,0.12389958,0.17194569
59.6884,-109.4639,58.846,-109.139,D,2016,07,01,2016-07-01,408.4,0,399.7,308.9,0,-1.5344001,3.1564798,290.16403,289.74277,291.35986,287.74585,281.33975,1.0,0.0,0.09295094,0.12070924,0.12389958,0.17194569
59.7108,-109.4581,58.846,-109.139,D,2016,07,01,2016-07-01,382.7,0,207.1,306.7,0,-1.5344001,3.1564798,290.16403,289.74277,291.35986,287.74585,281.33975,1.0,0.0,0.09295094,0.12070924,0.12389958,0.17194569
59.7069,-109.4783,58.846,-109.139,D,2016,07,01,2016-07-01,389.8,0,249.5,313.1,0,-1.5344001,3.1564798,290.16403,289.74277,291.35986,287.74585,281.33975,1.0,0.0,0.09295094,0.12070924,0.12389958,0.17194569
59.7029,-109.4986,58.846,-109.139,D,2016,07,01,2016-07-01,347.2,0,64.3,301.6,0,-1.5344001,3.1564798,290.16403,289.74277,291.35986,287.74585,281.33975,1.0,0.0,0.09295094,0.12070924,0.12389958,0.17194569
59.7278,-109.425,58.846,-109.139,D,2016,07,01,2016-07-01,368.2,0,137.9,305.1,0,-1.5344001,3.1564798,290.16403,289.74277,291.35986,287.74585,281.33975,1.0,0.0,0.09295094,0.12070924,0.12389958,0.17194569
59.72,-109.4653,58.846,-109.139,D,2016,07,01,2016-07-01,410.6,87,415.8,316.8,0,-1.5344001,3.1564798,290.16403,289.74277,291.35986,287.74585,281.33975,1.0,0.0,0.09295094,0.12070924,0.12389958,0.17194569
59.7292,-109.4726,58.846,-109.139,D,2016,07,01,2016-07-01,419.6,94,511.0,312.1,1,-1.5344001,3.1564798,290.16403,289.74277,291.35986,287.74585,281.33975,1.0,0.0,0.09295094,0.12070924,0.12389958,0.17194569
59.7253,-109.4927,58.846,-109.139,D,2016,07,01,2016-07-01,397.9,87,308.8,308.9,0,-1.5344001,3.1564798,290.16403,289.74277,291.35986,287.74585,281.33975,1.0,0.0,0.09295094,0.12070924,0.12389958,0.17194569
59.7292,-109.4775,58.846,-109.139,D,2016,07,01,2016-07-01,398.5,75,316.1,314.1,0,-1.5344001,3.1564798,290.16403,289.74277,291.35986,287.74585,281.33975,1.0,0.0,0.09295094,0.12070924,0.12389958,0.17194569
59.7253,-109.4976,58.846,-109.139,D,2016,07,01,2016-07-01,360.6,75,107.4,307.0,0,-1.5344001,3.1564798,290.16403,289.74277,291.35986,287.74585,281.33975,1.0,0.0,0.09295094,0.12070924,0.12389958,0.17194569
60.9997,-110.2744,58.846,-109.139,D,2016,07,01,2016-07-01,386.7,100,0.0,300.7,1,-1.5344001,3.1564798,290.16403,289.74277,291.35986,287.74585,281.33975,1.0,0.0,0.09295094,0.12070924,0.12389958,0.17194569
61.0088,-110.2821,58.846,-109.139,D,2016,07,01,2016-07-01,392.0,100,0.0,296.9,1,-1.5344001,3.1564798,290.16403,289.74277,291.35986,287.74585,281.33975,1.0,0.0,0.09295094,0.12070924,0.12389958,0.17194569
61.201,-110.5833,58.846,-109.139,D,2016,07,01,2016-07-01,337.9,0,41.2,304.8,0,-1.5344001,3.1564798,290.16403,289.74277,291.35986,287.74585,281.33975,1.0,0.0,0.09295094,0.12070924,0.12389958,0.17194569
61.1969,-110.6041,58.846,-109.139,D,2016,07,01,2016-07-01,342.7,0,53.2,303.3,0,-1.5344001,3.1564798,290.16403,289.74277,291.35986,287.74585,281.33975,1.0,0.0,0.09295094,0.12070924,0.12389958,0.17194569
61.2101,-110.591,58.846,-109.139,D,2016,07,01,2016-07-01,323.4,0,17.6,303.3,0,-1.5344001,3.1564798,290.16403,289.74277,291.35986,287.74585,281.33975,1.0,0.0,0.09295094,0.12070924,0.12389958,0.17194569
61.2192,-110.5988,58.846,-109.139,D,2016,07,01,2016-07-01,383.2,0,205.9,310.9,0,-1.5344001,3.1564798,290.16403,289.74277,291.35986,287.74585,281.33975,1.0,0.0,0.09295094,0.12070924,0.12389958,0.17194569
61.2151,-110.6196,58.846,-109.139,D,2016,07,01,2016-07-01,327.8,33,23.1,301.7,0,-1.5344001,3.1564798,290.16403,289.74277,291.35986,287.74585,281.33975,1.0,0.0,0.09295094,0.12070924,0.12389958,0.17194569
61.2566,-110.4613,58.846,-109.139,D,2016,07,01,2016-07-01,459.8,100,0.0,332.4,1,-1.5344001,3.1564798,290.16403,289.74277,291.35986,287.74585,281.33975,1.0,0.0,0.09295094,0.12070924,0.12389958,0.17194569
61.2283,-110.6066,58.846,-109.139,D,2016,07,01,2016-07-01,395.5,71,286.7,309.6,0,-1.5344001,3.1564798,290.16403,289.74277,291.35986,287.74585,281.33975,1.0,0.0,0.09295094,0.12070924,0.12389958,0.17194569
61.2243,-110.6274,58.846,-109.139,D,2016,07,01,2016-07-01,314.5,24,7.7,298.2,0,-1.5344001,3.1564798,290.16403,289.74277,291.35986,287.74585,281.33975,1.0,0.0,0.09295094,0.12070924,0.12389958,0.17194569
62.298,-117.667,58.846,-109.139,D,2016,07,01,2016-07-01,332.4,0,60.8,300.4,0,-1.5344001,3.1564798,290.16403,289.74277,291.35986,287.74585,281.33975,1.0,0.0,0.09295094,0.12070924,0.12389958,0.17194569
62.3035,-117.6773,58.846,-109.139,D,2016,07,01,2016-07-01,330.6,75,54.1,299.7,0,-1.5344001,3.1564798,290.16403,289.74277,291.35986,287.74585,281.33975,1.0,0.0,0.09295094,0.12070924,0.12389958,0.17194569
62.2958,-117.7078,58.846,-109.139,D,2016,07,01,2016-07-01,316.7,56,20.1,299.3,0,-1.5344001,3.1564798,290.16403,289.74277,291.35986,287.74585,281.33975,1.0,0.0,0.09295094,0.12070924,0.12389958,0.17194569
59.0168,-111.8614,58.846,-109.139,D,2016,07,01,2016-07-01,327.8,83,113.8,301.0,0,-1.5344001,3.1564798,290.16403,289.74277,291.35986,287.74585,281.33975,1.0,0.0,0.09295094,0.12070924,0.12389958,0.17194569
59.0331,-111.8074,58.846,-109.139,D,2016,07,01,2016-07-01,328.9,84,117.1,299.4,0,-1.5344001,3.1564798,290.16403,289.74277,291.35986,287.74585,281.33975,1.0,0.0,0.09295094,0.12070924,0.12389958,0.17194569
59.0319,-111.8625,58.846,-109.139,D,2016,07,01,2016-07-01,359.7,94,422.5,302.2,1,-1.5344001,3.1564798,290.16403,289.74277,291.35986,287.74585,281.33975,1.0,0.0,0.09295094,0.12070924,0.12389958,0.17194569
59.0292,-111.8105,58.846,-109.139,D,2016,07,01,2016-07-01,330.6,85,121.3,299.7,0,-1.5344001,3.1564798,290.16403,289.74277,291.35986,287.74585,281.33975,1.0,0.0,0.09295094,0.12070924,0.12389958,0.17194569
59.0283,-111.8657,58.846,-109.139,D,2016,07,01,2016-07-01,344.9,93,238.9,303.3,1,-1.5344001,3.1564798,290.16403,289.74277,291.35986,287.74585,281.33975,1.0,0.0,0.09295094,0.12070924,0.12389958,0.17194569
59.0444,-111.8116,58.846,-109.139,D,2016,07,01,2016-07-01,314.4,69,41.4,298.1,0,-1.5344001,3.1564798,290.16403,289.74277,291.35986,287.74585,281.33975,1.0,0.0,0.09295094,0.12070924,0.12389958,0.17194569
59.0435,-111.8668,58.846,-109.139,D,2016,07,01,2016-07-01,324.9,72,95.5,296.3,0,-1.5344001,3.1564798,290.16403,289.74277,291.35986,287.74585,281.33975,1.0,0.0,0.09295094,0.12070924,0.12389958,0.17194569
59.6945,-109.5064,58.846,-109.139,D,2016,07,01,2016-07-01,331.4,63,171.9,298.5,0,-1.5344001,3.1564798,290.16403,289.74277,291.35986,287.74585,281.33975,1.0,0.0,0.09295094,0.12070924,0.12389958,0.17194569
59.7114,-109.4343,58.846,-109.139,D,2016,07,01,2016-07-01,324.8,70,127.7,294.8,0,-1.5344001,3.1564798,290.16403,289.74277,291.35986,287.74585,281.33975,1.0,0.0,0.09295094,0.12070924,0.12389958,0.17194569
59.7112,-109.5056,58.846,-109.139,D,2016,07,01,2016-07-01,372.4,94,856.7,301.4,1,-1.5344001,3.1564798,290.16403,289.74277,291.35986,287.74585,281.33975,1.0,0.0,0.09295094,0.12070924,0.12389958,0.17194569
59.7282,-109.4334,58.846,-109.139,D,2016,07,01,2016-07-01,382.3,0,1143.5,294.7,0,-1.5344001,3.1564798,290.16403,289.74277,291.35986,287.74585,281.33975,1.0,0.0,0.09295094,0.12070924,0.12389958,0.17194569
59.728,-109.5045,58.846,-109.139,D,2016,07,01,2016-07-01,404.0,0,1948.3,300.0,0,-1.5344001,3.1564798,290.16403,289.74277,291.35986,287.74585,281.33975,1.0,0.0,0.09295094,0.12070924,0.12389958,0.17194569
59.6839,-109.5157,58.846,-109.139,D,2016,07,01,2016-07-01,328.8,0,163.6,299.3,0,-1.5344001,3.1564798,290.16403,289.74277,291.35986,287.74585,281.33975,1.0,0.0,0.09295094,0.12070924,0.12389958,0.17194569
59.7173,-109.4434,58.846,-109.139,D,2016,07,01,2016-07-01,342.0,0,309.3,295.4,0,-1.5344001,3.1564798,290.16403,289.74277,291.35986,287.74585,281.33975,1.0,0.0,0.09295094,0.12070924,0.12389958,0.17194569
59.7174,-109.5148,58.846,-109.139,D,2016,07,01,2016-07-01,377.9,0,1016.0,302.7,0,-1.5344001,3.1564798,290.16403,289.74277,291.35986,287.74585,281.33975,1.0,0.0,0.09295094,0.12070924,0.12389958,0.17194569
63.9316,-124.0807,58.846,-109.139,D,2016,07,01,2016-07-01,313.7,48,11.0,298.2,0,-1.5344001,3.1564798,290.16403,289.74277,291.35986,287.74585,281.33975,1.0,0.0,0.09295094,0.12070924,0.12389958,0.17194569
59.0252,-111.8641,58.785,-110.158,N,2016,07,02,2016-07-02,320.7,89,17.8,291.8,0,-1.4415967,3.0578556,301.21875,299.37793,295.67926,291.96265,286.78833,0.0,0.0,0.06927371,0.093284786,0.10279996,0.13572663
59.0339,-111.8691,58.785,-110.158,N,2016,07,02,2016-07-02,349.2,100,59.7,297.9,1,-1.4415967,3.0578556,301.21875,299.37793,295.67926,291.96265,286.78833,0.0,0.0,0.06927371,0.093284786,0.10279996,0.13572663
59.0313,-111.886,58.785,-110.158,N,2016,07,02,2016-07-02,329.6,100,27.8,293.5,1,-1.4415967,3.0578556,301.21875,299.37793,295.67926,291.96265,286.78833,0.0,0.0,0.06927371,0.093284786,0.10279996,0.13572663
59.0426,-111.8742,58.785,-110.158,N,2016,07,02,2016-07-02,363.2,100,93.0,301.8,1,-1.4415967,3.0578556,301.21875,299.37793,295.67926,291.96265,286.78833,0.0,0.0,0.06927371,0.093284786,0.10279996,0.13572663
59.04,-111.8911,58.785,-110.158,N,2016,07,02,2016-07-02,376.1,100,138.1,302.1,1,-1.4415967,3.0578556,301.21875,299.37793,295.67926,291.96265,286.78833,0.0,0.0,0.06927371,0.093284786,0.10279996,0.13572663
59.0564,-111.8454,58.785,-110.158,N,2016,07,02,2016-07-02,334.9,100,35.4,292.4,1,-1.4415967,3.0578556,301.21875,299.37793,295.67926,291.96265,286.78833,0.0,0.0,0.06927371,0.093284786,0.10279996,0.13572663
59.0512,-111.8792,58.785,-110.158,N,2016,07,02,2016-07-02,370.9,100,118.9,303.9,1,-1.4415967,3.0578556,301.21875,299.37793,295.67926,291.96265,286.78833,0.0,0.0,0.06927371,0.093284786,0.10279996,0.13572663
59.0487,-111.8961,58.785,-110.158,N,2016,07,02,2016-07-02,407.1,100,298.6,306.1,1,-1.4415967,3.0578556,301.21875,299.37793,295.67926,291.96265,286.78833,0.0,0.0,0.06927371,0.093284786,0.10279996,0.13572663
59.0461,-111.913,58.785,-110.158,N,2016,07,02,2016-07-02,311.6,83,10.5,291.4,0,-1.4415967,3.0578556,301.21875,299.37793,295.67926,291.96265,286.78833,0.0,0.0,0.06927371,0.093284786,0.10279996,0.13572663
59.0651,-111.8504,58.785,-110.158,N,2016,07,02,2016-07-02,309.5,9,9.9,289.2,0,-1.4415967,3.0578556,301.21875,299.37793,295.67926,291.96265,286.78833,0.0,0.0,0.06927371,0.093284786,0.10279996,0.13572663
59.0625,-111.8673,58.785,-110.158,N,2016,07,02,2016-07-02,328.1,70,26.4,297.2,0,-1.4415967,3.0578556,301.21875,299.37793,295.67926,291.96265,286.78833,0.0,0.0,0.06927371,0.093284786,0.10279996,0.13572663
59.0599,-111.8843,58.785,-110.158,N,2016,07,02,2016-07-02,345.8,100,53.5,301.7,1,-1.4415967,3.0578556,301.21875,299.37793,295.67926,291.96265,286.78833,0.0,0.0,0.06927371,0.093284786,0.10279996,0.13572663
59.0573,-111.9012,58.785,-110.158,N,2016,07,02,2016-07-02,367.7,100,108.6,303.4,1,-1.4415967,3.0578556,301.21875,299.37793,295.67926,291.96265,286.78833,0.0,0.0,0.06927371,0.093284786,0.10279996,0.13572663
59.0712,-111.8724,58.785,-110.158,N,2016,07,02,2016-07-02,336.0,78,36.7,294.3,0,-1.4415967,3.0578556,301.21875,299.37793,295.67926,291.96265,286.78833,0.0,0.0,0.06927371,0.093284786,0.10279996,0.13572663
59.0686,-111.8893,58.785,-110.158,N,2016,07,02,2016-07-02,355.0,100,74.2,302.3,1,-1.4415967,3.0578556,301.21875,299.37793,295.67926,291.96265,286.78833,0.0,0.0,0.06927371,0.093284786,0.10279996,0.13572663
60.5724,-113.8973,58.785,-110.158,N,2016,07,02,2016-07-02,303.0,14,4.3,290.8,0,-1.4415967,3.0578556,301.21875,299.37793,295.67926,291.96265,286.78833,0.0,0.0,0.06927371,0.093284786,0.10279996,0.13572663
61.0229,-110.2716,58.785,-110.158,N,2016,07,02,2016-07-02,301.9,45,5.9,290.7,0,-1.4415967,3.0578556,301.21875,299.37793,295.67926,291.96265,286.78833,0.0,0.0,0.06927371,0.093284786,0.10279996,0.13572663
60.5823,-113.9499,58.785,-110.158,N,2016,07,02,2016-07-02,312.4,85,11.6,291.9,0,-1.4415967,3.0578556,301.21875,299.37793,295.67926,291.96265,286.78833,0.0,0.0,0.06927371,0.093284786,0.10279996,0.13572663
60.5794,-113.9677,58.785,-110.158,N,2016,07,02,2016-07-02,303.8,33,5.3,291.2,0,-1.4415967,3.0578556,301.21875,299.37793,295.67926,291.96265,286.78833,0.0,0.0,0.06927371,0.093284786,0.10279996,0.13572663
59.0371,-111.883,58.785,-110.158,N,2016,07,02,2016-07-02,304.4,60,31.0,286.9,0,-1.4415967,3.0578556,301.21875,299.37793,295.67926,291.96265,286.78833,0.0,0.0,0.06927371,0.093284786,0.10279996,0.13572663
59.0545,-111.8722,58.785,-110.158,N,2016,07,02,2016-07-02,328.1,65,107.5,290.6,0,-1.4415967,3.0578556,301.21875,299.37793,295.67926,291.96265,286.78833,0.0,0.0,0.06927371,0.093284786,0.10279996,0.13572663
59.0511,-111.8812,58.785,-110.158,N,2016,07,02,2016-07-02,329.0,100,117.0,290.6,1,-1.4415967,3.0578556,301.21875,299.37793,295.67926,291.96265,286.78833,0.0,0.0,0.06927371,0.093284786,0.10279996,0.13572663
59.0457,-111.8786,58.785,-110.158,N,2016,07,02,2016-07-02,323.6,100,49.9,290.0,1,-1.4415967,3.0578556,301.21875,299.37793,295.67926,291.96265,286.78833,0.0,0.0,0.06927371,0.093284786,0.10279996,0.13572663
59.0563,-111.869,58.785,-110.158,N,2016,07,02,2016-07-02,306.1,22,18.4,288.8,0,-1.4415967,3.0578556,301.21875,299.37793,295.67926,291.96265,286.78833,0.0,0.0,0.06927371,0.093284786,0.10279996,0.13572663
61.008,-110.2553,58.756,-108.442,D,2016,07,02,2016-07-02,352.5,0,78.3,307.3,0,-0.995541,3.4343348,287.87833,287.96414,291.26172,287.2804,279.58688,1.0,0.0,0.13979249,0.165571,0.16600285,0.21481547
60.5853,-113.9451,58.756,-108.442,D,2016,07,02,2016-07-02,335.6,0,60.2,298.6,0,-0.995541,3.4343348,287.87833,287.96414,291.26172,287.2804,279.58688,1.0,0.0,0.13979249,0.165571,0.16600285,0.21481547
60.5719,-113.9191,58.756,-108.442,D,2016,07,02,2016-07-02,333.9,66,53.7,300.8,0,-0.995541,3.4343348,287.87833,287.96414,291.26172,287.2804,279.58688,1.0,0.0,0.13979249,0.165571,0.16600285,0.21481547
60.5697,-113.89,58.756,-108.442,D,2016,07,02,2016-07-02,343.1,70,84.3,303.1,0,-0.995541,3.4343348,287.87833,287.96414,291.26172,287.2804,279.58688,1.0,0.0,0.13979249,0.165571,0.16600285,0.21481547
60.5607,-113.9224,58.756,-108.442,D,2016,07,02,2016-07-02,313.6,37,11.2,299.1,0,-0.995541,3.4343348,287.87833,287.96414,291.26172,287.2804,279.58688,1.0,0.0,0.13979249,0.165571,0.16600285,0.21481547
59.6916,-109.4456,58.756,-108.442,D,2016,07,02,2016-07-02,325.6,0,18.2,301.8,0,-0.995541,3.4343348,287.87833,287.96414,291.26172,287.2804,279.58688,1.0,0.0,0.13979249,0.165571,0.16600285,0.21481547
59.0784,-111.8751,58.756,-108.442,D,2016,07,02,2016-07-02,353.0,0,93.6,298.0,0,-0.995541,3.4343348,287.87833,287.96414,291.26172,287.2804,279.58688,1.0,0.0,0.13979249,0.165571,0.16600285,0.21481547
59.0713,-111.8847,58.756,-108.442,D,2016,07,02,2016-07-02,346.0,0,67.3,300.5,0,-0.995541,3.4343348,287.87833,287.96414,291.26172,287.2804,279.58688,1.0,0.0,0.13979249,0.165571,0.16600285,0.21481547
59.0691,-111.8623,58.756,-108.442,D,2016,07,02,2016-07-02,342.7,82,55.1,303.4,0,-0.995541,3.4343348,287.87833,287.96414,291.26172,287.2804,279.58688,1.0,0.0,0.13979249,0.165571,0.16600285,0.21481547
59.0668,-111.8398,58.756,-108.442,D,2016,07,02,2016-07-02,326.5,50,21.7,298.1,0,-0.995541,3.4343348,287.87833,287.96414,291.26172,287.2804,279.58688,1.0,0.0,0.13979249,0.165571,0.16600285,0.21481547
59.0568,-111.8434,58.756,-108.442,D,2016,07,02,2016-07-02,339.8,86,47.6,303.2,0,-0.995541,3.4343348,287.87833,287.96414,291.26172,287.2804,279.58688,1.0,0.0,0.13979249,0.165571,0.16600285,0.21481547
59.0511,-111.8919,58.756,-108.442,D,2016,07,02,2016-07-02,338.2,40,46.5,304.5,0,-0.995541,3.4343348,287.87833,287.96414,291.26172,287.2804,279.58688,1.0,0.0,0.13979249,0.165571,0.16600285,0.21481547
59.0445,-111.8246,58.756,-108.442,D,2016,07,02,2016-07-02,346.2,83,63.2,305.5,0,-0.995541,3.4343348,287.87833,287.96414,291.26172,287.2804,279.58688,1.0,0.0,0.13979249,0.165571,0.16600285,0.21481547
59.0165,-111.8578,58.756,-108.442,D,2016,07,02,2016-07-02,344.7,93,64.1,299.6,1,-0.995541,3.4343348,287.87833,287.96414,291.26172,287.2804,279.58688,1.0,0.0,0.13979249,0.165571,0.16600285,0.21481547
61.2051,-110.5915,58.756,-108.442,D,2016,07,02,2016-07-02,328.0,0,26.1,304.2,0,-0.995541,3.4343348,287.87833,287.96414,291.26172,287.2804,279.58688,1.0,0.0,0.13979249,0.165571,0.16600285,0.21481547
60.9199,-108.691,58.756,-108.442,D,2016,07,02,2016-07-02,356.9,85,81.9,306.3,0,-0.995541,3.4343348,287.87833,287.96414,291.26172,287.2804,279.58688,1.0,0.0,0.13979249,0.165571,0.16600285,0.21481547
60.9105,-108.6954,58.756,-108.442,D,2016,07,02,2016-07-02,354.7,74,74.1,305.6,0,-0.995541,3.4343348,287.87833,287.96414,291.26172,287.2804,279.58688,1.0,0.0,0.13979249,0.165571,0.16600285,0.21481547
60.9129,-108.7158,58.756,-108.442,D,2016,07,02,2016-07-02,366.4,87,112.6,308.5,0,-0.995541,3.4343348,287.87833,287.96414,291.26172,287.2804,279.58688,1.0,0.0,0.13979249,0.165571,0.16600285,0.21481547
60.9035,-108.7202,58.756,-108.442,D,2016,07,02,2016-07-02,341.2,79,38.8,307.7,0,-0.995541,3.4343348,287.87833,287.96414,291.26172,287.2804,279.58688,1.0,0.0,0.13979249,0.165571,0.16600285,0.21481547
60.9012,-108.7861,58.756,-108.442,D,2016,07,02,2016-07-02,415.0,100,413.1,315.5,1,-0.995541,3.4343348,287.87833,287.96414,291.26172,287.2804,279.58688,1.0,0.0,0.13979249,0.165571,0.16600285,0.21481547
60.8988,-108.7654,58.756,-108.442,D,2016,07,02,2016-07-02,369.8,100,124.4,309.3,1,-0.995541,3.4343348,287.87833,287.96414,291.26172,287.2804,279.58688,1.0,0.0,0.13979249,0.165571,0.16600285,0.21481547
61.0293,-110.2643,58.756,-108.442,D,2016,07,02,2016-07-02,340.2,0,50.8,299.3,0,-0.995541,3.4343348,287.87833,287.96414,291.26172,287.2804,279.58688,1.0,0.0,0.13979249,0.165571,0.16600285,0.21481547
60.8677,-108.786,58.756,-108.442,D,2016,07,02,2016-07-02,326.0,78,19.9,308.1,0,-0.995541,3.4343348,287.87833,287.96414,291.26172,287.2804,279.58688,1.0,0.0,0.13979249,0.165571,0.16600285,0.21481547
60.8654,-108.7656,58.756,-108.442,D,2016,07,02,2016-07-02,327.5,79,21.7,308.8,0,-0.995541,3.4343348,287.87833,287.96414,291.26172,287.2804,279.58688,1.0,0.0,0.13979249,0.165571,0.16600285,0.21481547
60.863,-108.7452,58.756,-108.442,D,2016,07,02,2016-07-02,317.3,22,8.6,304.5,0,-0.995541,3.4343348,287.87833,287.96414,291.26172,287.2804,279.58688,1.0,0.0,0.13979249,0.165571,0.16600285,0.21481547
61.0178,-110.2512,58.756,-108.442,D,2016,07,02,2016-07-02,373.9,100,0.0,308.4,1,-0.995541,3.4343348,287.87833,287.96414,291.26172,287.2804,279.58688,1.0,0.0,0.13979249,0.165571,0.16600285,0.21481547
60.8584,-108.7904,58.756,-108.442,D,2016,07,02,2016-07-02,331.7,73,26.3,303.8,0,-0.995541,3.4343348,287.87833,287.96414,291.26172,287.2804,279.58688,1.0,0.0,0.13979249,0.165571,0.16600285,0.21481547
60.856,-108.77,58.756,-108.442,D,2016,07,02,2016-07-02,325.4,34,16.6,303.0,0,-0.995541,3.4343348,287.87833,287.96414,291.26172,287.2804,279.58688,1.0,0.0,0.13979249,0.165571,0.16600285,0.21481547
60.9004,-108.7225,58.756,-108.442,D,2016,07,02,2016-07-02,363.6,87,421.8,304.0,0,-0.995541,3.4343348,287.87833,287.96414,291.26172,287.2804,279.58688,1.0,0.0,0.13979249,0.165571,0.16600285,0.21481547
59.7071,-109.4919,58.756,-108.442,D,2016,07,02,2016-07-02,314.0,0,48.6,299.3,0,-0.995541,3.4343348,287.87833,287.96414,291.26172,287.2804,279.58688,1.0,0.0,0.13979249,0.165571,0.16600285,0.21481547
59.7149,-109.503,58.756,-108.442,D,2016,07,02,2016-07-02,312.3,0,45.3,298.9,0,-0.995541,3.4343348,287.87833,287.96414,291.26172,287.2804,279.58688,1.0,0.0,0.13979249,0.165571,0.16600285,0.21481547
59.0471,-111.9064,58.756,-108.442,D,2016,07,02,2016-07-02,315.4,16,80.9,293.9,0,-0.995541,3.4343348,287.87833,287.96414,291.26172,287.2804,279.58688,1.0,0.0,0.13979249,0.165571,0.16600285,0.21481547
59.0473,-111.9078,58.756,-108.442,D,2016,07,02,2016-07-02,315.3,12,80.1,294.0,0,-0.995541,3.4343348,287.87833,287.96414,291.26172,287.2804,279.58688,1.0,0.0,0.13979249,0.165571,0.16600285,0.21481547
60.9147,-108.6766,58.756,-108.442,D,2016,07,02,2016-07-02,348.8,72,253.9,300.4,0,-0.995541,3.4343348,287.87833,287.96414,291.26172,287.2804,279.58688,1.0,0.0,0.13979249,0.165571,0.16600285,0.21481547
60.9271,-108.6931,58.756,-108.442,D,2016,07,02,2016-07-02,325.8,68,83.7,298.9,0,-0.995541,3.4343348,287.87833,287.96414,291.26172,287.2804,279.58688,1.0,0.0,0.13979249,0.165571,0.16600285,0.21481547
60.9129,-108.7391,58.756,-108.442,D,2016,07,02,2016-07-02,333.8,74,123.3,299.0,0,-0.995541,3.4343348,287.87833,287.96414,291.26172,287.2804,279.58688,1.0,0.0,0.13979249,0.165571,0.16600285,0.21481547
60.8984,-108.7856,58.756,-108.442,D,2016,07,02,2016-07-02,354.7,97,318.2,301.4,1,-0.995541,3.4343348,287.87833,287.96414,291.26172,287.2804,279.58688,1.0,0.0,0.13979249,0.165571,0.16600285,0.21481547
60.9149,-108.6844,58.756,-108.442,D,2016,07,02,2016-07-02,361.8,87,406.3,300.9,0,-0.995541,3.4343348,287.87833,287.96414,291.26172,287.2804,279.58688,1.0,0.0,0.13979249,0.165571,0.16600285,0.21481547
60.9005,-108.73,58.756,-108.442,D,2016,07,02,2016-07-02,363.5,87,431.5,304.2,0,-0.995541,3.4343348,287.87833,287.96414,291.26172,287.2804,279.58688,1.0,0.0,0.13979249,0.165571,0.16600285,0.21481547
60.8983,-108.793,58.756,-108.442,D,2016,07,02,2016-07-02,355.0,97,326.3,300.9,1,-0.995541,3.4343348,287.87833,287.96414,291.26172,287.2804,279.58688,1.0,0.0,0.13979249,0.165571,0.16600285,0.21481547
60.5477,-113.9425,58.756,-108.442,D,2016,07,02,2016-07-02,309.2,40,48.4,294.7,0,-0.995541,3.4343348,287.87833,287.96414,291.26172,287.2804,279.58688,1.0,0.0,0.13979249,0.165571,0.16600285,0.21481547
60.5485,-113.9448,58.756,-108.442,D,2016,07,02,2016-07-02,310.1,42,55.1,294.8,0,-0.995541,3.4343348,287.87833,287.96414,291.26172,287.2804,279.58688,1.0,0.0,0.13979249,0.165571,0.16600285,0.21481547
60.5624,-113.9667,58.756,-108.442,D,2016,07,02,2016-07-02,343.2,0,398.5,296.5,0,-0.995541,3.4343348,287.87833,287.96414,291.26172,287.2804,279.58688,1.0,0.0,0.13979249,0.165571,0.16600285,0.21481547
60.885,-108.774,58.756,-108.442,D,2016,07,02,2016-07-02,320.6,25,71.7,301.9,0,-0.995541,3.4343348,287.87833,287.96414,291.26172,287.2804,279.58688,1.0,0.0,0.13979249,0.165571,0.16600285,0.21481547
60.8981,-108.756,58.756,-108.442,D,2016,07,02,2016-07-02,337.8,0,196.4,301.9,0,-0.995541,3.4343348,287.87833,287.96414,291.26172,287.2804,279.58688,1.0,0.0,0.13979249,0.165571,0.16600285,0.21481547
60.9156,-108.8077,58.756,-108.442,D,2016,07,02,2016-07-02,325.0,0,92.7,299.6,0,-0.995541,3.4343348,287.87833,287.96414,291.26172,287.2804,279.58688,1.0,0.0,0.13979249,0.165571,0.16600285,0.21481547
60.911,-108.7371,58.756,-108.442,D,2016,07,02,2016-07-02,333.6,0,171.0,298.1,0,-0.995541,3.4343348,287.87833,287.96414,291.26172,287.2804,279.58688,1.0,0.0,0.13979249,0.165571,0.16600285,0.21481547
63.9223,-124.0604,58.756,-108.442,D,2016,07,02,2016-07-02,327.2,59,21.5,300.6,0,-0.995541,3.4343348,287.87833,287.96414,291.26172,287.2804,279.58688,1.0,0.0,0.13979249,0.165571,0.16600285,0.21481547
61.0021,-110.229,58.756,-108.442,D,2016,07,02,2016-07-02,400.3,100,0.0,306.0,1,-0.995541,3.4343348,287.87833,287.96414,291.26172,287.2804,279.58688,1.0,0.0,0.13979249,0.165571,0.16600285,0.21481547
61.0179,-110.2789,58.756,-108.442,D,2016,07,02,2016-07-02,362.1,92,0.0,303.4,1,-0.995541,3.4343348,287.87833,287.96414,291.26172,287.2804,279.58688,1.0,0.0,0.13979249,0.165571,0.16600285,0.21481547
60.8905,-108.7735,58.756,-108.442,D,2016,07,02,2016-07-02,333.7,64,156.2,303.0,0,-0.995541,3.4343348,287.87833,287.96414,291.26172,287.2804,279.58688,1.0,0.0,0.13979249,0.165571,0.16600285,0.21481547
59.0574,-111.8464,58.756,-108.442,D,2016,07,02,2016-07-02,370.9,100,636.5,299.8,1,-0.995541,3.4343348,287.87833,287.96414,291.26172,287.2804,279.58688,1.0,0.0,0.13979249,0.165571,0.16600285,0.21481547
59.0706,-111.8304,58.756,-108.442,D,2016,07,02,2016-07-02,328.8,27,116.2,293.4,0,-0.995541,3.4343348,287.87833,287.96414,291.26172,287.2804,279.58688,1.0,0.0,0.13979249,0.165571,0.16600285,0.21481547
59.0371,-111.7952,58.756,-108.442,D,2016,07,02,2016-07-02,335.8,54,161.9,294.9,0,-0.995541,3.4343348,287.87833,287.96414,291.26172,287.2804,279.58688,1.0,0.0,0.13979249,0.165571,0.16600285,0.21481547
59.0531,-111.8445,58.756,-108.442,D,2016,07,02,2016-07-02,367.2,94,562.0,300.4,1,-0.995541,3.4343348,287.87833,287.96414,291.26172,287.2804,279.58688,1.0,0.0,0.13979249,0.165571,0.16600285,0.21481547
59.0663,-111.8286,58.756,-108.442,D,2016,07,02,2016-07-02,342.5,82,240.9,295.0,0,-0.995541,3.4343348,287.87833,287.96414,291.26172,287.2804,279.58688,1.0,0.0,0.13979249,0.165571,0.16600285,0.21481547
60.5685,-113.881,58.756,-108.442,D,2016,07,02,2016-07-02,329.3,0,86.6,297.0,0,-0.995541,3.4343348,287.87833,287.96414,291.26172,287.2804,279.58688,1.0,0.0,0.13979249,0.165571,0.16600285,0.21481547
59.7257,-109.5157,58.756,-108.442,D,2016,07,02,2016-07-02,310.6,0,37.6,299.3,0,-0.995541,3.4343348,287.87833,287.96414,291.26172,287.2804,279.58688,1.0,0.0,0.13979249,0.165571,0.16600285,0.21481547
59.0443,-111.8624,58.756,-108.442,D,2016,07,02,2016-07-02,323.2,55,87.9,297.7,0,-0.995541,3.4343348,287.87833,287.96414,291.26172,287.2804,279.58688,1.0,0.0,0.13979249,0.165571,0.16600285,0.21481547
59.0417,-111.7968,58.756,-108.442,D,2016,07,02,2016-07-02,337.8,59,180.9,295.2,0,-0.995541,3.4343348,287.87833,287.96414,291.26172,287.2804,279.58688,1.0,0.0,0.13979249,0.165571,0.16600285,0.21481547
59.0731,-111.8956,58.756,-108.442,D,2016,07,02,2016-07-02,348.3,76,284.6,294.8,0,-0.995541,3.4343348,287.87833,287.96414,291.26172,287.2804,279.58688,1.0,0.0,0.13979249,0.165571,0.16600285,0.21481547
59.014,-111.8493,58.756,-108.442,D,2016,07,02,2016-07-02,347.9,89,50.8,307.2,0,-0.995541,3.4343348,287.87833,287.96414,291.26172,287.2804,279.58688,1.0,0.0,0.13979249,0.165571,0.16600285,0.21481547
59.0117,-111.867,58.756,-108.442,D,2016,07,02,2016-07-02,341.5,91,39.9,303.1,1,-0.995541,3.4343348,287.87833,287.96414,291.26172,287.2804,279.58688,1.0,0.0,0.13979249,0.165571,0.16600285,0.21481547
59.0401,-111.8488,58.756,-108.442,D,2016,07,02,2016-07-02,328.1,69,20.3,300.6,0,-0.995541,3.4343348,287.87833,287.96414,291.26172,287.2804,279.58688,1.0,0.0,0.13979249,0.165571,0.16600285,0.21481547
59.0535,-111.8178,58.756,-108.442,D,2016,07,02,2016-07-02,327.4,81,18.7,292.3,0,-0.995541,3.4343348,287.87833,287.96414,291.26172,287.2804,279.58688,1.0,0.0,0.13979249,0.165571,0.16600285,0.21481547
59.0513,-111.8355,58.756,-108.442,D,2016,07,02,2016-07-02,431.2,100,515.4,304.2,1,-0.995541,3.4343348,287.87833,287.96414,291.26172,287.2804,279.58688,1.0,0.0,0.13979249,0.165571,0.16600285,0.21481547
59.049,-111.8532,58.756,-108.442,D,2016,07,02,2016-07-02,349.8,95,56.1,299.5,1,-0.995541,3.4343348,287.87833,287.96414,291.26172,287.2804,279.58688,1.0,0.0,0.13979249,0.165571,0.16600285,0.21481547
59.0445,-111.8885,58.756,-108.442,D,2016,07,02,2016-07-02,355.3,98,71.1,310.8,1,-0.995541,3.4343348,287.87833,287.96414,291.26172,287.2804,279.58688,1.0,0.0,0.13979249,0.165571,0.16600285,0.21481547
59.0423,-111.9061,58.756,-108.442,D,2016,07,02,2016-07-02,374.5,94,132.9,307.5,1,-0.995541,3.4343348,287.87833,287.96414,291.26172,287.2804,279.58688,1.0,0.0,0.13979249,0.165571,0.16600285,0.21481547
59.0534,-111.8929,58.756,-108.442,D,2016,07,02,2016-07-02,348.3,82,54.5,310.6,0,-0.995541,3.4343348,287.87833,287.96414,291.26172,287.2804,279.58688,1.0,0.0,0.13979249,0.165571,0.16600285,0.21481547
59.0512,-111.9105,58.756,-108.442,D,2016,07,02,2016-07-02,379.2,71,150.9,308.5,0,-0.995541,3.4343348,287.87833,287.96414,291.26172,287.2804,279.58688,1.0,0.0,0.13979249,0.165571,0.16600285,0.21481547
59.0691,-111.8442,58.756,-108.442,D,2016,07,02,2016-07-02,363.3,94,92.7,289.7,1,-0.995541,3.4343348,287.87833,287.96414,291.26172,287.2804,279.58688,1.0,0.0,0.13979249,0.165571,0.16600285,0.21481547
59.0669,-111.8619,58.756,-108.442,D,2016,07,02,2016-07-02,409.0,94,320.1,309.1,1,-0.995541,3.4343348,287.87833,287.96414,291.26172,287.2804,279.58688,1.0,0.0,0.13979249,0.165571,0.16600285,0.21481547
59.0646,-111.8795,58.756,-108.442,D,2016,07,02,2016-07-02,358.6,93,79.4,309.0,1,-0.995541,3.4343348,287.87833,287.96414,291.26172,287.2804,279.58688,1.0,0.0,0.13979249,0.165571,0.16600285,0.21481547
59.0624,-111.8972,58.756,-108.442,D,2016,07,02,2016-07-02,337.0,45,33.8,307.1,0,-0.995541,3.4343348,287.87833,287.96414,291.26172,287.2804,279.58688,1.0,0.0,0.13979249,0.165571,0.16600285,0.21481547
59.0735,-111.8839,58.756,-108.442,D,2016,07,02,2016-07-02,429.4,71,498.8,317.6,0,-0.995541,3.4343348,287.87833,287.96414,291.26172,287.2804,279.58688,1.0,0.0,0.13979249,0.165571,0.16600285,0.21481547
59.6875,-109.4453,58.756,-108.442,D,2016,07,02,2016-07-02,337.0,0,41.6,302.1,0,-0.995541,3.4343348,287.87833,287.96414,291.26172,287.2804,279.58688,1.0,0.0,0.13979249,0.165571,0.16600285,0.21481547
59.6883,-109.4509,58.756,-108.442,D,2016,07,02,2016-07-02,334.1,0,29.1,303.0,0,-0.995541,3.4343348,287.87833,287.96414,291.26172,287.2804,279.58688,1.0,0.0,0.13979249,0.165571,0.16600285,0.21481547
59.6935,-109.4962,58.756,-108.442,D,2016,07,02,2016-07-02,334.3,49,29.2,303.0,0,-0.995541,3.4343348,287.87833,287.96414,291.26172,287.2804,279.58688,1.0,0.0,0.13979249,0.165571,0.16600285,0.21481547
59.7074,-109.4587,58.756,-108.442,D,2016,07,02,2016-07-02,356.8,0,82.5,308.9,0,-0.995541,3.4343348,287.87833,287.96414,291.26172,287.2804,279.58688,1.0,0.0,0.13979249,0.165571,0.16600285,0.21481547
59.4934,-113.7644,58.756,-108.442,D,2016,07,02,2016-07-02,308.7,12,3.2,294.2,0,-0.995541,3.4343348,287.87833,287.96414,291.26172,287.2804,279.58688,1.0,0.0,0.13979249,0.165571,0.16600285,0.21481547
60.8896,-108.7645,58.756,-108.442,D,2016,07,02,2016-07-02,362.0,100,110.9,310.4,1,-0.995541,3.4343348,287.87833,287.96414,291.26172,287.2804,279.58688,1.0,0.0,0.13979249,0.165571,0.16600285,0.21481547
60.8652,-108.8029,58.756,-108.442,D,2016,07,02,2016-07-02,331.8,25,25.5,307.3,0,-0.995541,3.4343348,287.87833,287.96414,291.26172,287.2804,279.58688,1.0,0.0,0.13979249,0.165571,0.16600285,0.21481547
60.8578,-108.7945,58.756,-108.442,D,2016,07,02,2016-07-02,335.8,80,37.8,307.8,0,-0.995541,3.4343348,287.87833,287.96414,291.26172,287.2804,279.58688,1.0,0.0,0.13979249,0.165571,0.16600285,0.21481547
60.8601,-108.7713,58.756,-108.442,D,2016,07,02,2016-07-02,329.7,51,25.9,308.7,0,-0.995541,3.4343348,287.87833,287.96414,291.26172,287.2804,279.58688,1.0,0.0,0.13979249,0.165571,0.16600285,0.21481547
60.5637,-113.8902,58.756,-108.442,D,2016,07,02,2016-07-02,328.9,61,20.6,307.9,0,-0.995541,3.4343348,287.87833,287.96414,291.26172,287.2804,279.58688,1.0,0.0,0.13979249,0.165571,0.16600285,0.21481547
60.5612,-113.9081,58.756,-108.442,D,2016,07,02,2016-07-02,324.3,54,15.2,306.5,0,-0.995541,3.4343348,287.87833,287.96414,291.26172,287.2804,279.58688,1.0,0.0,0.13979249,0.165571,0.16600285,0.21481547
60.5588,-113.926,58.756,-108.442,D,2016,07,02,2016-07-02,324.3,66,14.5,300.6,0,-0.995541,3.4343348,287.87833,287.96414,291.26172,287.2804,279.58688,1.0,0.0,0.13979249,0.165571,0.16600285,0.21481547
61.0155,-110.2549,58.756,-108.442,D,2016,07,02,2016-07-02,364.5,94,0.0,308.3,1,-0.995541,3.4343348,287.87833,287.96414,291.26172,287.2804,279.58688,1.0,0.0,0.13979249,0.165571,0.16600285,0.21481547
60.5725,-113.8952,58.756,-108.442,D,2016,07,02,2016-07-02,359.0,0,74.0,308.7,0,-0.995541,3.4343348,287.87833,287.96414,291.26172,287.2804,279.58688,1.0,0.0,0.13979249,0.165571,0.16600285,0.21481547
61.0296,-110.2165,58.756,-108.442,D,2016,07,02,2016-07-02,338.4,0,39.8,300.5,0,-0.995541,3.4343348,287.87833,287.96414,291.26172,287.2804,279.58688,1.0,0.0,0.13979249,0.165571,0.16600285,0.21481547
61.025,-110.2591,58.756,-108.442,D,2016,07,02,2016-07-02,363.2,0,109.2,306.2,0,-0.995541,3.4343348,287.87833,287.96414,291.26172,287.2804,279.58688,1.0,0.0,0.13979249,0.165571,0.16600285,0.21481547
61.0464,-110.2465,58.756,-108.442,D,2016,07,02,2016-07-02,344.1,0,58.6,300.4,0,-0.995541,3.4343348,287.87833,287.96414,291.26172,287.2804,279.58688,1.0,0.0,0.13979249,0.165571,0.16600285,0.21481547
61.2122,-110.6035,58.756,-108.442,D,2016,07,02,2016-07-02,327.5,56,20.5,305.9,0,-0.995541,3.4343348,287.87833,287.96414,291.26172,287.2804,279.58688,1.0,0.0,0.13979249,0.165571,0.16600285,0.21481547
61.2467,-110.5806,58.756,-108.442,D,2016,07,02,2016-07-02,360.2,90,0.0,305.3,1,-0.995541,3.4343348,287.87833,287.96414,291.26172,287.2804,279.58688,1.0,0.0,0.13979249,0.165571,0.16600285,0.21481547
61.2631,-110.5212,58.756,-108.442,D,2016,07,02,2016-07-02,425.5,100,0.0,319.0,1,-0.995541,3.4343348,287.87833,287.96414,291.26172,287.2804,279.58688,1.0,0.0,0.13979249,0.165571,0.16600285,0.21481547
61.2961,-110.4919,58.756,-108.442,D,2016,07,02,2016-07-02,462.0,100,0.0,328.3,1,-0.995541,3.4343348,287.87833,287.96414,291.26172,287.2804,279.58688,1.0,0.0,0.13979249,0.165571,0.16600285,0.21481547
61.3151,-110.5007,58.756,-108.442,D,2016,07,02,2016-07-02,380.8,100,0.0,302.6,1,-0.995541,3.4343348,287.87833,287.96414,291.26172,287.2804,279.58688,1.0,0.0,0.13979249,0.165571,0.16600285,0.21481547
62.2774,-117.652,58.756,-108.442,D,2016,07,02,2016-07-02,307.1,34,7.8,281.4,0,-0.995541,3.4343348,287.87833,287.96414,291.26172,287.2804,279.58688,1.0,0.0,0.13979249,0.165571,0.16600285,0.21481547
61.006,-110.2506,58.756,-108.442,D,2016,07,02,2016-07-02,393.9,100,0.0,315.6,1,-0.995541,3.4343348,287.87833,287.96414,291.26172,287.2804,279.58688,1.0,0.0,0.13979249,0.165571,0.16600285,0.21481547
60.914,-108.7258,58.756,-108.442,D,2016,07,02,2016-07-02,353.9,84,87.6,308.0,0,-0.995541,3.4343348,287.87833,287.96414,291.26172,287.2804,279.58688,1.0,0.0,0.13979249,0.165571,0.16600285,0.21481547
60.9163,-108.7023,58.756,-108.442,D,2016,07,02,2016-07-02,354.5,73,90.3,309.0,0,-0.995541,3.4343348,287.87833,287.96414,291.26172,287.2804,279.58688,1.0,0.0,0.13979249,0.165571,0.16600285,0.21481547
60.8973,-108.7918,58.756,-108.442,D,2016,07,02,2016-07-02,391.0,100,275.5,317.1,1,-0.995541,3.4343348,287.87833,287.96414,291.26172,287.2804,279.58688,1.0,0.0,0.13979249,0.165571,0.16600285,0.21481547
60.8995,-108.7686,58.756,-108.442,D,2016,07,02,2016-07-02,381.3,100,209.8,308.6,1,-0.995541,3.4343348,287.87833,287.96414,291.26172,287.2804,279.58688,1.0,0.0,0.13979249,0.165571,0.16600285,0.21481547
60.9018,-108.7454,58.756,-108.442,D,2016,07,02,2016-07-02,362.7,100,114.9,309.8,1,-0.995541,3.4343348,287.87833,287.96414,291.26172,287.2804,279.58688,1.0,0.0,0.13979249,0.165571,0.16600285,0.21481547
60.904,-108.7218,58.756,-108.442,D,2016,07,02,2016-07-02,353.5,91,83.8,309.8,1,-0.995541,3.4343348,287.87833,287.96414,291.26172,287.2804,279.58688,1.0,0.0,0.13979249,0.165571,0.16600285,0.21481547
60.9073,-108.7958,58.756,-108.442,D,2016,07,02,2016-07-02,342.9,86,57.0,303.4,0,-0.995541,3.4343348,287.87833,287.96414,291.26172,287.2804,279.58688,1.0,0.0,0.13979249,0.165571,0.16600285,0.21481547
60.8873,-108.7877,58.756,-108.442,D,2016,07,02,2016-07-02,347.0,93,61.4,308.8,1,-0.995541,3.4343348,287.87833,287.96414,291.26172,287.2804,279.58688,1.0,0.0,0.13979249,0.165571,0.16600285,0.21481547
59.8703,-118.1485,58.756,-108.442,D,2016,07,02,2016-07-02,312.3,51,7.4,291.0,0,-0.995541,3.4343348,287.87833,287.96414,291.26172,287.2804,279.58688,1.0,0.0,0.13979249,0.165571,0.16600285,0.21481547
63.9154,-124.0647,58.756,-108.442,D,2016,07,02,2016-07-02,324.1,56,18.3,298.0,0,-0.995541,3.4343348,287.87833,287.96414,291.26172,287.2804,279.58688,1.0,0.0,0.13979249,0.165571,0.16600285,0.21481547
63.9267,-124.0738,58.756,-108.442,D,2016,07,02,2016-07-02,313.9,25,65.8,289.4,0,-0.995541,3.4343348,287.87833,287.96414,291.26172,287.2804,279.58688,1.0,0.0,0.13979249,0.165571,0.16600285,0.21481547
63.3098,-122.4392,58.756,-108.442,D,2016,07,02,2016-07-02,310.9,54,34.0,291.8,0,-0.995541,3.4343348,287.87833,287.96414,291.26172,287.2804,279.58688,1.0,0.0,0.13979249,0.165571,0.16600285,0.21481547
58.7153,-107.4325,58.683,-107.057,N,2016,07,03,2016-07-03,304.7,23,11.9,288.6,0,-2.3922155,3.837738,300.73383,297.50354,292.16382,286.65842,278.4666,1.0,0.0,0.13108414,0.17136645,0.17489937,0.21336356
58.7455,-107.3996,58.683,-107.057,N,2016,07,03,2016-07-03,320.7,100,40.6,290.6,1,-2.3922155,3.837738,300.73383,297.50354,292.16382,286.65842,278.4666,1.0,0.0,0.13108414,0.17136645,0.17489937,0.21336356
58.7561,-107.4093,58.683,-107.057,N,2016,07,03,2016-07-03,307.9,69,19.1,290.1,0,-2.3922155,3.837738,300.73383,297.50354,292.16382,286.65842,278.4666,1.0,0.0,0.13108414,0.17136645,0.17489937,0.21336356
58.6644,-107.1188,58.683,-107.057,N,2016,07,03,2016-07-03,304.5,60,14.7,290.7,0,-2.3922155,3.837738,300.73383,297.50354,292.16382,286.65842,278.4666,1.0,0.0,0.13108414,0.17136645,0.17489937,0.21336356
58.5966,-107.1892,58.683,-107.057,N,2016,07,03,2016-07-03,300.6,31,10.4,289.0,0,-2.3922155,3.837738,300.73383,297.50354,292.16382,286.65842,278.4666,1.0,0.0,0.13108414,0.17136645,0.17489937,0.21336356
58.5639,-107.3261,58.683,-107.057,N,2016,07,03,2016-07-03,307.0,70,19.4,289.3,0,-2.3922155,3.837738,300.73383,297.50354,292.16382,286.65842,278.4666,1.0,0.0,0.13108414,0.17136645,0.17489937,0.21336356
58.6433,-107.1001,58.683,-107.057,N,2016,07,03,2016-07-03,320.0,100,39.7,290.6,1,-2.3922155,3.837738,300.73383,297.50354,292.16382,286.65842,278.4666,1.0,0.0,0.13108414,0.17136645,0.17489937,0.21336356
58.637,-107.1267,58.683,-107.057,N,2016,07,03,2016-07-03,338.1,100,89.6,292.7,1,-2.3922155,3.837738,300.73383,297.50354,292.16382,286.65842,278.4666,1.0,0.0,0.13108414,0.17136645,0.17489937,0.21336356
58.6539,-107.1094,58.683,-107.057,N,2016,07,03,2016-07-03,350.0,100,137.4,293.4,1,-2.3922155,3.837738,300.73383,297.50354,292.16382,286.65842,278.4666,1.0,0.0,0.13108414,0.17136645,0.17489937,0.21336356
58.6476,-107.1361,58.683,-107.057,N,2016,07,03,2016-07-03,356.3,100,169.9,293.4,1,-2.3922155,3.837738,300.73383,297.50354,292.16382,286.65842,278.4666,1.0,0.0,0.13108414,0.17136645,0.17489937,0.21336356
58.6581,-107.1456,58.683,-107.057,N,2016,07,03,2016-07-03,314.4,89,30.0,290.3,0,-2.3922155,3.837738,300.73383,297.50354,292.16382,286.65842,278.4666,1.0,0.0,0.13108414,0.17136645,0.17489937,0.21336356
59.0223,-111.8454,58.683,-107.057,N,2016,07,03,2016-07-03,312.8,28,47.8,282.2,0,-2.3922155,3.837738,300.73383,297.50354,292.16382,286.65842,278.4666,1.0,0.0,0.13108414,0.17136645,0.17489937,0.21336356
59.716,-109.498,58.683,-107.057,N,2016,07,03,2016-07-03,310.5,77,24.8,290.8,0,-2.3922155,3.837738,300.73383,297.50354,292.16382,286.65842,278.4666,1.0,0.0,0.13108414,0.17136645,0.17489937,0.21336356
59.7267,-109.5094,58.683,-107.057,N,2016,07,03,2016-07-03,313.9,88,30.9,290.6,0,-2.3922155,3.837738,300.73383,297.50354,292.16382,286.65842,278.4666,1.0,0.0,0.13108414,0.17136645,0.17489937,0.21336356
59.7195,-109.5069,58.683,-107.057,N,2016,07,03,2016-07-03,319.8,99,43.9,291.2,1,-2.3922155,3.837738,300.73383,297.50354,292.16382,286.65842,278.4666,1.0,0.0,0.13108414,0.17136645,0.17489937,0.21336356
61.0979,-107.9118,58.683,-107.057,N,2016,07,03,2016-07-03,302.9,52,10.6,289.1,0,-2.3922155,3.837738,300.73383,297.50354,292.16382,286.65842,278.4666,1.0,0.0,0.13108414,0.17136645,0.17489937,0.21336356
60.919,-108.7333,58.683,-107.057,N,2016,07,03,2016-07-03,317.6,48,29.2,290.6,0,-2.3922155,3.837738,300.73383,297.50354,292.16382,286.65842,278.4666,1.0,0.0,0.13108414,0.17136645,0.17489937,0.21336356
61.1604,-107.8492,58.683,-107.057,N,2016,07,03,2016-07-03,301.5,42,10.1,289.0,0,-2.3922155,3.837738,300.73383,297.50354,292.16382,286.65842,278.4666,1.0,0.0,0.13108414,0.17136645,0.17489937,0.21336356
59.0165,-111.832,58.683,-107.057,N,2016,07,03,2016-07-03,300.7,12,25.0,279.8,0,-2.3922155,3.837738,300.73383,297.50354,292.16382,286.65842,278.4666,1.0,0.0,0.13108414,0.17136645,0.17489937,0.21336356
58.6518,-107.1196,58.683,-107.057,N,2016,07,03,2016-07-03,308.2,74,45.6,285.6,0,-2.3922155,3.837738,300.73383,297.50354,292.16382,286.65842,278.4666,1.0,0.0,0.13108414,0.17136645,0.17489937,0.21336356
59.021,-111.8596,58.683,-107.057,N,2016,07,03,2016-07-03,314.2,89,32.5,287.3,0,-2.3922155,3.837738,300.73383,297.50354,292.16382,286.65842,278.4666,1.0,0.0,0.13108414,0.17136645,0.17489937,0.21336356
59.0158,-111.8651,58.683,-107.057,N,2016,07,03,2016-07-03,311.6,78,26.2,286.8,0,-2.3922155,3.837738,300.73383,297.50354,292.16382,286.65842,278.4666,1.0,0.0,0.13108414,0.17136645,0.17489937,0.21336356
58.6493,-107.1141,58.683,-107.057,N,2016,07,03,2016-07-03,307.8,70,41.3,285.4,0,-2.3922155,3.837738,300.73383,297.50354,292.16382,286.65842,278.4666,1.0,0.0,0.13108414,0.17136645,0.17489937,0.21336356
59.7227,-109.5054,58.683,-107.057,N,2016,07,03,2016-07-03,302.1,39,19.1,287.7,0,-2.3922155,3.837738,300.73383,297.50354,292.16382,286.65842,278.4666,1.0,0.0,0.13108414,0.17136645,0.17489937,0.21336356
61.0027,-110.2199,58.683,-107.057,N,2016,07,03,2016-07-03,310.1,76,11.6,286.6,0,-2.3922155,3.837738,300.73383,297.50354,292.16382,286.65842,278.4666,1.0,0.0,0.13108414,0.17136645,0.17489937,0.21336356
58.7041,-107.3953,58.683,-107.057,N,2016,07,03,2016-07-03,300.1,17,6.5,284.5,0,-2.3922155,3.837738,300.73383,297.50354,292.16382,286.65842,278.4666,1.0,0.0,0.13108414,0.17136645,0.17489937,0.21336356
58.5688,-107.3162,58.683,-107.057,N,2016,07,03,2016-07-03,318.0,96,18.8,282.9,1,-2.3922155,3.837738,300.73383,297.50354,292.16382,286.65842,278.4666,1.0,0.0,0.13108414,0.17136645,0.17489937,0.21336356
59.0891,-111.8742,58.683,-107.057,N,2016,07,03,2016-07-03,302.8,21,7.0,286.8,0,-2.3922155,3.837738,300.73383,297.50354,292.16382,286.65842,278.4666,1.0,0.0,0.13108414,0.17136645,0.17489937,0.21336356
59.0183,-111.8474,58.683,-107.057,N,2016,07,03,2016-07-03,303.7,57,8.7,286.0,0,-2.3922155,3.837738,300.73383,297.50354,292.16382,286.65842,278.4666,1.0,0.0,0.13108414,0.17136645,0.17489937,0.21336356
61.0937,-107.9302,59.705,-107.911,D,2016,07,03,2016-07-03,328.3,58,112.4,299.8,0,-2.2940905,1.8357549,289.73288,289.28745,291.31232,286.48566,277.82483,1.0,0.0,0.12249373,0.15967341,0.17309721,0.22181986
61.0891,-107.9224,59.705,-107.911,D,2016,07,03,2016-07-03,316.1,0,47.1,299.3,0,-2.2940905,1.8357549,289.73288,289.28745,291.31232,286.48566,277.82483,1.0,0.0,0.12249373,0.15967341,0.17309721,0.22181986
60.9209,-108.7016,59.705,-107.911,D,2016,07,03,2016-07-03,322.9,72,98.9,299.4,0,-2.2940905,1.8357549,289.73288,289.28745,291.31232,286.48566,277.82483,1.0,0.0,0.12249373,0.15967341,0.17309721,0.22181986
60.8899,-108.8338,59.705,-107.911,D,2016,07,03,2016-07-03,327.5,64,125.5,298.6,0,-2.2940905,1.8357549,289.73288,289.28745,291.31232,286.48566,277.82483,1.0,0.0,0.12249373,0.15967341,0.17309721,0.22181986
60.8739,-108.8341,59.705,-107.911,D,2016,07,03,2016-07-03,333.2,79,165.4,299.0,0,-2.2940905,1.8357549,289.73288,289.28745,291.31232,286.48566,277.82483,1.0,0.0,0.12249373,0.15967341,0.17309721,0.22181986
60.8735,-108.7683,59.705,-107.911,D,2016,07,03,2016-07-03,329.7,59,136.6,302.0,0,-2.2940905,1.8357549,289.73288,289.28745,291.31232,286.48566,277.82483,1.0,0.0,0.12249373,0.15967341,0.17309721,0.22181986
60.8817,-108.8422,59.705,-107.911,D,2016,07,03,2016-07-03,339.5,76,225.7,299.3,0,-2.2940905,1.8357549,289.73288,289.28745,291.31232,286.48566,277.82483,1.0,0.0,0.12249373,0.15967341,0.17309721,0.22181986
60.8811,-108.7764,59.705,-107.911,D,2016,07,03,2016-07-03,341.7,69,245.1,302.2,0,-2.2940905,1.8357549,289.73288,289.28745,291.31232,286.48566,277.82483,1.0,0.0,0.12249373,0.15967341,0.17309721,0.22181986
60.8651,-108.7767,59.705,-107.911,D,2016,07,03,2016-07-03,314.8,47,52.6,300.4,0,-2.2940905,1.8357549,289.73288,289.28745,291.31232,286.48566,277.82483,1.0,0.0,0.12249373,0.15967341,0.17309721,0.22181986
61.0926,-107.8691,59.705,-107.911,D,2016,07,03,2016-07-03,320.5,29,62.4,301.1,0,-2.2940905,1.8357549,289.73288,289.28745,291.31232,286.48566,277.82483,1.0,0.0,0.12249373,0.15967341,0.17309721,0.22181986
59.7208,-109.4792,59.705,-107.911,D,2016,07,03,2016-07-03,313.6,0,58.5,291.1,0,-2.2940905,1.8357549,289.73288,289.28745,291.31232,286.48566,277.82483,1.0,0.0,0.12249373,0.15967341,0.17309721,0.22181986
60.91,-108.738,59.705,-107.911,D,2016,07,03,2016-07-03,342.5,75,44.8,309.3,0,-2.2940905,1.8357549,289.73288,289.28745,291.31232,286.48566,277.82483,1.0,0.0,0.12249373,0.15967341,0.17309721,0.22181986
60.9092,-108.788,59.705,-107.911,D,2016,07,03,2016-07-03,357.4,93,95.2,308.6,1,-2.2940905,1.8357549,289.73288,289.28745,291.31232,286.48566,277.82483,1.0,0.0,0.12249373,0.15967341,0.17309721,0.22181986
60.905,-108.767,59.705,-107.911,D,2016,07,03,2016-07-03,342.1,86,44.4,306.6,0,-2.2940905,1.8357549,289.73288,289.28745,291.31232,286.48566,277.82483,1.0,0.0,0.12249373,0.15967341,0.17309721,0.22181986
60.9,-108.7959,59.705,-107.911,D,2016,07,03,2016-07-03,380.1,100,194.6,311.2,1,-2.2940905,1.8357549,289.73288,289.28745,291.31232,286.48566,277.82483,1.0,0.0,0.12249373,0.15967341,0.17309721,0.22181986
60.8958,-108.7748,59.705,-107.911,D,2016,07,03,2016-07-03,359.3,99,93.8,311.9,1,-2.2940905,1.8357549,289.73288,289.28745,291.31232,286.48566,277.82483,1.0,0.0,0.12249373,0.15967341,0.17309721,0.22181986
60.8858,-108.8326,59.705,-107.911,D,2016,07,03,2016-07-03,345.5,93,59.3,304.8,1,-2.2940905,1.8357549,289.73288,289.28745,291.31232,286.48566,277.82483,1.0,0.0,0.12249373,0.15967341,0.17309721,0.22181986
60.8815,-108.8115,59.705,-107.911,D,2016,07,03,2016-07-03,429.6,100,638.9,326.9,1,-2.2940905,1.8357549,289.73288,289.28745,291.31232,286.48566,277.82483,1.0,0.0,0.12249373,0.15967341,0.17309721,0.22181986
60.8773,-108.7904,59.705,-107.911,D,2016,07,03,2016-07-03,359.8,99,99.1,312.2,1,-2.2940905,1.8357549,289.73288,289.28745,291.31232,286.48566,277.82483,1.0,0.0,0.12249373,0.15967341,0.17309721,0.22181986
60.8687,-108.748,59.705,-107.911,D,2016,07,03,2016-07-03,327.6,32,18.8,309.5,0,-2.2940905,1.8357549,289.73288,289.28745,291.31232,286.48566,277.82483,1.0,0.0,0.12249373,0.15967341,0.17309721,0.22181986
60.8638,-108.777,59.705,-107.911,D,2016,07,03,2016-07-03,332.8,40,27.4,308.7,0,-2.2940905,1.8357549,289.73288,289.28745,291.31232,286.48566,277.82483,1.0,0.0,0.12249373,0.15967341,0.17309721,0.22181986
61.3294,-110.5169,59.705,-107.911,D,2016,07,03,2016-07-03,373.4,100,0.0,306.1,1,-2.2940905,1.8357549,289.73288,289.28745,291.31232,286.48566,277.82483,1.0,0.0,0.12249373,0.15967341,0.17309721,0.22181986
60.9366,-108.7594,59.705,-107.911,D,2016,07,03,2016-07-03,312.8,52,7.7,300.0,0,-2.2940905,1.8357549,289.73288,289.28745,291.31232,286.48566,277.82483,1.0,0.0,0.12249373,0.15967341,0.17309721,0.22181986
60.8594,-108.7559,59.705,-107.911,D,2016,07,03,2016-07-03,335.5,58,33.5,306.4,0,-2.2940905,1.8357549,289.73288,289.28745,291.31232,286.48566,277.82483,1.0,0.0,0.12249373,0.15967341,0.17309721,0.22181986
60.8545,-108.7849,59.705,-107.911,D,2016,07,03,2016-07-03,336.6,60,36.4,304.3,0,-2.2940905,1.8357549,289.73288,289.28745,291.31232,286.48566,277.82483,1.0,0.0,0.12249373,0.15967341,0.17309721,0.22181986
60.9323,-108.7383,59.705,-107.911,D,2016,07,03,2016-07-03,417.6,87,502.1,318.5,0,-2.2940905,1.8357549,289.73288,289.28745,291.31232,286.48566,277.82483,1.0,0.0,0.12249373,0.15967341,0.17309721,0.22181986
60.9185,-108.7802,59.705,-107.911,D,2016,07,03,2016-07-03,374.7,75,170.5,309.6,0,-2.2940905,1.8357549,289.73288,289.28745,291.31232,286.48566,277.82483,1.0,0.0,0.12249373,0.15967341,0.17309721,0.22181986
60.9284,-108.7222,59.705,-107.911,D,2016,07,03,2016-07-03,365.6,94,124.3,309.4,1,-2.2940905,1.8357549,289.73288,289.28745,291.31232,286.48566,277.82483,1.0,0.0,0.12249373,0.15967341,0.17309721,0.22181986
60.9234,-108.7512,59.705,-107.911,D,2016,07,03,2016-07-03,387.2,94,235.6,310.7,1,-2.2940905,1.8357549,289.73288,289.28745,291.31232,286.48566,277.82483,1.0,0.0,0.12249373,0.15967341,0.17309721,0.22181986
60.9192,-108.7301,59.705,-107.911,D,2016,07,03,2016-07-03,392.0,100,264.8,316.5,1,-2.2940905,1.8357549,289.73288,289.28745,291.31232,286.48566,277.82483,1.0,0.0,0.12249373,0.15967341,0.17309721,0.22181986
60.9149,-108.7088,59.705,-107.911,D,2016,07,03,2016-07-03,353.1,96,75.8,311.1,1,-2.2940905,1.8357549,289.73288,289.28745,291.31232,286.48566,277.82483,1.0,0.0,0.12249373,0.15967341,0.17309721,0.22181986
61.3329,-110.5363,59.705,-107.911,D,2016,07,03,2016-07-03,365.8,95,0.0,301.8,1,-2.2940905,1.8357549,289.73288,289.28745,291.31232,286.48566,277.82483,1.0,0.0,0.12249373,0.15967341,0.17309721,0.22181986
61.1007,-107.9111,59.705,-107.911,D,2016,07,03,2016-07-03,361.3,0,115.2,311.3,0,-2.2940905,1.8357549,289.73288,289.28745,291.31232,286.48566,277.82483,1.0,0.0,0.12249373,0.15967341,0.17309721,0.22181986
61.087,-107.7921,59.705,-107.911,D,2016,07,03,2016-07-03,319.8,0,12.0,305.9,0,-2.2940905,1.8357549,289.73288,289.28745,291.31232,286.48566,277.82483,1.0,0.0,0.12249373,0.15967341,0.17309721,0.22181986
61.0916,-107.8144,59.705,-107.911,D,2016,07,03,2016-07-03,335.1,0,32.4,308.5,0,-2.2940905,1.8357549,289.73288,289.28745,291.31232,286.48566,277.82483,1.0,0.0,0.12249373,0.15967341,0.17309721,0.22181986
61.1196,-107.842,59.705,-107.911,D,2016,07,03,2016-07-03,323.0,0,16.3,307.0,0,-2.2940905,1.8357549,289.73288,289.28745,291.31232,286.48566,277.82483,1.0,0.0,0.12249373,0.15967341,0.17309721,0.22181986
61.1549,-107.8575,59.705,-107.911,D,2016,07,03,2016-07-03,328.4,0,28.9,305.2,0,-2.2940905,1.8357549,289.73288,289.28745,291.31232,286.48566,277.82483,1.0,0.0,0.12249373,0.15967341,0.17309721,0.22181986
60.9327,-108.7434,59.705,-107.911,D,2016,07,03,2016-07-03,402.0,87,348.5,316.2,0,-2.2940905,1.8357549,289.73288,289.28745,291.31232,286.48566,277.82483,1.0,0.0,0.12249373,0.15967341,0.17309721,0.22181986
60.9142,-108.7591,59.705,-107.911,D,2016,07,03,2016-07-03,347.0,79,58.2,305.4,0,-2.2940905,1.8357549,289.73288,289.28745,291.31232,286.48566,277.82483,1.0,0.0,0.12249373,0.15967341,0.17309721,0.22181986
61.043,-110.2415,59.705,-107.911,D,2016,07,03,2016-07-03,323.0,0,15.8,299.5,0,-2.2940905,1.8357549,289.73288,289.28745,291.31232,286.48566,277.82483,1.0,0.0,0.12249373,0.15967341,0.17309721,0.22181986
61.002,-110.2121,59.705,-107.911,D,2016,07,03,2016-07-03,332.0,0,27.1,303.5,0,-2.2940905,1.8357549,289.73288,289.28745,291.31232,286.48566,277.82483,1.0,0.0,0.12249373,0.15967341,0.17309721,0.22181986
60.8558,-108.7589,59.705,-107.911,D,2016,07,03,2016-07-03,328.1,54,26.8,306.0,0,-2.2940905,1.8357549,289.73288,289.28745,291.31232,286.48566,277.82483,1.0,0.0,0.12249373,0.15967341,0.17309721,0.22181986
60.8577,-108.7941,59.705,-107.911,D,2016,07,03,2016-07-03,337.0,81,41.3,307.9,0,-2.2940905,1.8357549,289.73288,289.28745,291.31232,286.48566,277.82483,1.0,0.0,0.12249373,0.15967341,0.17309721,0.22181986
60.8671,-108.8025,59.705,-107.911,D,2016,07,03,2016-07-03,343.0,92,56.4,307.3,1,-2.2940905,1.8357549,289.73288,289.28745,291.31232,286.48566,277.82483,1.0,0.0,0.12249373,0.15967341,0.17309721,0.22181986
60.8814,-108.7884,59.705,-107.911,D,2016,07,03,2016-07-03,342.2,91,49.9,307.3,1,-2.2940905,1.8357549,289.73288,289.28745,291.31232,286.48566,277.82483,1.0,0.0,0.12249373,0.15967341,0.17309721,0.22181986
60.8766,-108.8109,59.705,-107.911,D,2016,07,03,2016-07-03,448.4,100,1026.8,331.4,1,-2.2940905,1.8357549,289.73288,289.28745,291.31232,286.48566,277.82483,1.0,0.0,0.12249373,0.15967341,0.17309721,0.22181986
60.8719,-108.8335,59.705,-107.911,D,2016,07,03,2016-07-03,386.9,94,264.2,313.8,1,-2.2940905,1.8357549,289.73288,289.28745,291.31232,286.48566,277.82483,1.0,0.0,0.12249373,0.15967341,0.17309721,0.22181986
61.0919,-107.8141,59.705,-107.911,D,2016,07,03,2016-07-03,336.0,0,34.4,309.2,0,-2.2940905,1.8357549,289.73288,289.28745,291.31232,286.48566,277.82483,1.0,0.0,0.12249373,0.15967341,0.17309721,0.22181986
61.0876,-107.8354,59.705,-107.911,D,2016,07,03,2016-07-03,327.6,52,19.7,306.6,0,-2.2940905,1.8357549,289.73288,289.28745,291.31232,286.48566,277.82483,1.0,0.0,0.12249373,0.15967341,0.17309721,0.22181986
60.9096,-108.7069,59.705,-107.911,D,2016,07,03,2016-07-03,343.6,81,56.9,308.9,0,-2.2940905,1.8357549,289.73288,289.28745,291.31232,286.48566,277.82483,1.0,0.0,0.12249373,0.15967341,0.17309721,0.22181986
60.905,-108.7292,59.705,-107.911,D,2016,07,03,2016-07-03,335.0,40,32.2,310.0,0,-2.2940905,1.8357549,289.73288,289.28745,291.31232,286.48566,277.82483,1.0,0.0,0.12249373,0.15967341,0.17309721,0.22181986
60.9003,-108.7515,59.705,-107.911,D,2016,07,03,2016-07-03,331.1,32,20.2,306.3,0,-2.2940905,1.8357549,289.73288,289.28745,291.31232,286.48566,277.82483,1.0,0.0,0.12249373,0.15967341,0.17309721,0.22181986
60.8956,-108.7742,59.705,-107.911,D,2016,07,03,2016-07-03,343.6,82,53.5,308.1,0,-2.2940905,1.8357549,289.73288,289.28745,291.31232,286.48566,277.82483,1.0,0.0,0.12249373,0.15967341,0.17309721,0.22181986
60.8908,-108.7968,59.705,-107.911,D,2016,07,03,2016-07-03,365.8,100,136.2,310.0,1,-2.2940905,1.8357549,289.73288,289.28745,291.31232,286.48566,277.82483,1.0,0.0,0.12249373,0.15967341,0.17309721,0.22181986
60.8861,-108.8193,59.705,-107.911,D,2016,07,03,2016-07-03,360.2,100,116.1,305.1,1,-2.2940905,1.8357549,289.73288,289.28745,291.31232,286.48566,277.82483,1.0,0.0,0.12249373,0.15967341,0.17309721,0.22181986
60.8813,-108.842,59.705,-107.911,D,2016,07,03,2016-07-03,326.4,72,24.4,303.4,0,-2.2940905,1.8357549,289.73288,289.28745,291.31232,286.48566,277.82483,1.0,0.0,0.12249373,0.15967341,0.17309721,0.22181986
60.9191,-108.7153,59.705,-107.911,D,2016,07,03,2016-07-03,349.0,89,73.1,307.2,0,-2.2940905,1.8357549,289.73288,289.28745,291.31232,286.48566,277.82483,1.0,0.0,0.12249373,0.15967341,0.17309721,0.22181986
60.9144,-108.7377,59.705,-107.911,D,2016,07,03,2016-07-03,370.7,87,157.4,313.7,0,-2.2940905,1.8357549,289.73288,289.28745,291.31232,286.48566,277.82483,1.0,0.0,0.12249373,0.15967341,0.17309721,0.22181986
60.9097,-108.7602,59.705,-107.911,D,2016,07,03,2016-07-03,343.1,75,58.0,306.3,0,-2.2940905,1.8357549,289.73288,289.28745,291.31232,286.48566,277.82483,1.0,0.0,0.12249373,0.15967341,0.17309721,0.22181986
60.905,-108.7827,59.705,-107.911,D,2016,07,03,2016-07-03,362.1,94,121.7,311.8,1,-2.2940905,1.8357549,289.73288,289.28745,291.31232,286.48566,277.82483,1.0,0.0,0.12249373,0.15967341,0.17309721,0.22181986
60.9003,-108.8053,59.705,-107.911,D,2016,07,03,2016-07-03,335.3,65,40.0,306.4,0,-2.2940905,1.8357549,289.73288,289.28745,291.31232,286.48566,277.82483,1.0,0.0,0.12249373,0.15967341,0.17309721,0.22181986
60.9285,-108.7237,59.705,-107.911,D,2016,07,03,2016-07-03,353.2,73,92.3,303.9,0,-2.2940905,1.8357549,289.73288,289.28745,291.31232,286.48566,277.82483,1.0,0.0,0.12249373,0.15967341,0.17309721,0.22181986
60.9144,-108.7912,59.705,-107.911,D,2016,07,03,2016-07-03,350.1,72,85.8,306.2,0,-2.2940905,1.8357549,289.73288,289.28745,291.31232,286.48566,277.82483,1.0,0.0,0.12249373,0.15967341,0.17309721,0.22181986
61.1507,-107.8451,59.705,-107.911,D,2016,07,03,2016-07-03,336.9,0,41.6,308.2,0,-2.2940905,1.8357549,289.73288,289.28745,291.31232,286.48566,277.82483,1.0,0.0,0.12249373,0.15967341,0.17309721,0.22181986
61.1642,-107.8319,59.705,-107.911,D,2016,07,03,2016-07-03,321.2,55,15.9,302.8,0,-2.2940905,1.8357549,289.73288,289.28745,291.31232,286.48566,277.82483,1.0,0.0,0.12249373,0.15967341,0.17309721,0.22181986
61.1599,-107.8531,59.705,-107.911,D,2016,07,03,2016-07-03,327.9,61,26.6,303.7,0,-2.2940905,1.8357549,289.73288,289.28745,291.31232,286.48566,277.82483,1.0,0.0,0.12249373,0.15967341,0.17309721,0.22181986
61.0512,-110.2395,59.705,-107.911,D,2016,07,03,2016-07-03,321.4,0,23.9,299.1,0,-2.2940905,1.8357549,289.73288,289.28745,291.31232,286.48566,277.82483,1.0,0.0,0.12249373,0.15967341,0.17309721,0.22181986
60.8587,-108.8005,59.705,-107.911,D,2016,07,03,2016-07-03,323.6,28,75.0,303.2,0,-2.2940905,1.8357549,289.73288,289.28745,291.31232,286.48566,277.82483,1.0,0.0,0.12249373,0.15967341,0.17309721,0.22181986
60.8718,-108.8101,59.705,-107.911,D,2016,07,03,2016-07-03,334.0,27,135.7,305.5,0,-2.2940905,1.8357549,289.73288,289.28745,291.31232,286.48566,277.82483,1.0,0.0,0.12249373,0.15967341,0.17309721,0.22181986
60.8871,-108.811,59.705,-107.911,D,2016,07,03,2016-07-03,338.4,85,179.2,303.8,0,-2.2940905,1.8357549,289.73288,289.28745,291.31232,286.48566,277.82483,1.0,0.0,0.12249373,0.15967341,0.17309721,0.22181986
60.9034,-108.7528,59.705,-107.911,D,2016,07,03,2016-07-03,350.2,50,274.4,305.7,0,-2.2940905,1.8357549,289.73288,289.28745,291.31232,286.48566,277.82483,1.0,0.0,0.12249373,0.15967341,0.17309721,0.22181986
60.9187,-108.7532,59.705,-107.911,D,2016,07,03,2016-07-03,381.8,87,824.1,309.3,0,-2.2940905,1.8357549,289.73288,289.28745,291.31232,286.48566,277.82483,1.0,0.0,0.12249373,0.15967341,0.17309721,0.22181986
60.9341,-108.7541,59.705,-107.911,D,2016,07,03,2016-07-03,383.3,87,885.8,302.7,0,-2.2940905,1.8357549,289.73288,289.28745,291.31232,286.48566,277.82483,1.0,0.0,0.12249373,0.15967341,0.17309721,0.22181986
60.9331,-108.8137,59.705,-107.911,D,2016,07,03,2016-07-03,324.5,61,93.6,298.8,0,-2.2940905,1.8357549,289.73288,289.28745,291.31232,286.48566,277.82483,1.0,0.0,0.12249373,0.15967341,0.17309721,0.22181986
60.93,-108.6979,59.705,-107.911,D,2016,07,03,2016-07-03,321.3,51,68.5,300.7,0,-2.2940905,1.8357549,289.73288,289.28745,291.31232,286.48566,277.82483,1.0,0.0,0.12249373,0.15967341,0.17309721,0.22181986
61.1702,-107.902,59.705,-107.911,D,2016,07,03,2016-07-03,359.7,0,485.4,302.1,0,-2.2940905,1.8357549,289.73288,289.28745,291.31232,286.48566,277.82483,1.0,0.0,0.12249373,0.15967341,0.17309721,0.22181986
61.1621,-107.9063,59.705,-107.911,D,2016,07,03,2016-07-03,360.1,0,490.5,303.7,0,-2.2940905,1.8357549,289.73288,289.28745,291.31232,286.48566,277.82483,1.0,0.0,0.12249373,0.15967341,0.17309721,0.22181986
61.178,-107.9072,59.705,-107.911,D,2016,07,03,2016-07-03,312.1,0,34.5,298.4,0,-2.2940905,1.8357549,289.73288,289.28745,291.31232,286.48566,277.82483,1.0,0.0,0.12249373,0.15967341,0.17309721,0.22181986
60.9326,-108.731,58.956,-108.065,D,2016,07,04,2016-07-04,310.4,26,79.7,290.7,0,-3.2110984,1.2146213,290.9464,291.06876,292.64615,287.9517,279.73123,1.0,0.0,0.07072306,0.12071097,0.1388737,0.21333489
60.8674,-108.8182,59.401,-107.336,N,2016,07,04,2016-07-04,374.1,100,130.9,300.0,1,-3.8792648,1.2459546,300.4803,298.695,292.95886,287.00946,278.2107,1.0,1.7245534e-06,0.06719048,0.12428849,0.1468583,0.21322587
61.2203,-110.6304,59.401,-107.336,N,2016,07,04,2016-07-04,300.6,23,4.8,288.8,0,-3.8792648,1.2459546,300.4803,298.695,292.95886,287.00946,278.2107,1.0,1.7245534e-06,0.06719048,0.12428849,0.1468583,0.21322587
60.8761,-108.8235,59.401,-107.336,N,2016,07,04,2016-07-04,360.7,100,87.2,296.9,1,-3.8792648,1.2459546,300.4803,298.695,292.95886,287.00946,278.2107,1.0,1.7245534e-06,0.06719048,0.12428849,0.1468583,0.21322587
60.8689,-108.7415,59.401,-107.336,N,2016,07,04,2016-07-04,316.3,93,16.1,288.8,1,-3.8792648,1.2459546,300.4803,298.695,292.95886,287.00946,278.2107,1.0,1.7245534e-06,0.06719048,0.12428849,0.1468583,0.21322587
60.8664,-108.7594,59.401,-107.336,N,2016,07,04,2016-07-04,305.6,40,7.6,287.2,0,-3.8792648,1.2459546,300.4803,298.695,292.95886,287.00946,278.2107,1.0,1.7245534e-06,0.06719048,0.12428849,0.1468583,0.21322587
60.8613,-108.7951,59.401,-107.336,N,2016,07,04,2016-07-04,317.5,78,15.9,289.8,0,-3.8792648,1.2459546,300.4803,298.695,292.95886,287.00946,278.2107,1.0,1.7245534e-06,0.06719048,0.12428849,0.1468583,0.21322587
60.8587,-108.8129,59.401,-107.336,N,2016,07,04,2016-07-04,328.4,100,27.7,290.6,1,-3.8792648,1.2459546,300.4803,298.695,292.95886,287.00946,278.2107,1.0,1.7245534e-06,0.06719048,0.12428849,0.1468583,0.21322587
60.8648,-108.836,59.401,-107.336,N,2016,07,04,2016-07-04,318.3,97,16.7,289.5,1,-3.8792648,1.2459546,300.4803,298.695,292.95886,287.00946,278.2107,1.0,1.7245534e-06,0.06719048,0.12428849,0.1468583,0.21322587
60.8577,-108.7541,59.401,-107.336,N,2016,07,04,2016-07-04,312.9,86,12.5,288.0,0,-3.8792648,1.2459546,300.4803,298.695,292.95886,287.00946,278.2107,1.0,1.7245534e-06,0.06719048,0.12428849,0.1468583,0.21322587
60.9983,-110.2253,59.401,-107.336,N,2016,07,04,2016-07-04,301.5,41,5.3,287.7,0,-3.8792648,1.2459546,300.4803,298.695,292.95886,287.00946,278.2107,1.0,1.7245534e-06,0.06719048,0.12428849,0.1468583,0.21322587
61.1913,-107.9081,59.401,-107.336,N,2016,07,04,2016-07-04,309.8,78,11.0,287.6,0,-3.8792648,1.2459546,300.4803,298.695,292.95886,287.00946,278.2107,1.0,1.7245534e-06,0.06719048,0.12428849,0.1468583,0.21322587
61.1674,-107.8743,59.401,-107.336,N,2016,07,04,2016-07-04,307.6,64,9.4,288.0,0,-3.8792648,1.2459546,300.4803,298.695,292.95886,287.00946,278.2107,1.0,1.7245534e-06,0.06719048,0.12428849,0.1468583,0.21322587
61.1699,-107.856,59.401,-107.336,N,2016,07,04,2016-07-04,308.7,56,10.0,286.9,0,-3.8792648,1.2459546,300.4803,298.695,292.95886,287.00946,278.2107,1.0,1.7245534e-06,0.06719048,0.12428849,0.1468583,0.21322587
61.0928,-107.9428,59.401,-107.336,N,2016,07,04,2016-07-04,300.7,33,5.8,286.8,0,-3.8792648,1.2459546,300.4803,298.695,292.95886,287.00946,278.2107,1.0,1.7245534e-06,0.06719048,0.12428849,0.1468583,0.21322587
61.0953,-107.9246,59.401,-107.336,N,2016,07,04,2016-07-04,320.7,100,21.1,288.5,1,-3.8792648,1.2459546,300.4803,298.695,292.95886,287.00946,278.2107,1.0,1.7245534e-06,0.06719048,0.12428849,0.1468583,0.21322587
61.0964,-107.8463,59.401,-107.336,N,2016,07,04,2016-07-04,300.6,30,5.7,285.8,0,-3.8792648,1.2459546,300.4803,298.695,292.95886,287.00946,278.2107,1.0,1.7245534e-06,0.06719048,0.12428849,0.1468583,0.21322587
60.9323,-108.7607,59.401,-107.336,N,2016,07,04,2016-07-04,375.6,100,135.9,297.7,1,-3.8792648,1.2459546,300.4803,298.695,292.95886,287.00946,278.2107,1.0,1.7245534e-06,0.06719048,0.12428849,0.1468583,0.21322587
60.921,-108.7733,59.401,-107.336,N,2016,07,04,2016-07-04,320.5,33,16.3,290.2,0,-3.8792648,1.2459546,300.4803,298.695,292.95886,287.00946,278.2107,1.0,1.7245534e-06,0.06719048,0.12428849,0.1468583,0.21322587
60.9236,-108.7554,59.401,-107.336,N,2016,07,04,2016-07-04,351.7,100,63.8,295.3,1,-3.8792648,1.2459546,300.4803,298.695,292.95886,287.00946,278.2107,1.0,1.7245534e-06,0.06719048,0.12428849,0.1468583,0.21322587
60.8909,-108.852,59.401,-107.336,N,2016,07,04,2016-07-04,307.6,72,8.8,289.3,0,-3.8792648,1.2459546,300.4803,298.695,292.95886,287.00946,278.2107,1.0,1.7245534e-06,0.06719048,0.12428849,0.1468583,0.21322587
60.8735,-108.8413,59.401,-107.336,N,2016,07,04,2016-07-04,322.1,81,19.2,290.4,0,-3.8792648,1.2459546,300.4803,298.695,292.95886,287.00946,278.2107,1.0,1.7245534e-06,0.06719048,0.12428849,0.1468583,0.21322587
60.9287,-108.7476,59.401,-107.336,N,2016,07,04,2016-07-04,310.7,81,52.3,286.2,0,-3.8792648,1.2459546,300.4803,298.695,292.95886,287.00946,278.2107,1.0,1.7245534e-06,0.06719048,0.12428849,0.1468583,0.21322587
60.929,-108.7539,59.401,-107.336,N,2016,07,04,2016-07-04,308.8,76,20.5,286.1,0,-3.8792648,1.2459546,300.4803,298.695,292.95886,287.00946,278.2107,1.0,1.7245534e-06,0.06719048,0.12428849,0.1468583,0.21322587
61.5226,-112.4425,58.956,-108.065,D,2016,07,04,2016-07-04,315.7,0,18.3,299.8,0,-3.2110984,1.2146213,290.9464,291.06876,292.64615,287.9517,279.73123,1.0,0.0,0.07072306,0.12071097,0.1388737,0.21333489
60.8588,-108.7532,58.956,-108.065,D,2016,07,04,2016-07-04,368.7,75,165.2,303.4,0,-3.2110984,1.2146213,290.9464,291.06876,292.64615,287.9517,279.73123,1.0,0.0,0.07072306,0.12071097,0.1388737,0.21333489
60.8635,-108.8036,58.956,-108.065,D,2016,07,04,2016-07-04,356.5,85,110.5,303.8,0,-3.2110984,1.2146213,290.9464,291.06876,292.64615,287.9517,279.73123,1.0,0.0,0.07072306,0.12071097,0.1388737,0.21333489
60.8658,-108.8288,58.956,-108.065,D,2016,07,04,2016-07-04,336.0,83,46.6,298.9,0,-3.2110984,1.2146213,290.9464,291.06876,292.64615,287.9517,279.73123,1.0,0.0,0.07072306,0.12071097,0.1388737,0.21333489
60.9856,-110.2243,58.956,-108.065,D,2016,07,04,2016-07-04,378.1,100,0.0,303.8,1,-3.2110984,1.2146213,290.9464,291.06876,292.64615,287.9517,279.73123,1.0,0.0,0.07072306,0.12071097,0.1388737,0.21333489
60.8706,-108.8211,58.956,-108.065,D,2016,07,04,2016-07-04,335.8,80,43.6,298.1,0,-3.2110984,1.2146213,290.9464,291.06876,292.64615,287.9517,279.73123,1.0,0.0,0.07072306,0.12071097,0.1388737,0.21333489
60.986,-110.2184,58.956,-108.065,D,2016,07,04,2016-07-04,373.5,100,0.0,303.9,1,-3.2110984,1.2146213,290.9464,291.06876,292.64615,287.9517,279.73123,1.0,0.0,0.07072306,0.12071097,0.1388737,0.21333489
60.8891,-108.7882,58.956,-108.065,D,2016,07,04,2016-07-04,345.9,93,66.7,302.9,1,-3.2110984,1.2146213,290.9464,291.06876,292.64615,287.9517,279.73123,1.0,0.0,0.07072306,0.12071097,0.1388737,0.21333489
60.9076,-108.7551,58.956,-108.065,D,2016,07,04,2016-07-04,336.3,72,36.7,302.6,0,-3.2110984,1.2146213,290.9464,291.06876,292.64615,287.9517,279.73123,1.0,0.0,0.07072306,0.12071097,0.1388737,0.21333489
60.918,-108.7514,58.956,-108.065,D,2016,07,04,2016-07-04,333.2,73,32.4,302.6,0,-3.2110984,1.2146213,290.9464,291.06876,292.64615,287.9517,279.73123,1.0,0.0,0.07072306,0.12071097,0.1388737,0.21333489
60.926,-108.7224,58.956,-108.065,D,2016,07,04,2016-07-04,338.5,69,48.6,303.9,0,-3.2110984,1.2146213,290.9464,291.06876,292.64615,287.9517,279.73123,1.0,0.0,0.07072306,0.12071097,0.1388737,0.21333489
60.9283,-108.7476,58.956,-108.065,D,2016,07,04,2016-07-04,346.1,70,69.7,305.5,0,-3.2110984,1.2146213,290.9464,291.06876,292.64615,287.9517,279.73123,1.0,0.0,0.07072306,0.12071097,0.1388737,0.21333489
60.9306,-108.7729,58.956,-108.065,D,2016,07,04,2016-07-04,391.7,87,318.8,309.2,0,-3.2110984,1.2146213,290.9464,291.06876,292.64615,287.9517,279.73123,1.0,0.0,0.07072306,0.12071097,0.1388737,0.21333489
61.0564,-110.2548,58.956,-108.065,D,2016,07,04,2016-07-04,317.3,0,16.1,299.6,0,-3.2110984,1.2146213,290.9464,291.06876,292.64615,287.9517,279.73123,1.0,0.0,0.07072306,0.12071097,0.1388737,0.21333489
61.222,-110.6397,58.956,-108.065,D,2016,07,04,2016-07-04,340.7,65,70.1,301.8,0,-3.2110984,1.2146213,290.9464,291.06876,292.64615,287.9517,279.73123,1.0,0.0,0.07072306,0.12071097,0.1388737,0.21333489
61.2309,-110.6063,58.956,-108.065,D,2016,07,04,2016-07-04,341.7,0,75.4,303.8,0,-3.2110984,1.2146213,290.9464,291.06876,292.64615,287.9517,279.73123,1.0,0.0,0.07072306,0.12071097,0.1388737,0.21333489
61.5164,-112.4135,58.956,-108.065,D,2016,07,04,2016-07-04,336.8,67,79.7,300.9,0,-3.2110984,1.2146213,290.9464,291.06876,292.64615,287.9517,279.73123,1.0,0.0,0.07072306,0.12071097,0.1388737,0.21333489
59.7198,-109.5252,58.956,-108.065,D,2016,07,04,2016-07-04,346.8,0,76.6,301.2,0,-3.2110984,1.2146213,290.9464,291.06876,292.64615,287.9517,279.73123,1.0,0.0,0.07072306,0.12071097,0.1388737,0.21333489
59.7086,-109.5104,58.956,-108.065,D,2016,07,04,2016-07-04,317.8,0,98.3,294.7,0,-3.2110984,1.2146213,290.9464,291.06876,292.64615,287.9517,279.73123,1.0,0.0,0.07072306,0.12071097,0.1388737,0.21333489
60.8551,-108.8367,58.956,-108.065,D,2016,07,04,2016-07-04,331.2,30,162.5,293.0,0,-3.2110984,1.2146213,290.9464,291.06876,292.64615,287.9517,279.73123,1.0,0.0,0.07072306,0.12071097,0.1388737,0.21333489
60.9261,-108.7801,58.956,-108.065,D,2016,07,04,2016-07-04,331.1,29,161.6,293.3,0,-3.2110984,1.2146213,290.9464,291.06876,292.64615,287.9517,279.73123,1.0,0.0,0.07072306,0.12071097,0.1388737,0.21333489
61.5126,-112.4471,58.956,-108.065,D,2016,07,04,2016-07-04,345.4,0,123.7,302.0,0,-3.2110984,1.2146213,290.9464,291.06876,292.64615,287.9517,279.73123,1.0,0.0,0.07072306,0.12071097,0.1388737,0.21333489
61.199,-110.6374,58.956,-108.065,D,2016,07,04,2016-07-04,412.5,0,336.7,314.2,0,-3.2110984,1.2146213,290.9464,291.06876,292.64615,287.9517,279.73123,1.0,0.0,0.07072306,0.12071097,0.1388737,0.21333489
59.0133,-111.8544,58.956,-108.065,D,2016,07,04,2016-07-04,336.6,81,30.9,297.2,0,-3.2110984,1.2146213,290.9464,291.06876,292.64615,287.9517,279.73123,1.0,0.0,0.07072306,0.12071097,0.1388737,0.21333489
59.0378,-111.8203,58.956,-108.065,D,2016,07,04,2016-07-04,377.5,100,134.7,305.8,1,-3.2110984,1.2146213,290.9464,291.06876,292.64615,287.9517,279.73123,1.0,0.0,0.07072306,0.12071097,0.1388737,0.21333489
59.049,-111.8085,58.956,-108.065,D,2016,07,04,2016-07-04,333.3,79,24.3,299.3,0,-3.2110984,1.2146213,290.9464,291.06876,292.64615,287.9517,279.73123,1.0,0.0,0.07072306,0.12071097,0.1388737,0.21333489
59.0464,-111.8254,58.956,-108.065,D,2016,07,04,2016-07-04,327.1,47,16.2,302.9,0,-3.2110984,1.2146213,290.9464,291.06876,292.64615,287.9517,279.73123,1.0,0.0,0.07072306,0.12071097,0.1388737,0.21333489
59.7031,-109.4405,58.956,-108.065,D,2016,07,04,2016-07-04,368.2,75,106.4,303.0,0,-3.2110984,1.2146213,290.9464,291.06876,292.64615,287.9517,279.73123,1.0,0.0,0.07072306,0.12071097,0.1388737,0.21333489
59.6961,-109.4939,58.956,-108.065,D,2016,07,04,2016-07-04,335.2,0,26.3,302.0,0,-3.2110984,1.2146213,290.9464,291.06876,292.64615,287.9517,279.73123,1.0,0.0,0.07072306,0.12071097,0.1388737,0.21333489
59.6938,-109.5117,58.956,-108.065,D,2016,07,04,2016-07-04,365.0,87,94.0,304.0,0,-3.2110984,1.2146213,290.9464,291.06876,292.64615,287.9517,279.73123,1.0,0.0,0.07072306,0.12071097,0.1388737,0.21333489
59.7003,-109.534,58.956,-108.065,D,2016,07,04,2016-07-04,348.9,68,51.8,304.3,0,-3.2110984,1.2146213,290.9464,291.06876,292.64615,287.9517,279.73123,1.0,0.0,0.07072306,0.12071097,0.1388737,0.21333489
60.5605,-113.8811,58.956,-108.065,D,2016,07,04,2016-07-04,310.3,25,4.6,298.7,0,-3.2110984,1.2146213,290.9464,291.06876,292.64615,287.9517,279.73123,1.0,0.0,0.07072306,0.12071097,0.1388737,0.21333489
61.196,-110.5163,58.956,-108.065,D,2016,07,04,2016-07-04,324.7,0,15.1,303.1,0,-3.2110984,1.2146213,290.9464,291.06876,292.64615,287.9517,279.73123,1.0,0.0,0.07072306,0.12071097,0.1388737,0.21333489
61.1936,-110.5348,58.956,-108.065,D,2016,07,04,2016-07-04,319.6,0,10.3,299.3,0,-3.2110984,1.2146213,290.9464,291.06876,292.64615,287.9517,279.73123,1.0,0.0,0.07072306,0.12071097,0.1388737,0.21333489
61.2103,-110.6239,58.956,-108.065,D,2016,07,04,2016-07-04,359.4,86,73.7,300.1,0,-3.2110984,1.2146213,290.9464,291.06876,292.64615,287.9517,279.73123,1.0,0.0,0.07072306,0.12071097,0.1388737,0.21333489
61.2078,-110.6424,58.956,-108.065,D,2016,07,04,2016-07-04,447.7,87,691.4,320.6,0,-3.2110984,1.2146213,290.9464,291.06876,292.64615,287.9517,279.73123,1.0,0.0,0.07072306,0.12071097,0.1388737,0.21333489
61.2191,-110.629,58.956,-108.065,D,2016,07,04,2016-07-04,358.4,93,72.8,304.9,1,-3.2110984,1.2146213,290.9464,291.06876,292.64615,287.9517,279.73123,1.0,0.0,0.07072306,0.12071097,0.1388737,0.21333489
61.2166,-110.6475,58.956,-108.065,D,2016,07,04,2016-07-04,357.5,75,70.8,302.7,0,-3.2110984,1.2146213,290.9464,291.06876,292.64615,287.9517,279.73123,1.0,0.0,0.07072306,0.12071097,0.1388737,0.21333489
61.2279,-110.634,58.956,-108.065,D,2016,07,04,2016-07-04,377.0,0,134.1,309.9,0,-3.2110984,1.2146213,290.9464,291.06876,292.64615,287.9517,279.73123,1.0,0.0,0.07072306,0.12071097,0.1388737,0.21333489
61.2706,-110.6655,58.956,-108.065,D,2016,07,04,2016-07-04,370.5,100,0.0,302.5,1,-3.2110984,1.2146213,290.9464,291.06876,292.64615,287.9517,279.73123,1.0,0.0,0.07072306,0.12071097,0.1388737,0.21333489
61.3054,-110.5457,58.956,-108.065,D,2016,07,04,2016-07-04,372.2,100,0.0,306.3,1,-3.2110984,1.2146213,290.9464,291.06876,292.64615,287.9517,279.73123,1.0,0.0,0.07072306,0.12071097,0.1388737,0.21333489
61.3304,-110.4999,58.956,-108.065,D,2016,07,04,2016-07-04,378.4,100,0.0,315.6,1,-3.2110984,1.2146213,290.9464,291.06876,292.64615,287.9517,279.73123,1.0,0.0,0.07072306,0.12071097,0.1388737,0.21333489
61.3416,-110.4864,58.956,-108.065,D,2016,07,04,2016-07-04,420.1,100,0.0,314.0,1,-3.2110984,1.2146213,290.9464,291.06876,292.64615,287.9517,279.73123,1.0,0.0,0.07072306,0.12071097,0.1388737,0.21333489
61.3343,-110.5423,58.956,-108.065,D,2016,07,04,2016-07-04,382.8,100,0.0,309.3,1,-3.2110984,1.2146213,290.9464,291.06876,292.64615,287.9517,279.73123,1.0,0.0,0.07072306,0.12071097,0.1388737,0.21333489
61.3646,-110.5851,58.956,-108.065,D,2016,07,04,2016-07-04,445.8,100,0.0,314.7,1,-3.2110984,1.2146213,290.9464,291.06876,292.64615,287.9517,279.73123,1.0,0.0,0.07072306,0.12071097,0.1388737,0.21333489
61.5024,-112.4426,58.956,-108.065,D,2016,07,04,2016-07-04,317.8,60,7.2,300.4,0,-3.2110984,1.2146213,290.9464,291.06876,292.64615,287.9517,279.73123,1.0,0.0,0.07072306,0.12071097,0.1388737,0.21333489
61.5137,-112.43,58.956,-108.065,D,2016,07,04,2016-07-04,434.8,75,524.6,327.2,0,-3.2110984,1.2146213,290.9464,291.06876,292.64615,287.9517,279.73123,1.0,0.0,0.07072306,0.12071097,0.1388737,0.21333489
61.511,-112.4481,58.956,-108.065,D,2016,07,04,2016-07-04,379.1,100,140.4,313.4,1,-3.2110984,1.2146213,290.9464,291.06876,292.64615,287.9517,279.73123,1.0,0.0,0.07072306,0.12071097,0.1388737,0.21333489
61.5197,-112.4537,58.956,-108.065,D,2016,07,04,2016-07-04,390.9,100,194.3,310.4,1,-3.2110984,1.2146213,290.9464,291.06876,292.64615,287.9517,279.73123,1.0,0.0,0.07072306,0.12071097,0.1388737,0.21333489
61.5223,-112.4356,58.956,-108.065,D,2016,07,04,2016-07-04,387.3,87,175.8,307.1,0,-3.2110984,1.2146213,290.9464,291.06876,292.64615,287.9517,279.73123,1.0,0.0,0.07072306,0.12071097,0.1388737,0.21333489
61.505,-112.4244,58.956,-108.065,D,2016,07,04,2016-07-04,326.7,0,16.8,296.0,0,-3.2110984,1.2146213,290.9464,291.06876,292.64615,287.9517,279.73123,1.0,0.0,0.07072306,0.12071097,0.1388737,0.21333489
63.4185,-116.0451,57.55,-115.711,N,2016,07,05,2016-07-05,310.2,79,13.0,291.7,0,-0.48766991,-0.16170305,294.0424,292.28952,287.99167,284.318,274.78845,3.0,2.010256e-05,0.4089443,0.39982453,0.36559072,0.36031792
63.4114,-116.0446,61.351,-115.715,D,2016,07,05,2016-07-05,314.3,57,10.1,296.8,0,-0.23723954,0.283813,289.18332,287.0422,290.24268,288.17627,283.17932,0.0,0.0,0.04094707,0.07884908,0.07353557,0.099351756
63.421,-116.0397,61.351,-115.715,D,2016,07,05,2016-07-05,340.4,91,50.1,298.4,1,-0.23723954,0.283813,289.18332,287.0422,290.24268,288.17627,283.17932,0.0,0.0,0.04094707,0.07884908,0.07353557,0.099351756
63.4216,-116.0323,61.351,-115.715,D,2016,07,05,2016-07-05,337.4,77,43.3,298.1,0,-0.23723954,0.283813,289.18332,287.0422,290.24268,288.17627,283.17932,0.0,0.0,0.04094707,0.07884908,0.07353557,0.099351756
63.4241,-116.056,61.351,-115.715,D,2016,07,05,2016-07-05,323.8,0,20.5,296.6,0,-0.23723954,0.283813,289.18332,287.0422,290.24268,288.17627,283.17932,0.0,0.0,0.04094707,0.07884908,0.07353557,0.099351756
63.4134,-116.02,61.351,-115.715,D,2016,07,05,2016-07-05,322.5,0,53.6,293.1,0,-0.23723954,0.283813,289.18332,287.0422,290.24268,288.17627,283.17932,0.0,0.0,0.04094707,0.07884908,0.07353557,0.099351756
63.4027,-116.0574,61.351,-115.715,D,2016,07,05,2016-07-05,324.2,0,54.0,294.6,0,-0.23723954,0.283813,289.18332,287.0422,290.24268,288.17627,283.17932,0.0,0.0,0.04094707,0.07884908,0.07353557,0.099351756
64.249,-119.2707,61.351,-115.715,D,2016,07,05,2016-07-05,321.8,60,34.8,300.9,0,-0.23723954,0.283813,289.18332,287.0422,290.24268,288.17627,283.17932,0.0,0.0,0.04094707,0.07884908,0.07353557,0.099351756
64.2385,-119.286,61.351,-115.715,D,2016,07,05,2016-07-05,361.0,87,219.9,302.1,0,-0.23723954,0.283813,289.18332,287.0422,290.24268,288.17627,283.17932,0.0,0.0,0.04094707,0.07884908,0.07353557,0.099351756
64.2288,-119.2512,61.351,-115.715,D,2016,07,05,2016-07-05,336.5,67,80.4,300.8,0,-0.23723954,0.283813,289.18332,287.0422,290.24268,288.17627,283.17932,0.0,0.0,0.04094707,0.07884908,0.07353557,0.099351756
65.1063,-124.1778,61.351,-115.715,D,2016,07,05,2016-07-05,315.6,0,12.8,296.6,0,-0.23723954,0.283813,289.18332,287.0422,290.24268,288.17627,283.17932,0.0,0.0,0.04094707,0.07884908,0.07353557,0.099351756
65.1006,-124.152,61.351,-115.715,D,2016,07,05,2016-07-05,313.4,52,11.0,294.6,0,-0.23723954,0.283813,289.18332,287.0422,290.24268,288.17627,283.17932,0.0,0.0,0.04094707,0.07884908,0.07353557,0.099351756
62.8478,-124.8419,61.351,-115.715,D,2016,07,05,2016-07-05,310.9,40,17.5,294.4,0,-0.23723954,0.283813,289.18332,287.0422,290.24268,288.17627,283.17932,0.0,0.0,0.04094707,0.07884908,0.07353557,0.099351756
62.3893,-123.132,61.351,-115.715,D,2016,07,05,2016-07-05,326.4,83,47.5,295.0,0,-0.23723954,0.283813,289.18332,287.0422,290.24268,288.17627,283.17932,0.0,0.0,0.04094707,0.07884908,0.07353557,0.099351756
63.0045,-134.8907,61.351,-115.715,D,2016,07,05,2016-07-05,331.7,62,24.0,298.7,0,-0.23723954,0.283813,289.18332,287.0422,290.24268,288.17627,283.17932,0.0,0.0,0.04094707,0.07884908,0.07353557,0.099351756
63.013,-134.8844,61.351,-115.715,D,2016,07,05,2016-07-05,367.2,94,97.0,304.0,1,-0.23723954,0.283813,289.18332,287.0422,290.24268,288.17627,283.17932,0.0,0.0,0.04094707,0.07884908,0.07353557,0.099351756
63.0159,-134.9033,61.351,-115.715,D,2016,07,05,2016-07-05,370.9,75,109.1,295.7,0,-0.23723954,0.283813,289.18332,287.0422,290.24268,288.17627,283.17932,0.0,0.0,0.04094707,0.07884908,0.07353557,0.099351756
62.3757,-123.1497,61.351,-115.715,D,2016,07,05,2016-07-05,322.0,78,14.0,300.1,0,-0.23723954,0.283813,289.18332,287.0422,290.24268,288.17627,283.17932,0.0,0.0,0.04094707,0.07884908,0.07353557,0.099351756
62.3889,-123.1244,61.351,-115.715,D,2016,07,05,2016-07-05,325.9,77,17.8,302.4,0,-0.23723954,0.283813,289.18332,287.0422,290.24268,288.17627,283.17932,0.0,0.0,0.04094707,0.07884908,0.07353557,0.099351756
62.3862,-123.1432,61.351,-115.715,D,2016,07,05,2016-07-05,336.6,77,32.2,304.2,0,-0.23723954,0.283813,289.18332,287.0422,290.24268,288.17627,283.17932,0.0,0.0,0.04094707,0.07884908,0.07353557,0.099351756
64.2405,-119.255,61.351,-115.715,D,2016,07,05,2016-07-05,335.7,83,39.3,301.3,0,-0.23723954,0.283813,289.18332,287.0422,290.24268,288.17627,283.17932,0.0,0.0,0.04094707,0.07884908,0.07353557,0.099351756
64.238,-119.2794,61.351,-115.715,D,2016,07,05,2016-07-05,381.3,94,199.9,309.7,1,-0.23723954,0.283813,289.18332,287.0422,290.24268,288.17627,283.17932,0.0,0.0,0.04094707,0.07884908,0.07353557,0.099351756
63.0028,-134.9055,61.351,-115.715,D,2016,07,05,2016-07-05,321.1,47,25.5,295.9,0,-0.23723954,0.283813,289.18332,287.0422,290.24268,288.17627,283.17932,0.0,0.0,0.04094707,0.07884908,0.07353557,0.099351756
63.0192,-134.8885,61.351,-115.715,D,2016,07,05,2016-07-05,363.7,87,168.4,298.9,0,-0.23723954,0.283813,289.18332,287.0422,290.24268,288.17627,283.17932,0.0,0.0,0.04094707,0.07884908,0.07353557,0.099351756
65.1069,-124.1743,61.351,-115.715,D,2016,07,05,2016-07-05,320.9,73,12.3,299.4,0,-0.23723954,0.283813,289.18332,287.0422,290.24268,288.17627,283.17932,0.0,0.0,0.04094707,0.07884908,0.07353557,0.099351756
66.4677,-127.581,61.351,-115.715,D,2016,07,05,2016-07-05,326.5,0,19.6,298.5,0,-0.23723954,0.283813,289.18332,287.0422,290.24268,288.17627,283.17932,0.0,0.0,0.04094707,0.07884908,0.07353557,0.099351756
63.4136,-116.0373,58.354,-115.08,N,2016,07,06,2016-07-06,320.6,100,28.4,290.5,1,-3.264654,-0.9319477,292.61356,292.18353,289.75632,287.29562,279.5586,1.0,2.842171e-14,0.36214715,0.3404225,0.28735054,0.27434027
63.4084,-116.0616,58.354,-115.08,N,2016,07,06,2016-07-06,321.1,100,29.2,290.1,1,-3.264654,-0.9319477,292.61356,292.18353,289.75632,287.29562,279.5586,1.0,2.842171e-14,0.36214715,0.3404225,0.28735054,0.27434027
63.4228,-116.0474,58.354,-115.08,N,2016,07,06,2016-07-06,321.8,100,30.2,291.9,1,-3.264654,-0.9319477,292.61356,292.18353,289.75632,287.29562,279.5586,1.0,2.842171e-14,0.36214715,0.3404225,0.28735054,0.27434027
63.4176,-116.0719,58.354,-115.08,N,2016,07,06,2016-07-06,323.1,100,32.1,290.4,1,-3.264654,-0.9319477,292.61356,292.18353,289.75632,287.29562,279.5586,1.0,2.842171e-14,0.36214715,0.3404225,0.28735054,0.27434027
63.4161,-116.0678,58.354,-115.08,N,2016,07,06,2016-07-06,324.4,100,100.5,289.0,1,-3.264654,-0.9319477,292.61356,292.18353,289.75632,287.29562,279.5586,1.0,2.842171e-14,0.36214715,0.3404225,0.28735054,0.27434027
63.4185,-116.0562,58.354,-115.08,N,2016,07,06,2016-07-06,317.6,95,17.5,289.2,1,-3.264654,-0.9319477,292.61356,292.18353,289.75632,287.29562,279.5586,1.0,2.842171e-14,0.36214715,0.3404225,0.28735054,0.27434027
63.4093,-116.0452,58.354,-115.08,N,2016,07,06,2016-07-06,300.1,14,6.1,286.5,0,-3.264654,-0.9319477,292.61356,292.18353,289.75632,287.29562,279.5586,1.0,2.842171e-14,0.36214715,0.3404225,0.28735054,0.27434027
63.4159,-116.0357,58.354,-115.08,N,2016,07,06,2016-07-06,308.3,45,9.6,287.2,0,-3.264654,-0.9319477,292.61356,292.18353,289.75632,287.29562,279.5586,1.0,2.842171e-14,0.36214715,0.3404225,0.28735054,0.27434027
64.2412,-119.2831,63.744,-117.751,D,2016,07,06,2016-07-06,366.3,87,95.7,310.0,0,-3.0954142,2.697561,289.58585,290.43375,293.15414,286.16125,276.39062,6.0,0.0,0.52692676,0.55494785,0.5736991,0.5757201
64.2443,-119.3027,63.744,-117.751,D,2016,07,06,2016-07-06,383.7,87,161.3,310.0,0,-3.0954142,2.697561,289.58585,290.43375,293.15414,286.16125,276.39062,6.0,0.0,0.52692676,0.55494785,0.5736991,0.5757201
64.2474,-119.3223,63.744,-117.751,D,2016,07,06,2016-07-06,324.9,70,16.3,303.2,0,-3.0954142,2.697561,289.58585,290.43375,293.15414,286.16125,276.39062,6.0,0.0,0.52692676,0.55494785,0.5736991,0.5757201
64.2529,-119.2957,63.744,-117.751,D,2016,07,06,2016-07-06,364.2,94,89.8,313.4,1,-3.0954142,2.697561,289.58585,290.43375,293.15414,286.16125,276.39062,6.0,0.0,0.52692676,0.55494785,0.5736991,0.5757201
64.256,-119.3153,63.744,-117.751,D,2016,07,06,2016-07-06,419.5,94,385.8,320.7,1,-3.0954142,2.697561,289.58585,290.43375,293.15414,286.16125,276.39062,6.0,0.0,0.52692676,0.55494785,0.5736991,0.5757201
64.2591,-119.3349,63.744,-117.751,D,2016,07,06,2016-07-06,377.1,100,135.0,305.8,1,-3.0954142,2.697561,289.58585,290.43375,293.15414,286.16125,276.39062,6.0,0.0,0.52692676,0.55494785,0.5736991,0.5757201
64.2381,-119.2635,63.744,-117.751,D,2016,07,06,2016-07-06,322.6,69,13.1,303.6,0,-3.0954142,2.697561,289.58585,290.43375,293.15414,286.16125,276.39062,6.0,0.0,0.52692676,0.55494785,0.5736991,0.5757201
64.231,-119.3011,63.744,-117.751,D,2016,07,06,2016-07-06,323.9,56,20.3,301.6,0,-3.0954142,2.697561,289.58585,290.43375,293.15414,286.16125,276.39062,6.0,0.0,0.52692676,0.55494785,0.5736991,0.5757201
64.2542,-119.2977,63.744,-117.751,D,2016,07,06,2016-07-06,357.6,86,98.7,304.3,0,-3.0954142,2.697561,289.58585,290.43375,293.15414,286.16125,276.39062,6.0,0.0,0.52692676,0.55494785,0.5736991,0.5757201
64.2492,-119.3212,63.744,-117.751,D,2016,07,06,2016-07-06,393.5,87,291.6,316.1,0,-3.0954142,2.697561,289.58585,290.43375,293.15414,286.16125,276.39062,6.0,0.0,0.52692676,0.55494785,0.5736991,0.5757201
64.2632,-119.3079,63.744,-117.751,D,2016,07,06,2016-07-06,325.4,58,22.1,298.9,0,-3.0954142,2.697561,289.58585,290.43375,293.15414,286.16125,276.39062,6.0,0.0,0.52692676,0.55494785,0.5736991,0.5757201
64.2583,-119.3314,63.744,-117.751,D,2016,07,06,2016-07-06,396.2,100,316.1,305.1,1,-3.0954142,2.697561,289.58585,290.43375,293.15414,286.16125,276.39062,6.0,0.0,0.52692676,0.55494785,0.5736991,0.5757201
64.2533,-119.3551,63.744,-117.751,D,2016,07,06,2016-07-06,314.8,59,10.0,301.4,0,-3.0954142,2.697561,289.58585,290.43375,293.15414,286.16125,276.39062,6.0,0.0,0.52692676,0.55494785,0.5736991,0.5757201
64.237,-119.2715,63.744,-117.751,D,2016,07,06,2016-07-06,338.2,67,45.0,304.8,0,-3.0954142,2.697561,289.58585,290.43375,293.15414,286.16125,276.39062,6.0,0.0,0.52692676,0.55494785,0.5736991,0.5757201
64.236,-119.2775,63.744,-117.751,D,2016,07,06,2016-07-06,335.4,77,41.4,304.6,0,-3.0954142,2.697561,289.58585,290.43375,293.15414,286.16125,276.39062,6.0,0.0,0.52692676,0.55494785,0.5736991,0.5757201
64.2451,-119.2876,63.744,-117.751,D,2016,07,06,2016-07-06,362.9,94,118.2,307.8,1,-3.0954142,2.697561,289.58585,290.43375,293.15414,286.16125,276.39062,6.0,0.0,0.52692676,0.55494785,0.5736991,0.5757201
65.304,-119.5106,63.744,-117.751,D,2016,07,06,2016-07-06,310.2,0,41.9,294.7,0,-3.0954142,2.697561,289.58585,290.43375,293.15414,286.16125,276.39062,6.0,0.0,0.52692676,0.55494785,0.5736991,0.5757201
64.2388,-119.2464,63.744,-117.751,D,2016,07,06,2016-07-06,345.2,0,349.2,296.3,0,-3.0954142,2.697561,289.58585,290.43375,293.15414,286.16125,276.39062,6.0,0.0,0.52692676,0.55494785,0.5736991,0.5757201
64.2502,-119.3325,63.744,-117.751,D,2016,07,06,2016-07-06,329.2,0,174.7,297.0,0,-3.0954142,2.697561,289.58585,290.43375,293.15414,286.16125,276.39062,6.0,0.0,0.52692676,0.55494785,0.5736991,0.5757201
64.2265,-119.2722,63.744,-117.751,D,2016,07,06,2016-07-06,315.4,48,75.4,297.0,0,-3.0954142,2.697561,289.58585,290.43375,293.15414,286.16125,276.39062,6.0,0.0,0.52692676,0.55494785,0.5736991,0.5757201
64.2548,-119.32,63.744,-117.751,D,2016,07,06,2016-07-06,350.0,0,423.2,298.5,0,-3.0954142,2.697561,289.58585,290.43375,293.15414,286.16125,276.39062,6.0,0.0,0.52692676,0.55494785,0.5736991,0.5757201
64.2311,-119.2603,63.744,-117.751,D,2016,07,06,2016-07-06,328.4,0,165.2,297.7,0,-3.0954142,2.697561,289.58585,290.43375,293.15414,286.16125,276.39062,6.0,0.0,0.52692676,0.55494785,0.5736991,0.5757201
64.2623,-119.3064,63.744,-117.751,D,2016,07,06,2016-07-06,357.3,0,541.2,295.3,0,-3.0954142,2.697561,289.58585,290.43375,293.15414,286.16125,276.39062,6.0,0.0,0.52692676,0.55494785,0.5736991,0.5757201
64.2561,-119.2381,63.744,-117.751,D,2016,07,06,2016-07-06,337.4,0,146.9,297.6,0,-3.0954142,2.697561,289.58585,290.43375,293.15414,286.16125,276.39062,6.0,0.0,0.52692676,0.55494785,0.5736991,0.5757201
64.2536,-119.2337,63.744,-117.751,D,2016,07,06,2016-07-06,336.0,0,134.7,298.0,0,-3.0954142,2.697561,289.58585,290.43375,293.15414,286.16125,276.39062,6.0,0.0,0.52692676,0.55494785,0.5736991,0.5757201
64.252,-119.2892,63.744,-117.751,D,2016,07,06,2016-07-06,419.3,0,1592.8,315.0,0,-3.0954142,2.697561,289.58585,290.43375,293.15414,286.16125,276.39062,6.0,0.0,0.52692676,0.55494785,0.5736991,0.5757201
64.2504,-119.3443,63.744,-117.751,D,2016,07,06,2016-07-06,346.8,0,207.9,305.1,0,-3.0954142,2.697561,289.58585,290.43375,293.15414,286.16125,276.39062,6.0,0.0,0.52692676,0.55494785,0.5736991,0.5757201
64.2406,-119.2915,63.744,-117.751,D,2016,07,06,2016-07-06,365.2,0,399.2,309.4,0,-3.0954142,2.697561,289.58585,290.43375,293.15414,286.16125,276.39062,6.0,0.0,0.52692676,0.55494785,0.5736991,0.5757201
64.2547,-119.2935,63.744,-117.751,D,2016,07,06,2016-07-06,406.8,0,1208.3,310.9,0,-3.0954142,2.697561,289.58585,290.43375,293.15414,286.16125,276.39062,6.0,0.0,0.52692676,0.55494785,0.5736991,0.5757201
64.2533,-119.3487,63.744,-117.751,D,2016,07,06,2016-07-06,336.1,68,137.1,303.7,0,-3.0954142,2.697561,289.58585,290.43375,293.15414,286.16125,276.39062,6.0,0.0,0.52692676,0.55494785,0.5736991,0.5757201
63.4199,-116.0719,63.288,-115.609,N,2016,07,07,2016-07-07,321.2,55,18.5,292.3,0,-3.100055,2.1114006,294.64636,296.64087,292.93726,289.7844,279.04147,2.0,0.0,0.095661335,0.15583622,0.18207568,0.25923133
63.4173,-116.0921,63.288,-115.609,N,2016,07,07,2016-07-07,323.4,86,21.5,291.7,0,-3.100055,2.1114006,294.64636,296.64087,292.93726,289.7844,279.04147,2.0,0.0,0.095661335,0.15583622,0.18207568,0.25923133
63.4285,-116.0619,63.288,-115.609,N,2016,07,07,2016-07-07,317.6,95,17.5,289.5,1,-3.100055,2.1114006,294.64636,296.64087,292.93726,289.7844,279.04147,2.0,0.0,0.095661335,0.15583622,0.18207568,0.25923133
64.2553,-119.2837,63.288,-115.609,N,2016,07,07,2016-07-07,323.5,11,19.9,292.6,0,-3.100055,2.1114006,294.64636,296.64087,292.93726,289.7844,279.04147,2.0,0.0,0.095661335,0.15583622,0.18207568,0.25923133
63.425,-116.0316,63.288,-115.609,N,2016,07,07,2016-07-07,326.5,85,24.9,291.0,0,-3.100055,2.1114006,294.64636,296.64087,292.93726,289.7844,279.04147,2.0,0.0,0.095661335,0.15583622,0.18207568,0.25923133
63.4255,-116.0617,63.288,-115.609,N,2016,07,07,2016-07-07,303.3,11,9.5,287.2,0,-3.100055,2.1114006,294.64636,296.64087,292.93726,289.7844,279.04147,2.0,0.0,0.095661335,0.15583622,0.18207568,0.25923133
64.2554,-119.2675,63.288,-115.609,N,2016,07,07,2016-07-07,310.6,32,13.4,286.7,0,-3.100055,2.1114006,294.64636,296.64087,292.93726,289.7844,279.04147,2.0,0.0,0.095661335,0.15583622,0.18207568,0.25923133
63.4212,-116.0945,63.288,-115.609,N,2016,07,07,2016-07-07,313.6,87,19.7,287.4,0,-3.100055,2.1114006,294.64636,296.64087,292.93726,289.7844,279.04147,2.0,0.0,0.095661335,0.15583622,0.18207568,0.25923133
65.7782,-127.5612,64.52,-123.147,D,2016,07,07,2016-07-07,312.9,63,7.1,298.2,0,-3.163296,4.1417646,291.20428,291.71146,292.16577,285.4903,273.39087,6.0,0.0,0.5537896,0.55008584,0.5498053,0.602773
65.9452,-127.0408,64.52,-123.147,D,2016,07,07,2016-07-07,310.2,0,6.3,300.1,0,-3.163296,4.1417646,291.20428,291.71146,292.16577,285.4903,273.39087,6.0,0.0,0.5537896,0.55008584,0.5498053,0.602773
65.7901,-127.5736,64.52,-123.147,D,2016,07,07,2016-07-07,331.0,81,26.0,299.5,0,-3.163296,4.1417646,291.20428,291.71146,292.16577,285.4903,273.39087,6.0,0.0,0.5537896,0.55008584,0.5498053,0.602773
65.7817,-127.5819,64.52,-123.147,D,2016,07,07,2016-07-07,342.1,70,43.5,299.3,0,-3.163296,4.1417646,291.20428,291.71146,292.16577,285.4903,273.39087,6.0,0.0,0.5537896,0.55008584,0.5498053,0.602773
65.7819,-127.5693,64.52,-123.147,D,2016,07,07,2016-07-07,360.7,87,90.2,301.2,0,-3.163296,4.1417646,291.20428,291.71146,292.16577,285.4903,273.39087,6.0,0.0,0.5537896,0.55008584,0.5498053,0.602773
64.7455,-120.3876,64.418,-119.934,N,2016,07,08,2016-07-08,319.9,99,38.7,285.7,1,-2.963727,2.6287794,293.1436,292.68646,289.52063,284.83664,274.95047,6.0,0.0,0.45288843,0.5289353,0.5830002,0.5992882
64.743,-120.4199,64.418,-119.934,N,2016,07,08,2016-07-08,303.2,54,14.9,283.1,0,-2.963727,2.6287794,293.1436,292.68646,289.52063,284.83664,274.95047,6.0,0.0,0.45288843,0.5289353,0.5830002,0.5992882
65.9596,-127.0729,64.418,-119.934,N,2016,07,08,2016-07-08,301.1,26,5.3,289.6,0,-2.963727,2.6287794,293.1436,292.68646,289.52063,284.83664,274.95047,6.0,0.0,0.45288843,0.5289353,0.5830002,0.5992882
65.966,-127.1029,64.418,-119.934,N,2016,07,08,2016-07-08,301.6,36,5.8,289.3,0,-2.963727,2.6287794,293.1436,292.68646,289.52063,284.83664,274.95047,6.0,0.0,0.45288843,0.5289353,0.5830002,0.5992882
67.3308,-123.2751,62.835,-123.1,D,2016,07,08,2016-07-08,313.3,0,11.9,298.3,0,-1.7856008,1.7301474,287.97275,288.53238,290.6496,288.515,280.4358,1.0,0.0,0.27405244,0.27642357,0.2664774,0.31718668
67.328,-123.2447,62.835,-123.1,D,2016,07,08,2016-07-08,310.7,47,8.9,297.8,0,-1.7856008,1.7301474,287.97275,288.53238,290.6496,288.515,280.4358,1.0,0.0,0.27405244,0.27642357,0.2664774,0.31718668
65.9455,-127.0207,62.835,-123.1,D,2016,07,08,2016-07-08,314.7,0,17.1,299.1,0,-1.7856008,1.7301474,287.97275,288.53238,290.6496,288.515,280.4358,1.0,0.0,0.27405244,0.27642357,0.2664774,0.31718668
65.9505,-127.0355,62.835,-123.1,D,2016,07,08,2016-07-08,312.6,0,26.5,294.3,0,-1.7856008,1.7301474,287.97275,288.53238,290.6496,288.515,280.4358,1.0,0.0,0.27405244,0.27642357,0.2664774,0.31718668
65.9556,-127.0431,62.835,-123.1,D,2016,07,08,2016-07-08,341.9,66,90.5,295.6,0,-1.7856008,1.7301474,287.97275,288.53238,290.6496,288.515,280.4358,1.0,0.0,0.27405244,0.27642357,0.2664774,0.31718668
67.3295,-123.2745,62.835,-123.1,D,2016,07,08,2016-07-08,309.1,52,11.9,295.7,0,-1.7856008,1.7301474,287.97275,288.53238,290.6496,288.515,280.4358,1.0,0.0,0.27405244,0.27642357,0.2664774,0.31718668
65.9663,-127.0941,61.743,-123.547,D,2016,07,09,2016-07-09,301.4,17,6.7,290.2,0,-0.046567492,1.1354997,281.54593,282.22784,286.11963,285.2435,276.35022,1.0,0.0,0.2680847,0.24883305,0.20802099,0.24563035
65.9538,-127.0446,61.743,-123.547,D,2016,07,09,2016-07-09,304.3,0,9.1,290.3,0,-0.046567492,1.1354997,281.54593,282.22784,286.11963,285.2435,276.35022,1.0,0.0,0.2680847,0.24883305,0.20802099,0.24563035
65.9629,-127.0825,63.809,-121.234,N,2016,07,09,2016-07-09,301.9,45,18.9,287.8,0,-2.4148495,1.9281788,293.47174,293.16318,290.34207,286.94333,276.92957,6.0,0.00014222044,0.5451158,0.56562304,0.59472907,0.6204216
65.9484,-127.0399,61.743,-123.547,D,2016,07,09,2016-07-09,343.9,70,43.9,305.4,0,-0.046567492,1.1354997,281.54593,282.22784,286.11963,285.2435,276.35022,1.0,0.0,0.2680847,0.24883305,0.20802099,0.24563035
66.4701,-127.6079,61.743,-123.547,D,2016,07,09,2016-07-09,323.4,79,16.0,298.8,0,-0.046567492,1.1354997,281.54593,282.22784,286.11963,285.2435,276.35022,1.0,0.0,0.2680847,0.24883305,0.20802099,0.24563035
66.467,-127.5862,61.743,-123.547,D,2016,07,09,2016-07-09,346.6,89,51.2,299.2,0,-0.046567492,1.1354997,281.54593,282.22784,286.11963,285.2435,276.35022,1.0,0.0,0.2680847,0.24883305,0.20802099,0.24563035
65.9662,-127.0952,61.743,-123.547,D,2016,07,09,2016-07-09,316.0,43,8.8,300.4,0,-0.046567492,1.1354997,281.54593,282.22784,286.11963,285.2435,276.35022,1.0,0.0,0.2680847,0.24883305,0.20802099,0.24563035
65.9631,-127.0742,61.743,-123.547,D,2016,07,09,2016-07-09,328.6,73,22.4,300.6,0,-0.046567492,1.1354997,281.54593,282.22784,286.11963,285.2435,276.35022,1.0,0.0,0.2680847,0.24883305,0.20802099,0.24563035
65.9515,-127.0608,61.743,-123.547,D,2016,07,09,2016-07-09,334.8,0,27.5,304.7,0,-0.046567492,1.1354997,281.54593,282.22784,286.11963,285.2435,276.35022,1.0,0.0,0.2680847,0.24883305,0.20802099,0.24563035
65.423,-126.2426,61.743,-123.547,D,2016,07,09,2016-07-09,320.8,0,14.6,299.7,0,-0.046567492,1.1354997,281.54593,282.22784,286.11963,285.2435,276.35022,1.0,0.0,0.2680847,0.24883305,0.20802099,0.24563035
65.231,-126.3105,61.743,-123.547,D,2016,07,09,2016-07-09,326.6,82,19.9,300.4,0,-0.046567492,1.1354997,281.54593,282.22784,286.11963,285.2435,276.35022,1.0,0.0,0.2680847,0.24883305,0.20802099,0.24563035
65.2278,-126.2902,61.743,-123.547,D,2016,07,09,2016-07-09,319.3,75,12.7,299.6,0,-0.046567492,1.1354997,281.54593,282.22784,286.11963,285.2435,276.35022,1.0,0.0,0.2680847,0.24883305,0.20802099,0.24563035
65.2249,-126.2919,61.743,-123.547,D,2016,07,09,2016-07-09,313.5,71,9.4,298.9,0,-0.046567492,1.1354997,281.54593,282.22784,286.11963,285.2435,276.35022,1.0,0.0,0.2680847,0.24883305,0.20802099,0.24563035
65.2203,-126.3152,61.743,-123.547,D,2016,07,09,2016-07-09,311.5,64,7.1,299.0,0,-0.046567492,1.1354997,281.54593,282.22784,286.11963,285.2435,276.35022,1.0,0.0,0.2680847,0.24883305,0.20802099,0.24563035
66.4722,-127.5999,61.743,-123.547,D,2016,07,09,2016-07-09,322.1,75,17.6,297.8,0,-0.046567492,1.1354997,281.54593,282.22784,286.11963,285.2435,276.35022,1.0,0.0,0.2680847,0.24883305,0.20802099,0.24563035
65.9596,-127.0827,61.743,-123.547,D,2016,07,09,2016-07-09,328.5,59,27.3,301.8,0,-0.046567492,1.1354997,281.54593,282.22784,286.11963,285.2435,276.35022,1.0,0.0,0.2680847,0.24883305,0.20802099,0.24563035
66.4636,-127.5893,61.743,-123.547,D,2016,07,09,2016-07-09,349.0,90,65.7,301.3,1,-0.046567492,1.1354997,281.54593,282.22784,286.11963,285.2435,276.35022,1.0,0.0,0.2680847,0.24883305,0.20802099,0.24563035
65.9635,-127.0932,61.743,-123.547,D,2016,07,09,2016-07-09,306.5,0,23.4,293.5,0,-0.046567492,1.1354997,281.54593,282.22784,286.11963,285.2435,276.35022,1.0,0.0,0.2680847,0.24883305,0.20802099,0.24563035
64.733,-120.3887,61.301,-107.591,D,2016,07,10,2016-07-10,346.3,94,66.1,291.8,1,-2.6325855,1.5913773,285.9253,286.1984,286.74374,285.37982,278.6356,1.0,2.0370094e-06,0.09819886,0.15147085,0.19812688,0.23518856
64.7333,-120.3943,61.301,-107.591,D,2016,07,10,2016-07-10,345.8,82,66.9,292.1,0,-2.6325855,1.5913773,285.9253,286.1984,286.74374,285.37982,278.6356,1.0,2.0370094e-06,0.09819886,0.15147085,0.19812688,0.23518856
65.9603,-127.0692,61.301,-107.591,D,2016,07,10,2016-07-10,321.5,54,48.5,283.2,0,-2.6325855,1.5913773,285.9253,286.1984,286.74374,285.37982,278.6356,1.0,2.0370094e-06,0.09819886,0.15147085,0.19812688,0.23518856
65.9564,-127.0303,61.301,-107.591,D,2016,07,10,2016-07-10,312.4,62,30.8,283.6,0,-2.6325855,1.5913773,285.9253,286.1984,286.74374,285.37982,278.6356,1.0,2.0370094e-06,0.09819886,0.15147085,0.19812688,0.23518856
65.3039,-119.5398,61.301,-107.591,D,2016,07,10,2016-07-10,334.8,67,39.6,297.6,0,-2.6325855,1.5913773,285.9253,286.1984,286.74374,285.37982,278.6356,1.0,2.0370094e-06,0.09819886,0.15147085,0.19812688,0.23518856
65.9588,-127.0753,61.301,-107.591,D,2016,07,10,2016-07-10,318.1,0,44.0,282.9,0,-2.6325855,1.5913773,285.9253,286.1984,286.74374,285.37982,278.6356,1.0,2.0370094e-06,0.09819886,0.15147085,0.19812688,0.23518856
65.3012,-119.5146,61.301,-107.591,D,2016,07,10,2016-07-10,324.0,70,22.3,298.8,0,-2.6325855,1.5913773,285.9253,286.1984,286.74374,285.37982,278.6356,1.0,2.0370094e-06,0.09819886,0.15147085,0.19812688,0.23518856
65.583,-122.7101,61.301,-107.591,D,2016,07,10,2016-07-10,313.7,67,16.4,293.5,0,-2.6325855,1.5913773,285.9253,286.1984,286.74374,285.37982,278.6356,1.0,2.0370094e-06,0.09819886,0.15147085,0.19812688,0.23518856
65.5804,-122.679,61.301,-107.591,D,2016,07,10,2016-07-10,328.4,64,41.7,295.0,0,-2.6325855,1.5913773,285.9253,286.1984,286.74374,285.37982,278.6356,1.0,2.0370094e-06,0.09819886,0.15147085,0.19812688,0.23518856
65.2361,-126.3176,61.301,-107.591,D,2016,07,10,2016-07-10,309.6,41,16.1,295.0,0,-2.6325855,1.5913773,285.9253,286.1984,286.74374,285.37982,278.6356,1.0,2.0370094e-06,0.09819886,0.15147085,0.19812688,0.23518856
64.7452,-120.4085,61.301,-107.591,D,2016,07,10,2016-07-10,319.9,50,18.5,295.2,0,-2.6325855,1.5913773,285.9253,286.1984,286.74374,285.37982,278.6356,1.0,2.0370094e-06,0.09819886,0.15147085,0.19812688,0.23518856
64.7355,-120.4139,61.301,-107.591,D,2016,07,10,2016-07-10,344.0,93,60.5,287.7,1,-2.6325855,1.5913773,285.9253,286.1984,286.74374,285.37982,278.6356,1.0,2.0370094e-06,0.09819886,0.15147085,0.19812688,0.23518856
62.4115,-123.2134,61.301,-107.591,D,2016,07,10,2016-07-10,329.4,76,32.4,295.7,0,-2.6325855,1.5913773,285.9253,286.1984,286.74374,285.37982,278.6356,1.0,2.0370094e-06,0.09819886,0.15147085,0.19812688,0.23518856
65.3059,-119.5059,61.301,-107.591,D,2016,07,10,2016-07-10,314.0,64,20.1,295.8,0,-2.6325855,1.5913773,285.9253,286.1984,286.74374,285.37982,278.6356,1.0,2.0370094e-06,0.09819886,0.15147085,0.19812688,0.23518856
65.298,-119.537,61.301,-107.591,D,2016,07,10,2016-07-10,327.6,74,49.7,297.5,0,-2.6325855,1.5913773,285.9253,286.1984,286.74374,285.37982,278.6356,1.0,2.0370094e-06,0.09819886,0.15147085,0.19812688,0.23518856
65.5812,-122.6696,61.301,-107.591,D,2016,07,10,2016-07-10,305.8,43,13.5,292.5,0,-2.6325855,1.5913773,285.9253,286.1984,286.74374,285.37982,278.6356,1.0,2.0370094e-06,0.09819886,0.15147085,0.19812688,0.23518856
65.5708,-122.7058,61.301,-107.591,D,2016,07,10,2016-07-10,334.2,0,91.3,294.5,0,-2.6325855,1.5913773,285.9253,286.1984,286.74374,285.37982,278.6356,1.0,2.0370094e-06,0.09819886,0.15147085,0.19812688,0.23518856
62.4208,-123.2239,61.301,-107.591,D,2016,07,10,2016-07-10,319.0,65,66.2,294.2,0,-2.6325855,1.5913773,285.9253,286.1984,286.74374,285.37982,278.6356,1.0,2.0370094e-06,0.09819886,0.15147085,0.19812688,0.23518856
62.4213,-123.227,61.301,-107.591,D,2016,07,10,2016-07-10,318.5,63,62.1,294.0,0,-2.6325855,1.5913773,285.9253,286.1984,286.74374,285.37982,278.6356,1.0,2.0370094e-06,0.09819886,0.15147085,0.19812688,0.23518856
65.968,-127.0479,61.301,-107.591,D,2016,07,10,2016-07-10,312.9,52,37.7,292.1,0,-2.6325855,1.5913773,285.9253,286.1984,286.74374,285.37982,278.6356,1.0,2.0370094e-06,0.09819886,0.15147085,0.19812688,0.23518856
67.3194,-123.2499,61.301,-107.591,D,2016,07,10,2016-07-10,310.6,54,10.9,297.5,0,-2.6325855,1.5913773,285.9253,286.1984,286.74374,285.37982,278.6356,1.0,2.0370094e-06,0.09819886,0.15147085,0.19812688,0.23518856
67.3185,-123.2571,61.301,-107.591,D,2016,07,10,2016-07-10,309.5,47,10.2,297.4,0,-2.6325855,1.5913773,285.9253,286.1984,286.74374,285.37982,278.6356,1.0,2.0370094e-06,0.09819886,0.15147085,0.19812688,0.23518856
65.2997,-119.5421,61.301,-107.591,D,2016,07,10,2016-07-10,350.3,83,201.3,295.2,0,-2.6325855,1.5913773,285.9253,286.1984,286.74374,285.37982,278.6356,1.0,2.0370094e-06,0.09819886,0.15147085,0.19812688,0.23518856
65.3063,-119.5226,61.301,-107.591,D,2016,07,10,2016-07-10,353.2,73,225.9,298.6,0,-2.6325855,1.5913773,285.9253,286.1984,286.74374,285.37982,278.6356,1.0,2.0370094e-06,0.09819886,0.15147085,0.19812688,0.23518856
65.2937,-119.4823,61.301,-107.591,D,2016,07,10,2016-07-10,316.0,64,35.7,296.3,0,-2.6325855,1.5913773,285.9253,286.1984,286.74374,285.37982,278.6356,1.0,2.0370094e-06,0.09819886,0.15147085,0.19812688,0.23518856
65.2955,-119.5417,61.301,-107.591,D,2016,07,10,2016-07-10,317.2,71,38.7,293.5,0,-2.6325855,1.5913773,285.9253,286.1984,286.74374,285.37982,278.6356,1.0,2.0370094e-06,0.09819886,0.15147085,0.19812688,0.23518856
65.2873,-119.5016,61.301,-107.591,D,2016,07,10,2016-07-10,315.0,37,31.6,295.8,0,-2.6325855,1.5913773,285.9253,286.1984,286.74374,285.37982,278.6356,1.0,2.0370094e-06,0.09819886,0.15147085,0.19812688,0.23518856
65.5853,-122.6876,61.301,-107.591,D,2016,07,10,2016-07-10,304.3,46,10.0,292.7,0,-2.6325855,1.5913773,285.9253,286.1984,286.74374,285.37982,278.6356,1.0,2.0370094e-06,0.09819886,0.15147085,0.19812688,0.23518856
65.5751,-122.7033,61.301,-107.591,D,2016,07,10,2016-07-10,336.8,0,90.6,294.4,0,-2.6325855,1.5913773,285.9253,286.1984,286.74374,285.37982,278.6356,1.0,2.0370094e-06,0.09819886,0.15147085,0.19812688,0.23518856
65.5717,-122.7161,61.301,-107.591,D,2016,07,10,2016-07-10,305.9,0,10.8,292.7,0,-2.6325855,1.5913773,285.9253,286.1984,286.74374,285.37982,278.6356,1.0,2.0370094e-06,0.09819886,0.15147085,0.19812688,0.23518856
65.9608,-127.0572,61.301,-107.591,D,2016,07,10,2016-07-10,373.1,94,196.2,304.1,1,-2.6325855,1.5913773,285.9253,286.1984,286.74374,285.37982,278.6356,1.0,2.0370094e-06,0.09819886,0.15147085,0.19812688,0.23518856
65.9545,-127.03,61.301,-107.591,D,2016,07,10,2016-07-10,327.7,50,32.6,299.0,0,-2.6325855,1.5913773,285.9253,286.1984,286.74374,285.37982,278.6356,1.0,2.0370094e-06,0.09819886,0.15147085,0.19812688,0.23518856
62.4425,-123.2201,61.301,-107.591,D,2016,07,10,2016-07-10,319.9,60,56.8,292.0,0,-2.6325855,1.5913773,285.9253,286.1984,286.74374,285.37982,278.6356,1.0,2.0370094e-06,0.09819886,0.15147085,0.19812688,0.23518856
62.4255,-123.1934,61.301,-107.591,D,2016,07,10,2016-07-10,326.9,69,77.2,293.8,0,-2.6325855,1.5913773,285.9253,286.1984,286.74374,285.37982,278.6356,1.0,2.0370094e-06,0.09819886,0.15147085,0.19812688,0.23518856
62.414,-123.21,61.301,-107.591,D,2016,07,10,2016-07-10,316.4,25,34.3,292.5,0,-2.6325855,1.5913773,285.9253,286.1984,286.74374,285.37982,278.6356,1.0,2.0370094e-06,0.09819886,0.15147085,0.19812688,0.23518856
62.3784,-123.201,61.301,-107.591,D,2016,07,10,2016-07-10,317.7,43,41.4,293.7,0,-2.6325855,1.5913773,285.9253,286.1984,286.74374,285.37982,278.6356,1.0,2.0370094e-06,0.09819886,0.15147085,0.19812688,0.23518856
62.4119,-123.234,61.301,-107.591,D,2016,07,10,2016-07-10,331.7,82,30.2,297.0,0,-2.6325855,1.5913773,285.9253,286.1984,286.74374,285.37982,278.6356,1.0,2.0370094e-06,0.09819886,0.15147085,0.19812688,0.23518856
62.3976,-123.1795,61.301,-107.591,D,2016,07,10,2016-07-10,327.4,54,21.8,301.8,0,-2.6325855,1.5913773,285.9253,286.1984,286.74374,285.37982,278.6356,1.0,2.0370094e-06,0.09819886,0.15147085,0.19812688,0.23518856
62.4358,-123.1982,61.301,-107.591,D,2016,07,10,2016-07-10,338.3,86,42.0,296.3,0,-2.6325855,1.5913773,285.9253,286.1984,286.74374,285.37982,278.6356,1.0,2.0370094e-06,0.09819886,0.15147085,0.19812688,0.23518856
62.4334,-123.2206,61.301,-107.591,D,2016,07,10,2016-07-10,347.4,95,62.4,298.3,1,-2.6325855,1.5913773,285.9253,286.1984,286.74374,285.37982,278.6356,1.0,2.0370094e-06,0.09819886,0.15147085,0.19812688,0.23518856
62.4365,-123.2036,61.301,-107.591,D,2016,07,10,2016-07-10,339.4,74,48.8,296.1,0,-2.6325855,1.5913773,285.9253,286.1984,286.74374,285.37982,278.6356,1.0,2.0370094e-06,0.09819886,0.15147085,0.19812688,0.23518856
62.381,-123.242,61.301,-107.591,D,2016,07,10,2016-07-10,330.7,86,30.9,297.3,0,-2.6325855,1.5913773,285.9253,286.1984,286.74374,285.37982,278.6356,1.0,2.0370094e-06,0.09819886,0.15147085,0.19812688,0.23518856
62.3834,-123.2196,61.301,-107.591,D,2016,07,10,2016-07-10,345.3,94,59.1,296.4,1,-2.6325855,1.5913773,285.9253,286.1984,286.74374,285.37982,278.6356,1.0,2.0370094e-06,0.09819886,0.15147085,0.19812688,0.23518856
62.3762,-123.1925,61.301,-107.591,D,2016,07,10,2016-07-10,343.4,93,54.5,301.6,1,-2.6325855,1.5913773,285.9253,286.1984,286.74374,285.37982,278.6356,1.0,2.0370094e-06,0.09819886,0.15147085,0.19812688,0.23518856
62.4341,-123.2261,61.301,-107.591,D,2016,07,10,2016-07-10,327.6,69,28.6,298.0,0,-2.6325855,1.5913773,285.9253,286.1984,286.74374,285.37982,278.6356,1.0,2.0370094e-06,0.09819886,0.15147085,0.19812688,0.23518856
65.2998,-119.5149,61.301,-107.591,D,2016,07,10,2016-07-10,344.2,93,97.6,302.0,1,-2.6325855,1.5913773,285.9253,286.1984,286.74374,285.37982,278.6356,1.0,2.0370094e-06,0.09819886,0.15147085,0.19812688,0.23518856
65.2973,-119.5504,61.301,-107.591,D,2016,07,10,2016-07-10,349.5,90,119.6,301.5,1,-2.6325855,1.5913773,285.9253,286.1984,286.74374,285.37982,278.6356,1.0,2.0370094e-06,0.09819886,0.15147085,0.19812688,0.23518856
65.3077,-119.5224,61.301,-107.591,D,2016,07,10,2016-07-10,320.1,59,29.6,298.5,0,-2.6325855,1.5913773,285.9253,286.1984,286.74374,285.37982,278.6356,1.0,2.0370094e-06,0.09819886,0.15147085,0.19812688,0.23518856
65.3053,-119.558,61.301,-107.591,D,2016,07,10,2016-07-10,322.0,60,34.1,296.5,0,-2.6325855,1.5913773,285.9253,286.1984,286.74374,285.37982,278.6356,1.0,2.0370094e-06,0.09819886,0.15147085,0.19812688,0.23518856
65.5756,-122.694,61.301,-107.591,D,2016,07,10,2016-07-10,335.6,67,53.0,297.8,0,-2.6325855,1.5913773,285.9253,286.1984,286.74374,285.37982,278.6356,1.0,2.0370094e-06,0.09819886,0.15147085,0.19812688,0.23518856
65.5731,-122.7228,61.301,-107.591,D,2016,07,10,2016-07-10,321.3,59,25.6,296.1,0,-2.6325855,1.5913773,285.9253,286.1984,286.74374,285.37982,278.6356,1.0,2.0370094e-06,0.09819886,0.15147085,0.19812688,0.23518856
65.2358,-126.3343,61.301,-107.591,D,2016,07,10,2016-07-10,318.6,56,13.4,290.7,0,-2.6325855,1.5913773,285.9253,286.1984,286.74374,285.37982,278.6356,1.0,2.0370094e-06,0.09819886,0.15147085,0.19812688,0.23518856
65.9546,-127.051,61.301,-107.591,D,2016,07,10,2016-07-10,338.9,50,41.2,302.4,0,-2.6325855,1.5913773,285.9253,286.1984,286.74374,285.37982,278.6356,1.0,2.0370094e-06,0.09819886,0.15147085,0.19812688,0.23518856
65.9636,-127.0577,61.301,-107.591,D,2016,07,10,2016-07-10,348.6,85,61.6,300.4,0,-2.6325855,1.5913773,285.9253,286.1984,286.74374,285.37982,278.6356,1.0,2.0370094e-06,0.09819886,0.15147085,0.19812688,0.23518856
65.9609,-127.0809,61.301,-107.591,D,2016,07,10,2016-07-10,337.8,50,37.8,296.0,0,-2.6325855,1.5913773,285.9253,286.1984,286.74374,285.37982,278.6356,1.0,2.0370094e-06,0.09819886,0.15147085,0.19812688,0.23518856
67.318,-123.2837,61.301,-107.591,D,2016,07,10,2016-07-10,311.3,0,10.0,294.1,0,-2.6325855,1.5913773,285.9253,286.1984,286.74374,285.37982,278.6356,1.0,2.0370094e-06,0.09819886,0.15147085,0.19812688,0.23518856
65.5809,-122.695,61.584,-103.153,D,2016,07,11,2016-07-11,303.9,54,10.7,286.2,0,-1.6920576,0.6697024,284.8711,284.33514,285.34695,282.83835,274.96567,2.0,4.0830346e-06,0.23748328,0.28328007,0.34746203,0.35726476
65.97,-127.155,65.695,-126.512,N,2016,07,11,2016-07-11,303.8,57,15.2,286.9,0,-2.9639866,-0.09101951,297.0949,295.0906,290.0692,284.6408,274.50296,6.0,4.1442668e-06,0.4657973,0.5058791,0.5071341,0.55088717
65.9676,-127.1206,65.695,-126.512,N,2016,07,11,2016-07-11,303.2,34,13.3,286.4,0,-2.9639866,-0.09101951,297.0949,295.0906,290.0692,284.6408,274.50296,6.0,4.1442668e-06,0.4657973,0.5058791,0.5071341,0.55088717
64.73,-120.3381,61.584,-103.153,D,2016,07,11,2016-07-11,312.5,53,59.9,289.5,0,-1.6920576,0.6697024,284.8711,284.33514,285.34695,282.83835,274.96567,2.0,4.0830346e-06,0.23748328,0.28328007,0.34746203,0.35726476
65.9712,-127.1781,61.584,-103.153,D,2016,07,11,2016-07-11,331.9,48,29.0,305.3,0,-1.6920576,0.6697024,284.8711,284.33514,285.34695,282.83835,274.96567,2.0,4.0830346e-06,0.23748328,0.28328007,0.34746203,0.35726476
65.9773,-127.1488,61.584,-103.153,D,2016,07,11,2016-07-11,399.5,100,269.0,310.7,1,-1.6920576,0.6697024,284.8711,284.33514,285.34695,282.83835,274.96567,2.0,4.0830346e-06,0.23748328,0.28328007,0.34746203,0.35726476
63.9409,-124.0523,61.584,-103.153,D,2016,07,11,2016-07-11,328.2,84,22.2,298.5,0,-1.6920576,0.6697024,284.8711,284.33514,285.34695,282.83835,274.96567,2.0,4.0830346e-06,0.23748328,0.28328007,0.34746203,0.35726476
65.2272,-126.3163,61.584,-103.153,D,2016,07,11,2016-07-11,320.2,72,13.3,297.3,0,-1.6920576,0.6697024,284.8711,284.33514,285.34695,282.83835,274.96567,2.0,4.0830346e-06,0.23748328,0.28328007,0.34746203,0.35726476
65.4213,-126.2196,61.584,-103.153,D,2016,07,11,2016-07-11,312.6,55,6.9,298.6,0,-1.6920576,0.6697024,284.8711,284.33514,285.34695,282.83835,274.96567,2.0,4.0830346e-06,0.23748328,0.28328007,0.34746203,0.35726476
65.4242,-126.2412,61.584,-103.153,D,2016,07,11,2016-07-11,338.8,0,38.2,303.3,0,-1.6920576,0.6697024,284.8711,284.33514,285.34695,282.83835,274.96567,2.0,4.0830346e-06,0.23748328,0.28328007,0.34746203,0.35726476
65.4329,-126.2341,61.584,-103.153,D,2016,07,11,2016-07-11,342.9,80,45.8,301.4,0,-1.6920576,0.6697024,284.8711,284.33514,285.34695,282.83835,274.96567,2.0,4.0830346e-06,0.23748328,0.28328007,0.34746203,0.35726476
65.9629,-127.1112,61.584,-103.153,D,2016,07,11,2016-07-11,355.0,74,71.4,308.5,0,-1.6920576,0.6697024,284.8711,284.33514,285.34695,282.83835,274.96567,2.0,4.0830346e-06,0.23748328,0.28328007,0.34746203,0.35726476
65.5757,-122.694,61.584,-103.153,D,2016,07,11,2016-07-11,309.9,58,6.3,298.8,0,-1.6920576,0.6697024,284.8711,284.33514,285.34695,282.83835,274.96567,2.0,4.0830346e-06,0.23748328,0.28328007,0.34746203,0.35726476
65.9657,-127.1336,61.584,-103.153,D,2016,07,11,2016-07-11,383.9,75,177.4,314.5,0,-1.6920576,0.6697024,284.8711,284.33514,285.34695,282.83835,274.96567,2.0,4.0830346e-06,0.23748328,0.28328007,0.34746203,0.35726476
65.9685,-127.156,61.584,-103.153,D,2016,07,11,2016-07-11,353.6,73,68.8,309.6,0,-1.6920576,0.6697024,284.8711,284.33514,285.34695,282.83835,274.96567,2.0,4.0830346e-06,0.23748328,0.28328007,0.34746203,0.35726476
62.5463,-128.8341,61.584,-103.153,D,2016,07,11,2016-07-11,304.7,0,7.3,288.4,0,-1.6920576,0.6697024,284.8711,284.33514,285.34695,282.83835,274.96567,2.0,4.0830346e-06,0.23748328,0.28328007,0.34746203,0.35726476
63.9353,-124.052,61.584,-103.153,D,2016,07,11,2016-07-11,316.4,32,12.9,297.8,0,-1.6920576,0.6697024,284.8711,284.33514,285.34695,282.83835,274.96567,2.0,4.0830346e-06,0.23748328,0.28328007,0.34746203,0.35726476
65.97,-127.1694,61.584,-103.153,D,2016,07,11,2016-07-11,354.4,0,101.0,305.2,0,-1.6920576,0.6697024,284.8711,284.33514,285.34695,282.83835,274.96567,2.0,4.0830346e-06,0.23748328,0.28328007,0.34746203,0.35726476
65.3045,-119.5779,61.584,-103.153,D,2016,07,11,2016-07-11,412.0,87,335.2,304.9,0,-1.6920576,0.6697024,284.8711,284.33514,285.34695,282.83835,274.96567,2.0,4.0830346e-06,0.23748328,0.28328007,0.34746203,0.35726476
65.2249,-126.3067,61.584,-103.153,D,2016,07,11,2016-07-11,310.7,68,10.0,292.9,0,-1.6920576,0.6697024,284.8711,284.33514,285.34695,282.83835,274.96567,2.0,4.0830346e-06,0.23748328,0.28328007,0.34746203,0.35726476
65.9599,-127.0566,61.584,-103.153,D,2016,07,11,2016-07-11,323.6,37,23.5,300.4,0,-1.6920576,0.6697024,284.8711,284.33514,285.34695,282.83835,274.96567,2.0,4.0830346e-06,0.23748328,0.28328007,0.34746203,0.35726476
65.9759,-127.1432,61.584,-103.153,D,2016,07,11,2016-07-11,403.6,87,409.6,306.0,0,-1.6920576,0.6697024,284.8711,284.33514,285.34695,282.83835,274.96567,2.0,4.0830346e-06,0.23748328,0.28328007,0.34746203,0.35726476
65.2944,-119.5205,61.584,-103.153,D,2016,07,11,2016-07-11,324.1,80,15.6,302.5,0,-1.6920576,0.6697024,284.8711,284.33514,285.34695,282.83835,274.96567,2.0,4.0830346e-06,0.23748328,0.28328007,0.34746203,0.35726476
65.291,-119.541,61.584,-103.153,D,2016,07,11,2016-07-11,325.7,81,16.8,301.2,0,-1.6920576,0.6697024,284.8711,284.33514,285.34695,282.83835,274.96567,2.0,4.0830346e-06,0.23748328,0.28328007,0.34746203,0.35726476
65.2995,-119.5492,61.584,-103.153,D,2016,07,11,2016-07-11,328.3,77,19.6,302.3,0,-1.6920576,0.6697024,284.8711,284.33514,285.34695,282.83835,274.96567,2.0,4.0830346e-06,0.23748328,0.28328007,0.34746203,0.35726476
65.2961,-119.5697,61.584,-103.153,D,2016,07,11,2016-07-11,386.9,94,181.7,307.0,1,-1.6920576,0.6697024,284.8711,284.33514,285.34695,282.83835,274.96567,2.0,4.0830346e-06,0.23748328,0.28328007,0.34746203,0.35726476
65.2926,-119.5902,61.584,-103.153,D,2016,07,11,2016-07-11,312.4,39,6.0,299.5,0,-1.6920576,0.6697024,284.8711,284.33514,285.34695,282.83835,274.96567,2.0,4.0830346e-06,0.23748328,0.28328007,0.34746203,0.35726476
66.4721,-127.5943,61.584,-103.153,D,2016,07,11,2016-07-11,316.4,68,15.4,298.6,0,-1.6920576,0.6697024,284.8711,284.33514,285.34695,282.83835,274.96567,2.0,4.0830346e-06,0.23748328,0.28328007,0.34746203,0.35726476
65.302,-119.5674,61.584,-103.153,D,2016,07,11,2016-07-11,334.7,0,272.3,292.8,0,-1.6920576,0.6697024,284.8711,284.33514,285.34695,282.83835,274.96567,2.0,4.0830346e-06,0.23748328,0.28328007,0.34746203,0.35726476
65.3007,-119.5745,61.584,-103.153,D,2016,07,11,2016-07-11,332.2,0,243.4,292.9,0,-1.6920576,0.6697024,284.8711,284.33514,285.34695,282.83835,274.96567,2.0,4.0830346e-06,0.23748328,0.28328007,0.34746203,0.35726476
65.9512,-127.0295,61.584,-103.153,D,2016,07,11,2016-07-11,309.9,0,32.9,289.9,0,-1.6920576,0.6697024,284.8711,284.33514,285.34695,282.83835,274.96567,2.0,4.0830346e-06,0.23748328,0.28328007,0.34746203,0.35726476
65.242,-126.3357,61.584,-103.153,D,2016,07,11,2016-07-11,305.4,50,20.8,291.0,0,-1.6920576,0.6697024,284.8711,284.33514,285.34695,282.83835,274.96567,2.0,4.0830346e-06,0.23748328,0.28328007,0.34746203,0.35726476
65.2951,-119.5564,61.584,-103.153,D,2016,07,11,2016-07-11,318.1,57,91.6,295.0,0,-1.6920576,0.6697024,284.8711,284.33514,285.34695,282.83835,274.96567,2.0,4.0830346e-06,0.23748328,0.28328007,0.34746203,0.35726476
65.2953,-119.6386,61.584,-103.153,D,2016,07,11,2016-07-11,316.2,0,80.1,293.8,0,-1.6920576,0.6697024,284.8711,284.33514,285.34695,282.83835,274.96567,2.0,4.0830346e-06,0.23748328,0.28328007,0.34746203,0.35726476
65.2987,-119.6144,56.641,-87.997,D,2016,07,12,2016-07-12,309.8,0,36.2,290.3,0,-8.561341,4.4415164,278.51205,273.7924,273.87405,273.17322,272.7219,0.0,9.385694e-07,0.031596225,0.04110671,0.047188334,0.053873345
65.2352,-126.3144,56.641,-87.997,D,2016,07,12,2016-07-12,301.8,34,31.4,289.0,0,-8.561341,4.4415164,278.51205,273.7924,273.87405,273.17322,272.7219,0.0,9.385694e-07,0.031596225,0.04110671,0.047188334,0.053873345
63.9478,-124.0464,62.813,-113.638,N,2016,07,12,2016-07-12,302.8,35,5.7,287.2,0,-3.885394,-2.1575623,296.39322,297.4369,292.27173,287.93805,279.51294,2.0,1.0155416e-05,0.14745618,0.1795553,0.20514351,0.26120612
63.9505,-124.0922,62.813,-113.638,N,2016,07,12,2016-07-12,305.6,40,7.2,288.8,0,-3.885394,-2.1575623,296.39322,297.4369,292.27173,287.93805,279.51294,2.0,1.0155416e-05,0.14745618,0.1795553,0.20514351,0.26120612
65.3114,-119.59,62.813,-113.638,N,2016,07,12,2016-07-12,304.0,58,8.1,287.8,0,-3.885394,-2.1575623,296.39322,297.4369,292.27173,287.93805,279.51294,2.0,1.0155416e-05,0.14745618,0.1795553,0.20514351,0.26120612
65.3088,-119.6141,62.813,-113.638,N,2016,07,12,2016-07-12,325.2,100,29.8,293.1,1,-3.885394,-2.1575623,296.39322,297.4369,292.27173,287.93805,279.51294,2.0,1.0155416e-05,0.14745618,0.1795553,0.20514351,0.26120612
65.2309,-126.3088,62.813,-113.638,N,2016,07,12,2016-07-12,308.0,73,10.0,287.5,0,-3.885394,-2.1575623,296.39322,297.4369,292.27173,287.93805,279.51294,2.0,1.0155416e-05,0.14745618,0.1795553,0.20514351,0.26120612
65.2277,-126.3293,62.813,-113.638,N,2016,07,12,2016-07-12,320.4,100,19.7,291.6,1,-3.885394,-2.1575623,296.39322,297.4369,292.27173,287.93805,279.51294,2.0,1.0155416e-05,0.14745618,0.1795553,0.20514351,0.26120612
65.2245,-126.3497,62.813,-113.638,N,2016,07,12,2016-07-12,322.8,100,22.0,291.1,1,-3.885394,-2.1575623,296.39322,297.4369,292.27173,287.93805,279.51294,2.0,1.0155416e-05,0.14745618,0.1795553,0.20514351,0.26120612
65.2394,-126.3164,62.813,-113.638,N,2016,07,12,2016-07-12,324.1,100,23.6,290.4,1,-3.885394,-2.1575623,296.39322,297.4369,292.27173,287.93805,279.51294,2.0,1.0155416e-05,0.14745618,0.1795553,0.20514351,0.26120612
65.2362,-126.3369,62.813,-113.638,N,2016,07,12,2016-07-12,313.1,85,13.1,289.1,0,-3.885394,-2.1575623,296.39322,297.4369,292.27173,287.93805,279.51294,2.0,1.0155416e-05,0.14745618,0.1795553,0.20514351,0.26120612
65.4249,-126.2417,62.813,-113.638,N,2016,07,12,2016-07-12,309.9,79,10.5,290.7,0,-3.885394,-2.1575623,296.39322,297.4369,292.27173,287.93805,279.51294,2.0,1.0155416e-05,0.14745618,0.1795553,0.20514351,0.26120612
65.4281,-126.2211,62.813,-113.638,N,2016,07,12,2016-07-12,301.1,32,5.4,288.4,0,-3.885394,-2.1575623,296.39322,297.4369,292.27173,287.93805,279.51294,2.0,1.0155416e-05,0.14745618,0.1795553,0.20514351,0.26120612
63.6964,-118.1243,62.813,-113.638,N,2016,07,12,2016-07-12,304.2,59,9.5,287.1,0,-3.885394,-2.1575623,296.39322,297.4369,292.27173,287.93805,279.51294,2.0,1.0155416e-05,0.14745618,0.1795553,0.20514351,0.26120612
65.9645,-127.0507,62.813,-113.638,N,2016,07,12,2016-07-12,305.4,38,7.0,288.9,0,-3.885394,-2.1575623,296.39322,297.4369,292.27173,287.93805,279.51294,2.0,1.0155416e-05,0.14745618,0.1795553,0.20514351,0.26120612
65.9714,-127.1295,62.813,-113.638,N,2016,07,12,2016-07-12,321.9,73,19.7,293.1,0,-3.885394,-2.1575623,296.39322,297.4369,292.27173,287.93805,279.51294,2.0,1.0155416e-05,0.14745618,0.1795553,0.20514351,0.26120612
65.9799,-127.1375,62.813,-113.638,N,2016,07,12,2016-07-12,316.1,52,14.6,289.5,0,-3.885394,-2.1575623,296.39322,297.4369,292.27173,287.93805,279.51294,2.0,1.0155416e-05,0.14745618,0.1795553,0.20514351,0.26120612
65.9765,-127.1584,62.813,-113.638,N,2016,07,12,2016-07-12,317.5,73,15.9,289.4,0,-3.885394,-2.1575623,296.39322,297.4369,292.27173,287.93805,279.51294,2.0,1.0155416e-05,0.14745618,0.1795553,0.20514351,0.26120612
66.4796,-127.5965,62.813,-113.638,N,2016,07,12,2016-07-12,301.3,40,5.0,289.3,0,-3.885394,-2.1575623,296.39322,297.4369,292.27173,287.93805,279.51294,2.0,1.0155416e-05,0.14745618,0.1795553,0.20514351,0.26120612
65.9802,-127.1286,62.813,-113.638,N,2016,07,12,2016-07-12,309.8,13,10.7,288.5,0,-3.885394,-2.1575623,296.39322,297.4369,292.27173,287.93805,279.51294,2.0,1.0155416e-05,0.14745618,0.1795553,0.20514351,0.26120612
65.228,-126.3405,62.813,-113.638,N,2016,07,12,2016-07-12,314.7,90,17.1,288.3,1,-3.885394,-2.1575623,296.39322,297.4369,292.27173,287.93805,279.51294,2.0,1.0155416e-05,0.14745618,0.1795553,0.20514351,0.26120612
65.2401,-126.2997,62.813,-113.638,N,2016,07,12,2016-07-12,302.0,25,7.3,283.5,0,-3.885394,-2.1575623,296.39322,297.4369,292.27173,287.93805,279.51294,2.0,1.0155416e-05,0.14745618,0.1795553,0.20514351,0.26120612
65.432,-126.2326,62.813,-113.638,N,2016,07,12,2016-07-12,300.8,21,6.3,285.7,0,-3.885394,-2.1575623,296.39322,297.4369,292.27173,287.93805,279.51294,2.0,1.0155416e-05,0.14745618,0.1795553,0.20514351,0.26120612
65.2285,-126.329,56.641,-87.997,D,2016,07,12,2016-07-12,313.6,59,30.5,295.0,0,-8.561341,4.4415164,278.51205,273.7924,273.87405,273.17322,272.7219,0.0,9.385694e-07,0.031596225,0.04110671,0.047188334,0.053873345
63.6958,-118.1334,56.641,-87.997,D,2016,07,12,2016-07-12,381.3,82,206.5,304.2,0,-8.561341,4.4415164,278.51205,273.7924,273.87405,273.17322,272.7219,0.0,9.385694e-07,0.031596225,0.04110671,0.047188334,0.053873345
65.306,-119.5398,56.641,-87.997,D,2016,07,12,2016-07-12,322.6,41,29.0,297.5,0,-8.561341,4.4415164,278.51205,273.7924,273.87405,273.17322,272.7219,0.0,9.385694e-07,0.031596225,0.04110671,0.047188334,0.053873345
63.6933,-118.1087,56.641,-87.997,D,2016,07,12,2016-07-12,349.5,90,73.8,302.4,1,-8.561341,4.4415164,278.51205,273.7924,273.87405,273.17322,272.7219,0.0,9.385694e-07,0.031596225,0.04110671,0.047188334,0.053873345
63.6835,-118.1136,56.641,-87.997,D,2016,07,12,2016-07-12,321.9,58,18.5,299.0,0,-8.561341,4.4415164,278.51205,273.7924,273.87405,273.17322,272.7219,0.0,9.385694e-07,0.031596225,0.04110671,0.047188334,0.053873345
63.4471,-116.1133,56.641,-87.997,D,2016,07,12,2016-07-12,343.4,87,52.3,300.6,0,-8.561341,4.4415164,278.51205,273.7924,273.87405,273.17322,272.7219,0.0,9.385694e-07,0.031596225,0.04110671,0.047188334,0.053873345
63.4395,-116.0481,56.641,-87.997,D,2016,07,12,2016-07-12,338.5,0,40.1,296.1,0,-8.561341,4.4415164,278.51205,273.7924,273.87405,273.17322,272.7219,0.0,9.385694e-07,0.031596225,0.04110671,0.047188334,0.053873345
63.4378,-116.1186,56.641,-87.997,D,2016,07,12,2016-07-12,328.7,72,24.3,300.3,0,-8.561341,4.4415164,278.51205,273.7924,273.87405,273.17322,272.7219,0.0,9.385694e-07,0.031596225,0.04110671,0.047188334,0.053873345
63.4344,-116.1276,56.641,-87.997,D,2016,07,12,2016-07-12,384.9,0,199.0,304.0,0,-8.561341,4.4415164,278.51205,273.7924,273.87405,273.17322,272.7219,0.0,9.385694e-07,0.031596225,0.04110671,0.047188334,0.053873345
65.3035,-119.5092,56.641,-87.997,D,2016,07,12,2016-07-12,314.8,47,14.5,296.7,0,-8.561341,4.4415164,278.51205,273.7924,273.87405,273.17322,272.7219,0.0,9.385694e-07,0.031596225,0.04110671,0.047188334,0.053873345
65.298,-119.5751,56.641,-87.997,D,2016,07,12,2016-07-12,328.6,24,32.6,295.9,0,-8.561341,4.4415164,278.51205,273.7924,273.87405,273.17322,272.7219,0.0,9.385694e-07,0.031596225,0.04110671,0.047188334,0.053873345
65.2929,-119.514,56.641,-87.997,D,2016,07,12,2016-07-12,347.6,66,83.4,295.7,0,-8.561341,4.4415164,278.51205,273.7924,273.87405,273.17322,272.7219,0.0,9.385694e-07,0.031596225,0.04110671,0.047188334,0.053873345
65.4303,-126.2236,56.641,-87.997,D,2016,07,12,2016-07-12,327.6,0,79.1,296.3,0,-8.561341,4.4415164,278.51205,273.7924,273.87405,273.17322,272.7219,0.0,9.385694e-07,0.031596225,0.04110671,0.047188334,0.053873345
59.0385,-111.8164,56.641,-87.997,D,2016,07,12,2016-07-12,325.4,78,18.6,302.2,0,-8.561341,4.4415164,278.51205,273.7924,273.87405,273.17322,272.7219,0.0,9.385694e-07,0.031596225,0.04110671,0.047188334,0.053873345
59.0439,-111.8061,56.641,-87.997,D,2016,07,12,2016-07-12,330.9,79,23.6,302.1,0,-8.561341,4.4415164,278.51205,273.7924,273.87405,273.17322,272.7219,0.0,9.385694e-07,0.031596225,0.04110671,0.047188334,0.053873345
59.0355,-111.7988,56.641,-87.997,D,2016,07,12,2016-07-12,320.1,73,13.2,298.3,0,-8.561341,4.4415164,278.51205,273.7924,273.87405,273.17322,272.7219,0.0,9.385694e-07,0.031596225,0.04110671,0.047188334,0.053873345
59.0121,-111.8335,56.641,-87.997,D,2016,07,12,2016-07-12,313.9,41,7.6,297.2,0,-8.561341,4.4415164,278.51205,273.7924,273.87405,273.17322,272.7219,0.0,9.385694e-07,0.031596225,0.04110671,0.047188334,0.053873345
57.7191,-109.0043,56.641,-87.997,D,2016,07,12,2016-07-12,322.6,0,22.2,298.6,0,-8.561341,4.4415164,278.51205,273.7924,273.87405,273.17322,272.7219,0.0,9.385694e-07,0.031596225,0.04110671,0.047188334,0.053873345
57.7669,-116.3376,56.641,-87.997,D,2016,07,12,2016-07-12,305.9,15,4.3,293.0,0,-8.561341,4.4415164,278.51205,273.7924,273.87405,273.17322,272.7219,0.0,9.385694e-07,0.031596225,0.04110671,0.047188334,0.053873345
59.0345,-111.8185,56.641,-87.997,D,2016,07,12,2016-07-12,311.5,66,28.0,295.0,0,-8.561341,4.4415164,278.51205,273.7924,273.87405,273.17322,272.7219,0.0,9.385694e-07,0.031596225,0.04110671,0.047188334,0.053873345
59.0332,-111.825,56.641,-87.997,D,2016,07,12,2016-07-12,309.8,47,23.3,295.0,0,-8.561341,4.4415164,278.51205,273.7924,273.87405,273.17322,272.7219,0.0,9.385694e-07,0.031596225,0.04110671,0.047188334,0.053873345
65.327,-94.4344,56.641,-87.997,D,2016,07,12,2016-07-12,321.3,72,23.7,294.8,0,-8.561341,4.4415164,278.51205,273.7924,273.87405,273.17322,272.7219,0.0,9.385694e-07,0.031596225,0.04110671,0.047188334,0.053873345
65.3228,-94.4275,56.641,-87.997,D,2016,07,12,2016-07-12,318.2,40,18.0,293.8,0,-8.561341,4.4415164,278.51205,273.7924,273.87405,273.17322,272.7219,0.0,9.385694e-07,0.031596225,0.04110671,0.047188334,0.053873345
65.2488,-126.2918,56.641,-87.997,D,2016,07,12,2016-07-12,305.3,36,20.5,291.2,0,-8.561341,4.4415164,278.51205,273.7924,273.87405,273.17322,272.7219,0.0,9.385694e-07,0.031596225,0.04110671,0.047188334,0.053873345
80.7429,-88.4792,56.641,-87.997,D,2016,07,12,2016-07-12,305.7,0,4.4,294.9,0,-8.561341,4.4415164,278.51205,273.7924,273.87405,273.17322,272.7219,0.0,9.385694e-07,0.031596225,0.04110671,0.047188334,0.053873345
63.6964,-118.1106,56.641,-87.997,D,2016,07,12,2016-07-12,331.6,82,101.9,300.1,0,-8.561341,4.4415164,278.51205,273.7924,273.87405,273.17322,272.7219,0.0,9.385694e-07,0.031596225,0.04110671,0.047188334,0.053873345
65.2224,-126.345,56.641,-87.997,D,2016,07,12,2016-07-12,335.7,84,44.9,299.1,0,-8.561341,4.4415164,278.51205,273.7924,273.87405,273.17322,272.7219,0.0,9.385694e-07,0.031596225,0.04110671,0.047188334,0.053873345
62.4202,-123.2419,56.641,-87.997,D,2016,07,12,2016-07-12,321.7,51,37.0,298.8,0,-8.561341,4.4415164,278.51205,273.7924,273.87405,273.17322,272.7219,0.0,9.385694e-07,0.031596225,0.04110671,0.047188334,0.053873345
63.685,-118.1283,56.641,-87.997,D,2016,07,12,2016-07-12,337.3,90,131.8,295.8,1,-8.561341,4.4415164,278.51205,273.7924,273.87405,273.17322,272.7219,0.0,9.385694e-07,0.031596225,0.04110671,0.047188334,0.053873345
65.2357,-126.3005,56.641,-87.997,D,2016,07,12,2016-07-12,413.6,94,493.9,306.5,1,-8.561341,4.4415164,278.51205,273.7924,273.87405,273.17322,272.7219,0.0,9.385694e-07,0.031596225,0.04110671,0.047188334,0.053873345
63.7093,-118.1527,56.641,-87.997,D,2016,07,12,2016-07-12,316.5,64,39.7,297.0,0,-8.561341,4.4415164,278.51205,273.7924,273.87405,273.17322,272.7219,0.0,9.385694e-07,0.031596225,0.04110671,0.047188334,0.053873345
62.4066,-123.2513,56.641,-87.997,D,2016,07,12,2016-07-12,432.0,100,523.1,310.9,1,-8.561341,4.4415164,278.51205,273.7924,273.87405,273.17322,272.7219,0.0,9.385694e-07,0.031596225,0.04110671,0.047188334,0.053873345
62.4091,-123.2319,56.641,-87.997,D,2016,07,12,2016-07-12,375.2,100,132.4,306.8,1,-8.561341,4.4415164,278.51205,273.7924,273.87405,273.17322,272.7219,0.0,9.385694e-07,0.031596225,0.04110671,0.047188334,0.053873345
62.415,-123.2407,56.641,-87.997,D,2016,07,12,2016-07-12,364.9,100,95.7,307.8,1,-8.561341,4.4415164,278.51205,273.7924,273.87405,273.17322,272.7219,0.0,9.385694e-07,0.031596225,0.04110671,0.047188334,0.053873345
62.4125,-123.2601,56.641,-87.997,D,2016,07,12,2016-07-12,371.6,94,118.3,305.1,1,-8.561341,4.4415164,278.51205,273.7924,273.87405,273.17322,272.7219,0.0,9.385694e-07,0.031596225,0.04110671,0.047188334,0.053873345
62.4239,-123.2459,56.641,-87.997,D,2016,07,12,2016-07-12,335.1,71,28.3,304.1,0,-8.561341,4.4415164,278.51205,273.7924,273.87405,273.17322,272.7219,0.0,9.385694e-07,0.031596225,0.04110671,0.047188334,0.053873345
63.6904,-118.1259,56.641,-87.997,D,2016,07,12,2016-07-12,371.0,100,182.3,308.4,1,-8.561341,4.4415164,278.51205,273.7924,273.87405,273.17322,272.7219,0.0,9.385694e-07,0.031596225,0.04110671,0.047188334,0.053873345
63.6879,-118.1539,56.641,-87.997,D,2016,07,12,2016-07-12,333.6,54,40.8,299.0,0,-8.561341,4.4415164,278.51205,273.7924,273.87405,273.17322,272.7219,0.0,9.385694e-07,0.031596225,0.04110671,0.047188334,0.053873345
63.7008,-118.1305,56.641,-87.997,D,2016,07,12,2016-07-12,334.3,62,43.2,305.5,0,-8.561341,4.4415164,278.51205,273.7924,273.87405,273.17322,272.7219,0.0,9.385694e-07,0.031596225,0.04110671,0.047188334,0.053873345
63.6942,-118.1325,56.641,-87.997,D,2016,07,12,2016-07-12,346.3,89,75.5,308.5,0,-8.561341,4.4415164,278.51205,273.7924,273.87405,273.17322,272.7219,0.0,9.385694e-07,0.031596225,0.04110671,0.047188334,0.053873345
63.5437,-121.586,56.641,-87.997,D,2016,07,12,2016-07-12,316.5,69,12.7,297.5,0,-8.561341,4.4415164,278.51205,273.7924,273.87405,273.17322,272.7219,0.0,9.385694e-07,0.031596225,0.04110671,0.047188334,0.053873345
64.7247,-120.4001,56.641,-87.997,D,2016,07,12,2016-07-12,321.3,46,20.1,295.5,0,-8.561341,4.4415164,278.51205,273.7924,273.87405,273.17322,272.7219,0.0,9.385694e-07,0.031596225,0.04110671,0.047188334,0.053873345
66.7334,-125.5988,56.641,-87.997,D,2016,07,12,2016-07-12,310.9,0,4.3,299.7,0,-8.561341,4.4415164,278.51205,273.7924,273.87405,273.17322,272.7219,0.0,9.385694e-07,0.031596225,0.04110671,0.047188334,0.053873345
66.1875,-130.2242,56.641,-87.997,D,2016,07,12,2016-07-12,306.9,53,5.1,294.3,0,-8.561341,4.4415164,278.51205,273.7924,273.87405,273.17322,272.7219,0.0,9.385694e-07,0.031596225,0.04110671,0.047188334,0.053873345
63.9539,-123.7445,56.641,-87.997,D,2016,07,12,2016-07-12,334.2,88,31.1,301.6,0,-8.561341,4.4415164,278.51205,273.7924,273.87405,273.17322,272.7219,0.0,9.385694e-07,0.031596225,0.04110671,0.047188334,0.053873345
65.9505,-127.0289,56.641,-87.997,D,2016,07,12,2016-07-12,331.9,49,26.2,285.5,0,-8.561341,4.4415164,278.51205,273.7924,273.87405,273.17322,272.7219,0.0,9.385694e-07,0.031596225,0.04110671,0.047188334,0.053873345
68.1736,-129.7772,56.641,-87.997,D,2016,07,12,2016-07-12,304.6,55,20.1,290.7,0,-8.561341,4.4415164,278.51205,273.7924,273.87405,273.17322,272.7219,0.0,9.385694e-07,0.031596225,0.04110671,0.047188334,0.053873345
68.1748,-129.7825,56.641,-87.997,D,2016,07,12,2016-07-12,304.2,54,19.3,290.6,0,-8.561341,4.4415164,278.51205,273.7924,273.87405,273.17322,272.7219,0.0,9.385694e-07,0.031596225,0.04110671,0.047188334,0.053873345
64.304,-140.2884,56.641,-87.997,D,2016,07,12,2016-07-12,324.5,72,44.3,290.9,0,-8.561341,4.4415164,278.51205,273.7924,273.87405,273.17322,272.7219,0.0,9.385694e-07,0.031596225,0.04110671,0.047188334,0.053873345
63.6895,-118.1314,58.124,-98.325,N,2016,07,13,2016-07-13,311.1,33,15.3,291.2,0,-1.5719614,-3.858428,292.53442,290.02286,285.92014,283.32233,276.92557,0.99998474,0.0,0.22315568,0.22992481,0.15674336,0.21695575
63.6988,-118.1417,58.124,-98.325,N,2016,07,13,2016-07-13,306.6,22,10.9,290.1,0,-1.5719614,-3.858428,292.53442,290.02286,285.92014,283.32233,276.92557,0.99998474,0.0,0.22315568,0.22992481,0.15674336,0.21695575
65.2827,-119.4948,64.767,-118.194,D,2016,07,13,2016-07-13,333.1,48,44.4,291.0,0,0.92560583,-1.1208076,289.07825,287.86972,290.68408,286.67963,277.51727,2.0,0.0,0.25283408,0.32322013,0.38338035,0.38932502
65.2917,-119.5061,64.767,-118.194,D,2016,07,13,2016-07-13,344.4,88,72.0,296.5,0,0.92560583,-1.1208076,289.07825,287.86972,290.68408,286.67963,277.51727,2.0,0.0,0.25283408,0.32322013,0.38338035,0.38932502
65.2759,-119.58,64.767,-118.194,D,2016,07,13,2016-07-13,368.7,87,161.5,293.3,0,0.92560583,-1.1208076,289.07825,287.86972,290.68408,286.67963,277.51727,2.0,0.0,0.25283408,0.32322013,0.38338035,0.38932502
65.3007,-119.5174,64.767,-118.194,D,2016,07,13,2016-07-13,323.4,72,29.4,290.4,0,0.92560583,-1.1208076,289.07825,287.86972,290.68408,286.67963,277.51727,2.0,0.0,0.25283408,0.32322013,0.38338035,0.38932502
65.2134,-126.3282,64.767,-118.194,D,2016,07,13,2016-07-13,327.5,74,69.0,282.0,0,0.92560583,-1.1208076,289.07825,287.86972,290.68408,286.67963,277.51727,2.0,0.0,0.25283408,0.32322013,0.38338035,0.38932502
65.2155,-126.3392,64.767,-118.194,D,2016,07,13,2016-07-13,319.3,75,46.3,279.6,0,0.92560583,-1.1208076,289.07825,287.86972,290.68408,286.67963,277.51727,2.0,0.0,0.25283408,0.32322013,0.38338035,0.38932502
62.4145,-123.2362,58.124,-98.325,N,2016,07,13,2016-07-13,302.5,46,13.7,287.5,0,-1.5719614,-3.858428,292.53442,290.02286,285.92014,283.32233,276.92557,0.99998474,0.0,0.22315568,0.22992481,0.15674336,0.21695575
62.4258,-123.2395,58.124,-98.325,N,2016,07,13,2016-07-13,300.1,14,10.7,285.7,0,-1.5719614,-3.858428,292.53442,290.02286,285.92014,283.32233,276.92557,0.99998474,0.0,0.22315568,0.22992481,0.15674336,0.21695575
65.2307,-126.2833,58.124,-98.325,N,2016,07,13,2016-07-13,305.4,15,12.7,281.5,0,-1.5719614,-3.858428,292.53442,290.02286,285.92014,283.32233,276.92557,0.99998474,0.0,0.22315568,0.22992481,0.15674336,0.21695575
65.9825,-127.15,58.124,-98.325,N,2016,07,13,2016-07-13,301.1,34,9.8,286.2,0,-1.5719614,-3.858428,292.53442,290.02286,285.92014,283.32233,276.92557,0.99998474,0.0,0.22315568,0.22992481,0.15674336,0.21695575
65.295,-119.5332,58.124,-98.325,N,2016,07,13,2016-07-13,306.2,67,32.3,285.7,0,-1.5719614,-3.858428,292.53442,290.02286,285.92014,283.32233,276.92557,0.99998474,0.0,0.22315568,0.22992481,0.15674336,0.21695575
65.2933,-119.4984,58.124,-98.325,N,2016,07,13,2016-07-13,311.0,81,17.2,285.6,0,-1.5719614,-3.858428,292.53442,290.02286,285.92014,283.32233,276.92557,0.99998474,0.0,0.22315568,0.22992481,0.15674336,0.21695575
65.235,-126.2876,58.124,-98.325,N,2016,07,13,2016-07-13,304.4,60,21.0,286.3,0,-1.5719614,-3.858428,292.53442,290.02286,285.92014,283.32233,276.92557,0.99998474,0.0,0.22315568,0.22992481,0.15674336,0.21695575
65.3029,-119.4928,58.124,-98.325,N,2016,07,13,2016-07-13,302.2,45,10.1,283.7,0,-1.5719614,-3.858428,292.53442,290.02286,285.92014,283.32233,276.92557,0.99998474,0.0,0.22315568,0.22992481,0.15674336,0.21695575
65.4093,-126.1811,58.124,-98.325,N,2016,07,13,2016-07-13,301.0,36,16.2,286.4,0,-1.5719614,-3.858428,292.53442,290.02286,285.92014,283.32233,276.92557,0.99998474,0.0,0.22315568,0.22992481,0.15674336,0.21695575
63.6958,-118.1091,58.124,-98.325,N,2016,07,13,2016-07-13,304.4,60,9.9,285.6,0,-1.5719614,-3.858428,292.53442,290.02286,285.92014,283.32233,276.92557,0.99998474,0.0,0.22315568,0.22992481,0.15674336,0.21695575
63.6984,-118.1302,58.124,-98.325,N,2016,07,13,2016-07-13,306.8,69,11.4,285.6,0,-1.5719614,-3.858428,292.53442,290.02286,285.92014,283.32233,276.92557,0.99998474,0.0,0.22315568,0.22992481,0.15674336,0.21695575
62.4159,-123.2416,58.124,-98.325,N,2016,07,13,2016-07-13,302.6,31,11.7,285.7,0,-1.5719614,-3.858428,292.53442,290.02286,285.92014,283.32233,276.92557,0.99998474,0.0,0.22315568,0.22992481,0.15674336,0.21695575
65.2328,-126.2768,64.767,-118.194,D,2016,07,13,2016-07-13,309.6,65,20.5,287.6,0,0.92560583,-1.1208076,289.07825,287.86972,290.68408,286.67963,277.51727,2.0,0.0,0.25283408,0.32322013,0.38338035,0.38932502
65.2331,-126.2841,64.767,-118.194,D,2016,07,13,2016-07-13,309.0,49,19.1,287.3,0,0.92560583,-1.1208076,289.07825,287.86972,290.68408,286.67963,277.51727,2.0,0.0,0.25283408,0.32322013,0.38338035,0.38932502
65.2783,-119.5375,64.767,-118.194,D,2016,07,13,2016-07-13,309.5,50,46.6,294.2,0,0.92560583,-1.1208076,289.07825,287.86972,290.68408,286.67963,277.51727,2.0,0.0,0.25283408,0.32322013,0.38338035,0.38932502
65.2635,-119.5854,64.767,-118.194,D,2016,07,13,2016-07-13,317.9,57,119.9,294.1,0,0.92560583,-1.1208076,289.07825,287.86972,290.68408,286.67963,277.51727,2.0,0.0,0.25283408,0.32322013,0.38338035,0.38932502
65.2642,-119.5856,64.767,-118.194,D,2016,07,13,2016-07-13,318.1,43,109.7,294.0,0,0.92560583,-1.1208076,289.07825,287.86972,290.68408,286.67963,277.51727,2.0,0.0,0.25283408,0.32322013,0.38338035,0.38932502
65.2726,-119.5976,64.767,-118.194,D,2016,07,13,2016-07-13,325.6,41,15.8,301.5,0,0.92560583,-1.1208076,289.07825,287.86972,290.68408,286.67963,277.51727,2.0,0.0,0.25283408,0.32322013,0.38338035,0.38932502
65.3116,-119.6017,64.767,-118.194,D,2016,07,13,2016-07-13,333.5,0,24.2,305.8,0,0.92560583,-1.1208076,289.07825,287.86972,290.68408,286.67963,277.51727,2.0,0.0,0.25283408,0.32322013,0.38338035,0.38932502
65.2985,-119.5204,64.767,-118.194,D,2016,07,13,2016-07-13,325.3,18,15.3,307.1,0,0.92560583,-1.1208076,289.07825,287.86972,290.68408,286.67963,277.51727,2.0,0.0,0.25283408,0.32322013,0.38338035,0.38932502
65.2952,-119.5001,64.767,-118.194,D,2016,07,13,2016-07-13,367.6,100,102.0,308.5,1,0.92560583,-1.1208076,289.07825,287.86972,290.68408,286.67963,277.51727,2.0,0.0,0.25283408,0.32322013,0.38338035,0.38932502
65.2919,-119.4798,64.767,-118.194,D,2016,07,13,2016-07-13,328.0,79,18.7,300.9,0,0.92560583,-1.1208076,289.07825,287.86972,290.68408,286.67963,277.51727,2.0,0.0,0.25283408,0.32322013,0.38338035,0.38932502
65.2883,-119.5134,64.767,-118.194,D,2016,07,13,2016-07-13,343.2,92,44.1,305.8,1,0.92560583,-1.1208076,289.07825,287.86972,290.68408,286.67963,277.51727,2.0,0.0,0.25283408,0.32322013,0.38338035,0.38932502
65.285,-119.4931,64.767,-118.194,D,2016,07,13,2016-07-13,368.4,94,106.5,306.0,1,0.92560583,-1.1208076,289.07825,287.86972,290.68408,286.67963,277.51727,2.0,0.0,0.25283408,0.32322013,0.38338035,0.38932502
65.2817,-119.4727,64.767,-118.194,D,2016,07,13,2016-07-13,325.2,70,18.2,298.8,0,0.92560583,-1.1208076,289.07825,287.86972,290.68408,286.67963,277.51727,2.0,0.0,0.25283408,0.32322013,0.38338035,0.38932502
65.2929,-119.6024,64.767,-118.194,D,2016,07,13,2016-07-13,320.5,59,11.7,302.2,0,0.92560583,-1.1208076,289.07825,287.86972,290.68408,286.67963,277.51727,2.0,0.0,0.25283408,0.32322013,0.38338035,0.38932502
65.2844,-119.6102,64.767,-118.194,D,2016,07,13,2016-07-13,320.5,33,11.2,301.5,0,0.92560583,-1.1208076,289.07825,287.86972,290.68408,286.67963,277.51727,2.0,0.0,0.25283408,0.32322013,0.38338035,0.38932502
65.2811,-119.5898,64.767,-118.194,D,2016,07,13,2016-07-13,351.2,83,57.8,304.0,0,0.92560583,-1.1208076,289.07825,287.86972,290.68408,286.67963,277.51727,2.0,0.0,0.25283408,0.32322013,0.38338035,0.38932502
67.2048,-125.3359,64.767,-118.194,D,2016,07,13,2016-07-13,328.6,0,28.0,297.4,0,0.92560583,-1.1208076,289.07825,287.86972,290.68408,286.67963,277.51727,2.0,0.0,0.25283408,0.32322013,0.38338035,0.38932502
65.2178,-126.2975,64.767,-118.194,D,2016,07,13,2016-07-13,326.4,0,23.3,292.8,0,0.92560583,-1.1208076,289.07825,287.86972,290.68408,286.67963,277.51727,2.0,0.0,0.25283408,0.32322013,0.38338035,0.38932502
65.5802,-122.7078,64.767,-118.194,D,2016,07,13,2016-07-13,323.7,79,17.6,301.0,0,0.92560583,-1.1208076,289.07825,287.86972,290.68408,286.67963,277.51727,2.0,0.0,0.25283408,0.32322013,0.38338035,0.38932502
65.282,-119.6023,64.767,-118.194,D,2016,07,13,2016-07-13,333.7,86,31.1,302.2,0,0.92560583,-1.1208076,289.07825,287.86972,290.68408,286.67963,277.51727,2.0,0.0,0.25283408,0.32322013,0.38338035,0.38932502
65.2733,-119.5928,64.767,-118.194,D,2016,07,13,2016-07-13,369.7,94,127.9,305.9,1,0.92560583,-1.1208076,289.07825,287.86972,290.68408,286.67963,277.51727,2.0,0.0,0.25283408,0.32322013,0.38338035,0.38932502
65.2775,-119.5708,64.767,-118.194,D,2016,07,13,2016-07-13,331.7,65,26.1,297.6,0,0.92560583,-1.1208076,289.07825,287.86972,290.68408,286.67963,277.51727,2.0,0.0,0.25283408,0.32322013,0.38338035,0.38932502
65.2901,-119.5049,64.767,-118.194,D,2016,07,13,2016-07-13,378.5,94,164.0,310.3,1,0.92560583,-1.1208076,289.07825,287.86972,290.68408,286.67963,277.51727,2.0,0.0,0.25283408,0.32322013,0.38338035,0.38932502
65.2942,-119.4829,64.767,-118.194,D,2016,07,13,2016-07-13,344.9,93,51.3,302.4,1,0.92560583,-1.1208076,289.07825,287.86972,290.68408,286.67963,277.51727,2.0,0.0,0.25283408,0.32322013,0.38338035,0.38932502
65.2646,-119.5832,64.767,-118.194,D,2016,07,13,2016-07-13,353.3,84,75.7,300.8,0,0.92560583,-1.1208076,289.07825,287.86972,290.68408,286.67963,277.51727,2.0,0.0,0.25283408,0.32322013,0.38338035,0.38932502
65.2772,-119.5172,64.767,-118.194,D,2016,07,13,2016-07-13,351.8,73,67.0,303.5,0,0.92560583,-1.1208076,289.07825,287.86972,290.68408,286.67963,277.51727,2.0,0.0,0.25283408,0.32322013,0.38338035,0.38932502
65.2814,-119.4953,64.767,-118.194,D,2016,07,13,2016-07-13,381.5,87,177.8,305.8,0,0.92560583,-1.1208076,289.07825,287.86972,290.68408,286.67963,277.51727,2.0,0.0,0.25283408,0.32322013,0.38338035,0.38932502
67.1998,-125.3562,64.767,-118.194,D,2016,07,13,2016-07-13,317.4,54,16.6,297.2,0,0.92560583,-1.1208076,289.07825,287.86972,290.68408,286.67963,277.51727,2.0,0.0,0.25283408,0.32322013,0.38338035,0.38932502
67.2056,-125.33,64.767,-118.194,D,2016,07,13,2016-07-13,322.8,0,24.5,295.7,0,0.92560583,-1.1208076,289.07825,287.86972,290.68408,286.67963,277.51727,2.0,0.0,0.25283408,0.32322013,0.38338035,0.38932502
65.5799,-122.7145,64.767,-118.194,D,2016,07,13,2016-07-13,310.0,59,7.2,298.2,0,0.92560583,-1.1208076,289.07825,287.86972,290.68408,286.67963,277.51727,2.0,0.0,0.25283408,0.32322013,0.38338035,0.38932502
65.2608,-119.5644,64.767,-118.194,D,2016,07,13,2016-07-13,337.2,78,228.8,296.2,0,0.92560583,-1.1208076,289.07825,287.86972,290.68408,286.67963,277.51727,2.0,0.0,0.25283408,0.32322013,0.38338035,0.38932502
65.9786,-127.1789,64.767,-118.194,D,2016,07,13,2016-07-13,312.2,30,20.4,292.9,0,0.92560583,-1.1208076,289.07825,287.86972,290.68408,286.67963,277.51727,2.0,0.0,0.25283408,0.32322013,0.38338035,0.38932502
65.2835,-119.6217,64.767,-118.194,D,2016,07,13,2016-07-13,325.8,59,124.3,297.0,0,0.92560583,-1.1208076,289.07825,287.86972,290.68408,286.67963,277.51727,2.0,0.0,0.25283408,0.32322013,0.38338035,0.38932502
65.9771,-127.1206,64.767,-118.194,D,2016,07,13,2016-07-13,313.9,31,25.2,296.4,0,0.92560583,-1.1208076,289.07825,287.86972,290.68408,286.67963,277.51727,2.0,0.0,0.25283408,0.32322013,0.38338035,0.38932502
65.2533,-119.5724,64.767,-118.194,D,2016,07,13,2016-07-13,324.3,32,112.1,296.0,0,0.92560583,-1.1208076,289.07825,287.86972,290.68408,286.67963,277.51727,2.0,0.0,0.25283408,0.32322013,0.38338035,0.38932502
65.2883,-119.4912,64.767,-118.194,D,2016,07,13,2016-07-13,337.0,69,227.5,298.0,0,0.92560583,-1.1208076,289.07825,287.86972,290.68408,286.67963,277.51727,2.0,0.0,0.25283408,0.32322013,0.38338035,0.38932502
65.2768,-119.5186,64.767,-118.194,D,2016,07,13,2016-07-13,345.5,70,315.8,295.4,0,0.92560583,-1.1208076,289.07825,287.86972,290.68408,286.67963,277.51727,2.0,0.0,0.25283408,0.32322013,0.38338035,0.38932502
65.2951,-119.5946,64.767,-118.194,D,2016,07,13,2016-07-13,316.9,0,74.3,297.0,0,0.92560583,-1.1208076,289.07825,287.86972,290.68408,286.67963,277.51727,2.0,0.0,0.25283408,0.32322013,0.38338035,0.38932502
65.2879,-119.6023,64.767,-118.194,D,2016,07,13,2016-07-13,334.6,41,193.0,297.3,0,0.92560583,-1.1208076,289.07825,287.86972,290.68408,286.67963,277.51727,2.0,0.0,0.25283408,0.32322013,0.38338035,0.38932502
66.1845,-130.238,64.767,-118.194,D,2016,07,13,2016-07-13,331.3,0,42.6,296.9,0,0.92560583,-1.1208076,289.07825,287.86972,290.68408,286.67963,277.51727,2.0,0.0,0.25283408,0.32322013,0.38338035,0.38932502
65.2782,-119.6497,64.767,-118.194,D,2016,07,13,2016-07-13,333.4,17,115.9,298.8,0,0.92560583,-1.1208076,289.07825,287.86972,290.68408,286.67963,277.51727,2.0,0.0,0.25283408,0.32322013,0.38338035,0.38932502
65.2794,-119.5856,64.767,-118.194,D,2016,07,13,2016-07-13,343.4,68,199.8,297.9,0,0.92560583,-1.1208076,289.07825,287.86972,290.68408,286.67963,277.51727,2.0,0.0,0.25283408,0.32322013,0.38338035,0.38932502
65.2805,-119.521,64.767,-118.194,D,2016,07,13,2016-07-13,361.6,87,414.6,301.7,0,0.92560583,-1.1208076,289.07825,287.86972,290.68408,286.67963,277.51727,2.0,0.0,0.25283408,0.32322013,0.38338035,0.38932502
67.2022,-125.3483,64.767,-118.194,D,2016,07,13,2016-07-13,325.1,0,52.6,295.2,0,0.92560583,-1.1208076,289.07825,287.86972,290.68408,286.67963,277.51727,2.0,0.0,0.25283408,0.32322013,0.38338035,0.38932502
66.4664,-127.5561,64.767,-118.194,D,2016,07,13,2016-07-13,317.3,48,21.1,294.4,0,0.92560583,-1.1208076,289.07825,287.86972,290.68408,286.67963,277.51727,2.0,0.0,0.25283408,0.32322013,0.38338035,0.38932502
66.455,-127.5513,64.767,-118.194,D,2016,07,13,2016-07-13,333.3,71,57.0,300.0,0,0.92560583,-1.1208076,289.07825,287.86972,290.68408,286.67963,277.51727,2.0,0.0,0.25283408,0.32322013,0.38338035,0.38932502
66.4574,-127.5136,64.767,-118.194,D,2016,07,13,2016-07-13,328.4,56,43.8,298.2,0,0.92560583,-1.1208076,289.07825,287.86972,290.68408,286.67963,277.51727,2.0,0.0,0.25283408,0.32322013,0.38338035,0.38932502
66.1949,-130.2433,64.767,-118.194,D,2016,07,13,2016-07-13,312.2,0,11.5,294.7,0,0.92560583,-1.1208076,289.07825,287.86972,290.68408,286.67963,277.51727,2.0,0.0,0.25283408,0.32322013,0.38338035,0.38932502
65.2943,-119.5864,64.767,-118.194,D,2016,07,13,2016-07-13,320.6,36,67.6,299.3,0,0.92560583,-1.1208076,289.07825,287.86972,290.68408,286.67963,277.51727,2.0,0.0,0.25283408,0.32322013,0.38338035,0.38932502
68.167,-129.753,64.767,-118.194,D,2016,07,13,2016-07-13,312.5,47,14.1,291.3,0,0.92560583,-1.1208076,289.07825,287.86972,290.68408,286.67963,277.51727,2.0,0.0,0.25283408,0.32322013,0.38338035,0.38932502
68.1678,-129.7612,64.767,-118.194,D,2016,07,13,2016-07-13,315.1,55,19.6,292.2,0,0.92560583,-1.1208076,289.07825,287.86972,290.68408,286.67963,277.51727,2.0,0.0,0.25283408,0.32322013,0.38338035,0.38932502
63.9465,-124.0904,63.934,-121.343,N,2016,07,14,2016-07-14,303.4,33,5.9,290.6,0,1.8813711,-1.1721624,301.26697,298.6989,292.29935,287.17798,277.34976,6.0,0.0,0.48564237,0.5340867,0.58399564,0.6141708
64.6729,-125.7295,63.934,-121.343,N,2016,07,14,2016-07-14,300.3,23,5.4,288.6,0,1.8813711,-1.1721624,301.26697,298.6989,292.29935,287.17798,277.34976,6.0,0.0,0.48564237,0.5340867,0.58399564,0.6141708
65.2332,-126.2672,63.934,-121.343,N,2016,07,14,2016-07-14,315.2,91,16.2,289.7,1,1.8813711,-1.1721624,301.26697,298.6989,292.29935,287.17798,277.34976,6.0,0.0,0.48564237,0.5340867,0.58399564,0.6141708
65.2293,-126.2888,63.934,-121.343,N,2016,07,14,2016-07-14,313.3,87,13.9,290.4,0,1.8813711,-1.1721624,301.26697,298.6989,292.29935,287.17798,277.34976,6.0,0.0,0.48564237,0.5340867,0.58399564,0.6141708
65.9732,-127.198,63.934,-121.343,N,2016,07,14,2016-07-14,322.2,100,22.1,293.5,1,1.8813711,-1.1721624,301.26697,298.6989,292.29935,287.17798,277.34976,6.0,0.0,0.48564237,0.5340867,0.58399564,0.6141708
65.9816,-127.2083,63.934,-121.343,N,2016,07,14,2016-07-14,308.2,74,10.2,289.5,0,1.8813711,-1.1721624,301.26697,298.6989,292.29935,287.17798,277.34976,6.0,0.0,0.48564237,0.5340867,0.58399564,0.6141708
66.4581,-127.5218,63.934,-121.343,N,2016,07,14,2016-07-14,315.3,91,14.6,292.2,1,1.8813711,-1.1721624,301.26697,298.6989,292.29935,287.17798,277.34976,6.0,0.0,0.48564237,0.5340867,0.58399564,0.6141708
66.4666,-127.5316,63.934,-121.343,N,2016,07,14,2016-07-14,308.3,74,8.9,291.6,0,1.8813711,-1.1721624,301.26697,298.6989,292.29935,287.17798,277.34976,6.0,0.0,0.48564237,0.5340867,0.58399564,0.6141708
63.8978,-124.0407,63.934,-121.343,N,2016,07,14,2016-07-14,309.6,78,11.2,289.4,0,1.8813711,-1.1721624,301.26697,298.6989,292.29935,287.17798,277.34976,6.0,0.0,0.48564237,0.5340867,0.58399564,0.6141708
63.9363,-124.0346,63.934,-121.343,N,2016,07,14,2016-07-14,302.3,32,5.7,290.1,0,1.8813711,-1.1721624,301.26697,298.6989,292.29935,287.17798,277.34976,6.0,0.0,0.48564237,0.5340867,0.58399564,0.6141708
68.1828,-129.8035,64.605,-122.957,D,2016,07,14,2016-07-14,305.4,58,8.6,287.1,0,1.6820573,0.46230564,288.06104,287.6623,292.19675,285.9873,272.64374,6.0,0.0,0.4519716,0.5136446,0.5549133,0.6273501
68.1621,-129.7461,64.605,-122.957,D,2016,07,14,2016-07-14,302.6,53,7.2,287.3,0,1.6820573,0.46230564,288.06104,287.6623,292.19675,285.9873,272.64374,6.0,0.0,0.4519716,0.5136446,0.5549133,0.6273501
65.9742,-127.1838,63.934,-121.343,N,2016,07,14,2016-07-14,300.5,29,28.8,287.3,0,1.8813711,-1.1721624,301.26697,298.6989,292.29935,287.17798,277.34976,6.0,0.0,0.48564237,0.5340867,0.58399564,0.6141708
65.9758,-127.2023,63.934,-121.343,N,2016,07,14,2016-07-14,312.5,85,15.3,288.9,0,1.8813711,-1.1721624,301.26697,298.6989,292.29935,287.17798,277.34976,6.0,0.0,0.48564237,0.5340867,0.58399564,0.6141708
65.2299,-126.2577,63.934,-121.343,N,2016,07,14,2016-07-14,303.1,51,7.5,285.7,0,1.8813711,-1.1721624,301.26697,298.6989,292.29935,287.17798,277.34976,6.0,0.0,0.48564237,0.5340867,0.58399564,0.6141708
65.2327,-126.2789,63.934,-121.343,N,2016,07,14,2016-07-14,308.0,73,10.2,287.7,0,1.8813711,-1.1721624,301.26697,298.6989,292.29935,287.17798,277.34976,6.0,0.0,0.48564237,0.5340867,0.58399564,0.6141708
63.8952,-124.0382,63.934,-121.343,N,2016,07,14,2016-07-14,302.1,47,8.0,283.8,0,1.8813711,-1.1721624,301.26697,298.6989,292.29935,287.17798,277.34976,6.0,0.0,0.48564237,0.5340867,0.58399564,0.6141708
63.8983,-124.0576,63.934,-121.343,N,2016,07,14,2016-07-14,303.9,57,9.1,284.4,0,1.8813711,-1.1721624,301.26697,298.6989,292.29935,287.17798,277.34976,6.0,0.0,0.48564237,0.5340867,0.58399564,0.6141708
66.4656,-127.5219,64.605,-122.957,D,2016,07,14,2016-07-14,307.4,51,22.0,291.8,0,1.6820573,0.46230564,288.06104,287.6623,292.19675,285.9873,272.64374,6.0,0.0,0.4519716,0.5136446,0.5549133,0.6273501
65.9729,-127.1227,64.605,-122.957,D,2016,07,14,2016-07-14,309.5,0,29.6,295.7,0,1.6820573,0.46230564,288.06104,287.6623,292.19675,285.9873,272.64374,6.0,0.0,0.4519716,0.5136446,0.5549133,0.6273501
65.9779,-127.2019,64.605,-122.957,D,2016,07,14,2016-07-14,314.1,0,46.6,293.7,0,1.6820573,0.46230564,288.06104,287.6623,292.19675,285.9873,272.64374,6.0,0.0,0.4519716,0.5136446,0.5549133,0.6273501
65.9769,-127.1299,64.605,-122.957,D,2016,07,14,2016-07-14,308.6,43,24.2,294.9,0,1.6820573,0.46230564,288.06104,287.6623,292.19675,285.9873,272.64374,6.0,0.0,0.4519716,0.5136446,0.5549133,0.6273501
65.4137,-126.1835,64.605,-122.957,D,2016,07,14,2016-07-14,309.4,0,26.9,296.3,0,1.6820573,0.46230564,288.06104,287.6623,292.19675,285.9873,272.64374,6.0,0.0,0.4519716,0.5136446,0.5549133,0.6273501
65.2332,-126.279,64.605,-122.957,D,2016,07,14,2016-07-14,332.4,87,192.0,292.4,0,1.6820573,0.46230564,288.06104,287.6623,292.19675,285.9873,272.64374,6.0,0.0,0.4519716,0.5136446,0.5549133,0.6273501
65.2252,-126.2742,64.605,-122.957,D,2016,07,14,2016-07-14,338.3,91,255.0,290.9,1,1.6820573,0.46230564,288.06104,287.6623,292.19675,285.9873,272.64374,6.0,0.0,0.4519716,0.5136446,0.5549133,0.6273501
68.1568,-129.7371,64.605,-122.957,D,2016,07,14,2016-07-14,328.4,84,23.8,294.7,0,1.6820573,0.46230564,288.06104,287.6623,292.19675,285.9873,272.64374,6.0,0.0,0.4519716,0.5136446,0.5549133,0.6273501
68.1653,-129.7282,64.605,-122.957,D,2016,07,14,2016-07-14,309.5,60,5.9,294.3,0,1.6820573,0.46230564,288.06104,287.6623,292.19675,285.9873,272.64374,6.0,0.0,0.4519716,0.5136446,0.5549133,0.6273501
68.1871,-129.8106,64.605,-122.957,D,2016,07,14,2016-07-14,319.6,72,14.5,295.8,0,1.6820573,0.46230564,288.06104,287.6623,292.19675,285.9873,272.64374,6.0,0.0,0.4519716,0.5136446,0.5549133,0.6273501
66.4842,-127.59,64.605,-122.957,D,2016,07,14,2016-07-14,323.6,47,14.7,298.7,0,1.6820573,0.46230564,288.06104,287.6623,292.19675,285.9873,272.64374,6.0,0.0,0.4519716,0.5136446,0.5549133,0.6273501
66.4693,-127.5043,64.605,-122.957,D,2016,07,14,2016-07-14,386.9,0,184.4,299.8,0,1.6820573,0.46230564,288.06104,287.6623,292.19675,285.9873,272.64374,6.0,0.0,0.4519716,0.5136446,0.5549133,0.6273501
66.4646,-127.5349,64.605,-122.957,D,2016,07,14,2016-07-14,330.1,76,21.3,299.7,0,1.6820573,0.46230564,288.06104,287.6623,292.19675,285.9873,272.64374,6.0,0.0,0.4519716,0.5136446,0.5549133,0.6273501
66.4609,-127.5135,64.605,-122.957,D,2016,07,14,2016-07-14,333.3,81,26.4,297.9,0,1.6820573,0.46230564,288.06104,287.6623,292.19675,285.9873,272.64374,6.0,0.0,0.4519716,0.5136446,0.5549133,0.6273501
65.9864,-125.725,64.605,-122.957,D,2016,07,14,2016-07-14,313.5,56,9.6,300.5,0,1.6820573,0.46230564,288.06104,287.6623,292.19675,285.9873,272.64374,6.0,0.0,0.4519716,0.5136446,0.5549133,0.6273501
65.9558,-127.0129,64.605,-122.957,D,2016,07,14,2016-07-14,335.5,66,34.0,298.7,0,1.6820573,0.46230564,288.06104,287.6623,292.19675,285.9873,272.64374,6.0,0.0,0.4519716,0.5136446,0.5549133,0.6273501
65.9433,-127.0003,64.605,-122.957,D,2016,07,14,2016-07-14,403.3,87,291.7,308.6,0,1.6820573,0.46230564,288.06104,287.6623,292.19675,285.9873,272.64374,6.0,0.0,0.4519716,0.5136446,0.5549133,0.6273501
65.9394,-126.9789,64.605,-122.957,D,2016,07,14,2016-07-14,408.5,94,328.9,307.8,1,1.6820573,0.46230564,288.06104,287.6623,292.19675,285.9873,272.64374,6.0,0.0,0.4519716,0.5136446,0.5549133,0.6273501
65.9354,-126.9574,64.605,-122.957,D,2016,07,14,2016-07-14,348.1,95,57.3,296.6,1,1.6820573,0.46230564,288.06104,287.6623,292.19675,285.9873,272.64374,6.0,0.0,0.4519716,0.5136446,0.5549133,0.6273501
65.9734,-127.2069,64.605,-122.957,D,2016,07,14,2016-07-14,338.9,59,40.4,302.9,0,1.6820573,0.46230564,288.06104,287.6623,292.19675,285.9873,272.64374,6.0,0.0,0.4519716,0.5136446,0.5549133,0.6273501
65.9344,-126.9909,64.605,-122.957,D,2016,07,14,2016-07-14,408.0,75,325.6,311.8,0,1.6820573,0.46230564,288.06104,287.6623,292.19675,285.9873,272.64374,6.0,0.0,0.4519716,0.5136446,0.5549133,0.6273501
65.9305,-126.9693,64.605,-122.957,D,2016,07,14,2016-07-14,348.0,89,56.3,301.7,0,1.6820573,0.46230564,288.06104,287.6623,292.19675,285.9873,272.64374,6.0,0.0,0.4519716,0.5136446,0.5549133,0.6273501
65.9219,-126.9783,64.605,-122.957,D,2016,07,14,2016-07-14,315.1,40,7.7,300.1,0,1.6820573,0.46230564,288.06104,287.6623,292.19675,285.9873,272.64374,6.0,0.0,0.4519716,0.5136446,0.5549133,0.6273501
65.7813,-127.5752,64.605,-122.957,D,2016,07,14,2016-07-14,327.3,71,20.4,305.7,0,1.6820573,0.46230564,288.06104,287.6623,292.19675,285.9873,272.64374,6.0,0.0,0.4519716,0.5136446,0.5549133,0.6273501
65.7775,-127.554,64.605,-122.957,D,2016,07,14,2016-07-14,388.5,94,198.7,311.0,1,1.6820573,0.46230564,288.06104,287.6623,292.19675,285.9873,272.64374,6.0,0.0,0.4519716,0.5136446,0.5549133,0.6273501
65.7738,-127.5329,64.605,-122.957,D,2016,07,14,2016-07-14,340.7,91,41.5,301.4,1,1.6820573,0.46230564,288.06104,287.6623,292.19675,285.9873,272.64374,6.0,0.0,0.4519716,0.5136446,0.5549133,0.6273501
66.1953,-130.2193,64.605,-122.957,D,2016,07,14,2016-07-14,312.2,0,5.4,300.0,0,1.6820573,0.46230564,288.06104,287.6623,292.19675,285.9873,272.64374,6.0,0.0,0.4519716,0.5136446,0.5549133,0.6273501
66.1893,-130.3029,64.605,-122.957,D,2016,07,14,2016-07-14,325.7,0,18.4,302.1,0,1.6820573,0.46230564,288.06104,287.6623,292.19675,285.9873,272.64374,6.0,0.0,0.4519716,0.5136446,0.5549133,0.6273501
65.4356,-126.2475,64.605,-122.957,D,2016,07,14,2016-07-14,347.9,63,57.2,307.4,0,1.6820573,0.46230564,288.06104,287.6623,292.19675,285.9873,272.64374,6.0,0.0,0.4519716,0.5136446,0.5549133,0.6273501
65.4314,-126.2259,64.605,-122.957,D,2016,07,14,2016-07-14,334.1,51,30.6,302.6,0,1.6820573,0.46230564,288.06104,287.6623,292.19675,285.9873,272.64374,6.0,0.0,0.4519716,0.5136446,0.5549133,0.6273501
65.4143,-126.1916,64.605,-122.957,D,2016,07,14,2016-07-14,429.3,75,553.8,315.3,0,1.6820573,0.46230564,288.06104,287.6623,292.19675,285.9873,272.64374,6.0,0.0,0.4519716,0.5136446,0.5549133,0.6273501
65.41,-126.1694,64.605,-122.957,D,2016,07,14,2016-07-14,402.2,0,305.3,305.7,0,1.6820573,0.46230564,288.06104,287.6623,292.19675,285.9873,272.64374,6.0,0.0,0.4519716,0.5136446,0.5549133,0.6273501
65.2351,-126.2958,64.605,-122.957,D,2016,07,14,2016-07-14,340.6,36,41.7,297.0,0,1.6820573,0.46230564,288.06104,287.6623,292.19675,285.9873,272.64374,6.0,0.0,0.4519716,0.5136446,0.5549133,0.6273501
65.2308,-126.2738,64.605,-122.957,D,2016,07,14,2016-07-14,369.3,90,124.0,298.2,1,1.6820573,0.46230564,288.06104,287.6623,292.19675,285.9873,272.64374,6.0,0.0,0.4519716,0.5136446,0.5549133,0.6273501
65.2187,-126.3446,64.605,-122.957,D,2016,07,14,2016-07-14,314.4,64,8.0,300.6,0,1.6820573,0.46230564,288.06104,287.6623,292.19675,285.9873,272.64374,6.0,0.0,0.4519716,0.5136446,0.5549133,0.6273501
64.6668,-125.7287,64.605,-122.957,D,2016,07,14,2016-07-14,390.9,100,252.5,307.1,1,1.6820573,0.46230564,288.06104,287.6623,292.19675,285.9873,272.64374,6.0,0.0,0.4519716,0.5136446,0.5549133,0.6273501
64.6623,-125.7065,64.605,-122.957,D,2016,07,14,2016-07-14,383.2,94,206.6,303.3,1,1.6820573,0.46230564,288.06104,287.6623,292.19675,285.9873,272.64374,6.0,0.0,0.4519716,0.5136446,0.5549133,0.6273501
64.6684,-125.7104,64.605,-122.957,D,2016,07,14,2016-07-14,355.8,92,70.3,300.6,1,1.6820573,0.46230564,288.06104,287.6623,292.19675,285.9873,272.64374,6.0,0.0,0.4519716,0.5136446,0.5549133,0.6273501
64.6599,-125.7029,64.605,-122.957,D,2016,07,14,2016-07-14,406.8,94,293.0,303.0,1,1.6820573,0.46230564,288.06104,287.6623,292.19675,285.9873,272.64374,6.0,0.0,0.4519716,0.5136446,0.5549133,0.6273501
64.6567,-125.723,64.605,-122.957,D,2016,07,14,2016-07-14,382.9,100,160.5,306.0,1,1.6820573,0.46230564,288.06104,287.6623,292.19675,285.9873,272.64374,6.0,0.0,0.4519716,0.5136446,0.5549133,0.6273501
64.6652,-125.7304,64.605,-122.957,D,2016,07,14,2016-07-14,373.3,100,122.7,307.0,1,1.6820573,0.46230564,288.06104,287.6623,292.19675,285.9873,272.64374,6.0,0.0,0.4519716,0.5136446,0.5549133,0.6273501
64.9569,-124.65,64.605,-122.957,D,2016,07,14,2016-07-14,328.4,78,21.5,299.9,0,1.6820573,0.46230564,288.06104,287.6623,292.19675,285.9873,272.64374,6.0,0.0,0.4519716,0.5136446,0.5549133,0.6273501
65.2395,-126.3089,64.605,-122.957,D,2016,07,14,2016-07-14,342.6,34,38.0,296.9,0,1.6820573,0.46230564,288.06104,287.6623,292.19675,285.9873,272.64374,6.0,0.0,0.4519716,0.5136446,0.5549133,0.6273501
65.4154,-126.1719,64.605,-122.957,D,2016,07,14,2016-07-14,362.8,75,88.0,299.6,0,1.6820573,0.46230564,288.06104,287.6623,292.19675,285.9873,272.64374,6.0,0.0,0.4519716,0.5136446,0.5549133,0.6273501
65.4122,-126.1923,64.605,-122.957,D,2016,07,14,2016-07-14,403.9,0,273.1,312.0,0,1.6820573,0.46230564,288.06104,287.6623,292.19675,285.9873,272.64374,6.0,0.0,0.4519716,0.5136446,0.5549133,0.6273501
65.4284,-126.2142,64.605,-122.957,D,2016,07,14,2016-07-14,324.6,54,16.4,298.9,0,1.6820573,0.46230564,288.06104,287.6623,292.19675,285.9873,272.64374,6.0,0.0,0.4519716,0.5136446,0.5549133,0.6273501
65.4252,-126.2348,64.605,-122.957,D,2016,07,14,2016-07-14,345.7,71,47.4,306.9,0,1.6820573,0.46230564,288.06104,287.6623,292.19675,285.9873,272.64374,6.0,0.0,0.4519716,0.5136446,0.5549133,0.6273501
65.4336,-126.2425,64.605,-122.957,D,2016,07,14,2016-07-14,356.5,74,69.1,306.3,0,1.6820573,0.46230564,288.06104,287.6623,292.19675,285.9873,272.64374,6.0,0.0,0.4519716,0.5136446,0.5549133,0.6273501
65.7757,-127.5475,64.605,-122.957,D,2016,07,14,2016-07-14,389.4,100,192.4,310.4,1,1.6820573,0.46230564,288.06104,287.6623,292.19675,285.9873,272.64374,6.0,0.0,0.4519716,0.5136446,0.5549133,0.6273501
65.7722,-127.5683,64.605,-122.957,D,2016,07,14,2016-07-14,334.8,82,27.1,305.4,0,1.6820573,0.46230564,288.06104,287.6623,292.19675,285.9873,272.64374,6.0,0.0,0.4519716,0.5136446,0.5549133,0.6273501
65.7828,-127.5616,64.605,-122.957,D,2016,07,14,2016-07-14,320.8,75,12.1,304.6,0,1.6820573,0.46230564,288.06104,287.6623,292.19675,285.9873,272.64374,6.0,0.0,0.4519716,0.5136446,0.5549133,0.6273501
65.7794,-127.5824,64.605,-122.957,D,2016,07,14,2016-07-14,318.7,63,10.1,306.2,0,1.6820573,0.46230564,288.06104,287.6623,292.19675,285.9873,272.64374,6.0,0.0,0.4519716,0.5136446,0.5549133,0.6273501
65.9265,-126.9798,64.605,-122.957,D,2016,07,14,2016-07-14,341.3,52,41.2,290.2,0,1.6820573,0.46230564,288.06104,287.6623,292.19675,285.9873,272.64374,6.0,0.0,0.4519716,0.5136446,0.5549133,0.6273501
65.9383,-126.967,64.605,-122.957,D,2016,07,14,2016-07-14,358.6,93,77.7,292.0,1,1.6820573,0.46230564,288.06104,287.6623,292.19675,285.9873,272.64374,6.0,0.0,0.4519716,0.5136446,0.5549133,0.6273501
65.9468,-126.9751,64.605,-122.957,D,2016,07,14,2016-07-14,318.0,40,12.5,289.1,0,1.6820573,0.46230564,288.06104,287.6623,292.19675,285.9873,272.64374,6.0,0.0,0.4519716,0.5136446,0.5549133,0.6273501
66.4501,-127.5341,64.605,-122.957,D,2016,07,14,2016-07-14,322.6,45,13.1,297.6,0,1.6820573,0.46230564,288.06104,287.6623,292.19675,285.9873,272.64374,6.0,0.0,0.4519716,0.5136446,0.5549133,0.6273501
66.4653,-127.5003,64.605,-122.957,D,2016,07,14,2016-07-14,338.4,59,34.5,292.3,0,1.6820573,0.46230564,288.06104,287.6623,292.19675,285.9873,272.64374,6.0,0.0,0.4519716,0.5136446,0.5549133,0.6273501
66.4619,-127.5214,64.605,-122.957,D,2016,07,14,2016-07-14,360.2,93,76.7,303.7,1,1.6820573,0.46230564,288.06104,287.6623,292.19675,285.9873,272.64374,6.0,0.0,0.4519716,0.5136446,0.5549133,0.6273501
66.4721,-127.5122,64.605,-122.957,D,2016,07,14,2016-07-14,326.3,62,18.6,296.5,0,1.6820573,0.46230564,288.06104,287.6623,292.19675,285.9873,272.64374,6.0,0.0,0.4519716,0.5136446,0.5549133,0.6273501
66.4687,-127.5333,64.605,-122.957,D,2016,07,14,2016-07-14,329.7,63,21.6,299.2,0,1.6820573,0.46230564,288.06104,287.6623,292.19675,285.9873,272.64374,6.0,0.0,0.4519716,0.5136446,0.5549133,0.6273501
66.4703,-127.5841,64.605,-122.957,D,2016,07,14,2016-07-14,323.1,62,13.1,297.6,0,1.6820573,0.46230564,288.06104,287.6623,292.19675,285.9873,272.64374,6.0,0.0,0.4519716,0.5136446,0.5549133,0.6273501
66.4821,-127.5715,64.605,-122.957,D,2016,07,14,2016-07-14,369.7,0,108.4,298.1,0,1.6820573,0.46230564,288.06104,287.6623,292.19675,285.9873,272.64374,6.0,0.0,0.4519716,0.5136446,0.5549133,0.6273501
66.4787,-127.5927,64.605,-122.957,D,2016,07,14,2016-07-14,335.8,76,29.4,296.6,0,1.6820573,0.46230564,288.06104,287.6623,292.19675,285.9873,272.64374,6.0,0.0,0.4519716,0.5136446,0.5549133,0.6273501
66.1942,-130.2362,64.605,-122.957,D,2016,07,14,2016-07-14,332.3,0,29.4,300.6,0,1.6820573,0.46230564,288.06104,287.6623,292.19675,285.9873,272.64374,6.0,0.0,0.4519716,0.5136446,0.5549133,0.6273501
68.1876,-129.8096,64.605,-122.957,D,2016,07,14,2016-07-14,319.7,72,14.0,295.9,0,1.6820573,0.46230564,288.06104,287.6623,292.19675,285.9873,272.64374,6.0,0.0,0.4519716,0.5136446,0.5549133,0.6273501
68.1627,-129.7192,64.605,-122.957,D,2016,07,14,2016-07-14,310.8,62,6.6,292.9,0,1.6820573,0.46230564,288.06104,287.6623,292.19675,285.9873,272.64374,6.0,0.0,0.4519716,0.5136446,0.5549133,0.6273501
68.159,-129.7416,64.605,-122.957,D,2016,07,14,2016-07-14,340.1,91,40.8,295.1,1,1.6820573,0.46230564,288.06104,287.6623,292.19675,285.9873,272.64374,6.0,0.0,0.4519716,0.5136446,0.5549133,0.6273501
65.4339,-126.2363,64.605,-122.957,D,2016,07,14,2016-07-14,346.7,0,461.9,297.5,0,1.6820573,0.46230564,288.06104,287.6623,292.19675,285.9873,272.64374,6.0,0.0,0.4519716,0.5136446,0.5549133,0.6273501
68.1523,-129.7224,64.605,-122.957,D,2016,07,14,2016-07-14,301.1,42,20.4,274.2,0,1.6820573,0.46230564,288.06104,287.6623,292.19675,285.9873,272.64374,6.0,0.0,0.4519716,0.5136446,0.5549133,0.6273501
65.9825,-127.2328,64.605,-122.957,D,2016,07,14,2016-07-14,305.9,0,25.1,290.1,0,1.6820573,0.46230564,288.06104,287.6623,292.19675,285.9873,272.64374,6.0,0.0,0.4519716,0.5136446,0.5549133,0.6273501
65.9379,-126.9598,64.605,-122.957,D,2016,07,14,2016-07-14,364.8,82,734.3,296.1,0,1.6820573,0.46230564,288.06104,287.6623,292.19675,285.9873,272.64374,6.0,0.0,0.4519716,0.5136446,0.5549133,0.6273501
65.9275,-126.9736,64.605,-122.957,D,2016,07,14,2016-07-14,367.0,87,780.4,297.0,0,1.6820573,0.46230564,288.06104,287.6623,292.19675,285.9873,272.64374,6.0,0.0,0.4519716,0.5136446,0.5549133,0.6273501
65.9547,-127.0355,64.605,-122.957,D,2016,07,14,2016-07-14,319.1,67,95.8,292.4,0,1.6820573,0.46230564,288.06104,287.6623,292.19675,285.9873,272.64374,6.0,0.0,0.4519716,0.5136446,0.5549133,0.6273501
65.9402,-126.946,64.605,-122.957,D,2016,07,14,2016-07-14,336.6,84,263.0,292.7,0,1.6820573,0.46230564,288.06104,287.6623,292.19675,285.9873,272.64374,6.0,0.0,0.4519716,0.5136446,0.5549133,0.6273501
66.4447,-127.4814,64.605,-122.957,D,2016,07,14,2016-07-14,360.7,71,564.8,293.0,0,1.6820573,0.46230564,288.06104,287.6623,292.19675,285.9873,272.64374,6.0,0.0,0.4519716,0.5136446,0.5549133,0.6273501
66.4683,-127.5383,64.605,-122.957,D,2016,07,14,2016-07-14,349.6,68,384.7,289.9,0,1.6820573,0.46230564,288.06104,287.6623,292.19675,285.9873,272.64374,6.0,0.0,0.4519716,0.5136446,0.5549133,0.6273501
66.4491,-127.4608,64.605,-122.957,D,2016,07,14,2016-07-14,357.4,86,503.6,289.6,0,1.6820573,0.46230564,288.06104,287.6623,292.19675,285.9873,272.64374,6.0,0.0,0.4519716,0.5136446,0.5549133,0.6273501
66.4729,-127.5173,64.605,-122.957,D,2016,07,14,2016-07-14,353.7,74,437.0,293.0,0,1.6820573,0.46230564,288.06104,287.6623,292.19675,285.9873,272.64374,6.0,0.0,0.4519716,0.5136446,0.5549133,0.6273501
65.2064,-126.2622,64.605,-122.957,D,2016,07,14,2016-07-14,344.5,93,435.3,296.3,1,1.6820573,0.46230564,288.06104,287.6623,292.19675,285.9873,272.64374,6.0,0.0,0.4519716,0.5136446,0.5549133,0.6273501
65.2388,-126.3334,64.605,-122.957,D,2016,07,14,2016-07-14,335.5,88,295.3,294.5,0,1.6820573,0.46230564,288.06104,287.6623,292.19675,285.9873,272.64374,6.0,0.0,0.4519716,0.5136446,0.5549133,0.6273501
65.7693,-127.5351,64.605,-122.957,D,2016,07,14,2016-07-14,336.2,89,251.2,298.1,0,1.6820573,0.46230564,288.06104,287.6623,292.19675,285.9873,272.64374,6.0,0.0,0.4519716,0.5136446,0.5549133,0.6273501
65.2213,-126.2375,64.605,-122.957,D,2016,07,14,2016-07-14,403.8,100,2482.5,299.6,1,1.6820573,0.46230564,288.06104,287.6623,292.19675,285.9873,272.64374,6.0,0.0,0.4519716,0.5136446,0.5549133,0.6273501
65.2536,-126.3086,64.605,-122.957,D,2016,07,14,2016-07-14,358.6,99,714.8,296.5,1,1.6820573,0.46230564,288.06104,287.6623,292.19675,285.9873,272.64374,6.0,0.0,0.4519716,0.5136446,0.5549133,0.6273501
65.2065,-126.2596,64.605,-122.957,D,2016,07,14,2016-07-14,347.7,95,491.8,296.4,1,1.6820573,0.46230564,288.06104,287.6623,292.19675,285.9873,272.64374,6.0,0.0,0.4519716,0.5136446,0.5549133,0.6273501
65.2391,-126.3303,64.605,-122.957,D,2016,07,14,2016-07-14,341.1,91,375.0,294.8,1,1.6820573,0.46230564,288.06104,287.6623,292.19675,285.9873,272.64374,6.0,0.0,0.4519716,0.5136446,0.5549133,0.6273501
65.2214,-126.2346,64.605,-122.957,D,2016,07,14,2016-07-14,409.3,100,2826.0,298.7,1,1.6820573,0.46230564,288.06104,287.6623,292.19675,285.9873,272.64374,6.0,0.0,0.4519716,0.5136446,0.5549133,0.6273501
65.773,-127.5237,64.605,-122.957,D,2016,07,14,2016-07-14,336.1,89,248.9,297.9,0,1.6820573,0.46230564,288.06104,287.6623,292.19675,285.9873,272.64374,6.0,0.0,0.4519716,0.5136446,0.5549133,0.6273501
65.2539,-126.3053,64.605,-122.957,D,2016,07,14,2016-07-14,364.7,100,870.8,296.3,1,1.6820573,0.46230564,288.06104,287.6623,292.19675,285.9873,272.64374,6.0,0.0,0.4519716,0.5136446,0.5549133,0.6273501
65.4343,-126.2428,64.605,-122.957,D,2016,07,14,2016-07-14,344.3,0,420.6,297.4,0,1.6820573,0.46230564,288.06104,287.6623,292.19675,285.9873,272.64374,6.0,0.0,0.4519716,0.5136446,0.5549133,0.6273501
66.445,-127.4892,64.605,-122.957,D,2016,07,14,2016-07-14,363.3,87,616.1,295.5,0,1.6820573,0.46230564,288.06104,287.6623,292.19675,285.9873,272.64374,6.0,0.0,0.4519716,0.5136446,0.5549133,0.6273501
66.4452,-127.5746,64.605,-122.957,D,2016,07,14,2016-07-14,322.2,73,101.1,292.1,0,1.6820573,0.46230564,288.06104,287.6623,292.19675,285.9873,272.64374,6.0,0.0,0.4519716,0.5136446,0.5549133,0.6273501
66.4615,-127.5727,64.605,-122.957,D,2016,07,14,2016-07-14,327.5,49,125.8,294.2,0,1.6820573,0.46230564,288.06104,287.6623,292.19675,285.9873,272.64374,6.0,0.0,0.4519716,0.5136446,0.5549133,0.6273501
66.4501,-127.4917,64.605,-122.957,D,2016,07,14,2016-07-14,375.5,87,877.4,296.3,0,1.6820573,0.46230564,288.06104,287.6623,292.19675,285.9873,272.64374,6.0,0.0,0.4519716,0.5136446,0.5549133,0.6273501
66.4505,-127.5765,64.605,-122.957,D,2016,07,14,2016-07-14,328.1,78,138.1,292.3,0,1.6820573,0.46230564,288.06104,287.6623,292.19675,285.9873,272.64374,6.0,0.0,0.4519716,0.5136446,0.5549133,0.6273501
66.4668,-127.5755,64.605,-122.957,D,2016,07,14,2016-07-14,328.9,79,145.3,294.8,0,1.6820573,0.46230564,288.06104,287.6623,292.19675,285.9873,272.64374,6.0,0.0,0.4519716,0.5136446,0.5549133,0.6273501
66.4831,-127.5751,64.605,-122.957,D,2016,07,14,2016-07-14,323.4,74,112.2,294.2,0,1.6820573,0.46230564,288.06104,287.6623,292.19675,285.9873,272.64374,6.0,0.0,0.4519716,0.5136446,0.5549133,0.6273501
66.4834,-127.6592,64.605,-122.957,D,2016,07,14,2016-07-14,308.5,25,24.3,291.2,0,1.6820573,0.46230564,288.06104,287.6623,292.19675,285.9873,272.64374,6.0,0.0,0.4519716,0.5136446,0.5549133,0.6273501
65.2229,-126.2668,64.605,-122.957,D,2016,07,14,2016-07-14,429.8,94,3646.2,309.8,1,1.6820573,0.46230564,288.06104,287.6623,292.19675,285.9873,272.64374,6.0,0.0,0.4519716,0.5136446,0.5549133,0.6273501
64.653,-125.7214,64.605,-122.957,D,2016,07,14,2016-07-14,346.2,84,408.5,295.0,0,1.6820573,0.46230564,288.06104,287.6623,292.19675,285.9873,272.64374,6.0,0.0,0.4519716,0.5136446,0.5549133,0.6273501
64.6533,-125.7242,64.605,-122.957,D,2016,07,14,2016-07-14,345.3,83,395.4,295.1,0,1.6820573,0.46230564,288.06104,287.6623,292.19675,285.9873,272.64374,6.0,0.0,0.4519716,0.5136446,0.5549133,0.6273501
64.6706,-125.7222,64.605,-122.957,D,2016,07,14,2016-07-14,314.0,32,64.4,294.9,0,1.6820573,0.46230564,288.06104,287.6623,292.19675,285.9873,272.64374,6.0,0.0,0.4519716,0.5136446,0.5549133,0.6273501
64.9506,-124.6757,64.605,-122.957,D,2016,07,14,2016-07-14,326.0,72,183.5,294.9,0,1.6820573,0.46230564,288.06104,287.6623,292.19675,285.9873,272.64374,6.0,0.0,0.4519716,0.5136446,0.5549133,0.6273501
65.204,-126.2589,64.605,-122.957,D,2016,07,14,2016-07-14,344.3,88,354.3,298.0,0,1.6820573,0.46230564,288.06104,287.6623,292.19675,285.9873,272.64374,6.0,0.0,0.4519716,0.5136446,0.5549133,0.6273501
65.221,-126.2635,64.605,-122.957,D,2016,07,14,2016-07-14,436.1,87,4146.0,310.5,0,1.6820573,0.46230564,288.06104,287.6623,292.19675,285.9873,272.64374,6.0,0.0,0.4519716,0.5136446,0.5549133,0.6273501
65.2216,-126.3443,64.605,-122.957,D,2016,07,14,2016-07-14,350.9,96,442.4,302.4,1,1.6820573,0.46230564,288.06104,287.6623,292.19675,285.9873,272.64374,6.0,0.0,0.4519716,0.5136446,0.5549133,0.6273501
65.2049,-126.1812,64.605,-122.957,D,2016,07,14,2016-07-14,321.4,0,109.7,286.5,0,1.6820573,0.46230564,288.06104,287.6623,292.19675,285.9873,272.64374,6.0,0.0,0.4519716,0.5136446,0.5549133,0.6273501
65.2058,-126.2619,64.605,-122.957,D,2016,07,14,2016-07-14,370.8,94,877.5,299.5,1,1.6820573,0.46230564,288.06104,287.6623,292.19675,285.9873,272.64374,6.0,0.0,0.4519716,0.5136446,0.5549133,0.6273501
65.2237,-126.3474,64.605,-122.957,D,2016,07,14,2016-07-14,347.3,94,377.1,302.9,1,1.6820573,0.46230564,288.06104,287.6623,292.19675,285.9873,272.64374,6.0,0.0,0.4519716,0.5136446,0.5549133,0.6273501
65.2399,-126.2733,64.605,-122.957,D,2016,07,14,2016-07-14,356.6,93,545.9,292.7,1,1.6820573,0.46230564,288.06104,287.6623,292.19675,285.9873,272.64374,6.0,0.0,0.4519716,0.5136446,0.5549133,0.6273501
65.2407,-126.3529,64.605,-122.957,D,2016,07,14,2016-07-14,351.2,96,443.5,299.4,1,1.6820573,0.46230564,288.06104,287.6623,292.19675,285.9873,272.64374,6.0,0.0,0.4519716,0.5136446,0.5549133,0.6273501
65.2447,-126.2827,64.605,-122.957,D,2016,07,14,2016-07-14,327.2,83,162.8,292.2,0,1.6820573,0.46230564,288.06104,287.6623,292.19675,285.9873,272.64374,6.0,0.0,0.4519716,0.5136446,0.5549133,0.6273501
65.2456,-126.363,64.605,-122.957,D,2016,07,14,2016-07-14,322.8,75,122.6,297.8,0,1.6820573,0.46230564,288.06104,287.6623,292.19675,285.9873,272.64374,6.0,0.0,0.4519716,0.5136446,0.5549133,0.6273501
65.4152,-126.1729,64.605,-122.957,D,2016,07,14,2016-07-14,344.0,0,364.8,294.5,0,1.6820573,0.46230564,288.06104,287.6623,292.19675,285.9873,272.64374,6.0,0.0,0.4519716,0.5136446,0.5549133,0.6273501
65.4196,-126.183,64.605,-122.957,D,2016,07,14,2016-07-14,339.1,59,301.6,294.5,0,1.6820573,0.46230564,288.06104,287.6623,292.19675,285.9873,272.64374,6.0,0.0,0.4519716,0.5136446,0.5549133,0.6273501
65.7605,-127.548,64.605,-122.957,D,2016,07,14,2016-07-14,313.2,64,47.4,296.5,0,1.6820573,0.46230564,288.06104,287.6623,292.19675,285.9873,272.64374,6.0,0.0,0.4519716,0.5136446,0.5549133,0.6273501
65.7769,-127.5477,64.605,-122.957,D,2016,07,14,2016-07-14,331.5,85,175.0,298.7,0,1.6820573,0.46230564,288.06104,287.6623,292.19675,285.9873,272.64374,6.0,0.0,0.4519716,0.5136446,0.5549133,0.6273501
65.777,-127.6296,64.605,-122.957,D,2016,07,14,2016-07-14,316.0,71,61.1,298.3,0,1.6820573,0.46230564,288.06104,287.6623,292.19675,285.9873,272.64374,6.0,0.0,0.4519716,0.5136446,0.5549133,0.6273501
65.9306,-126.9629,64.605,-122.957,D,2016,07,14,2016-07-14,455.1,0,5503.3,300.8,0,1.6820573,0.46230564,288.06104,287.6623,292.19675,285.9873,272.64374,6.0,0.0,0.4519716,0.5136446,0.5549133,0.6273501
65.9509,-126.9703,64.605,-122.957,D,2016,07,14,2016-07-14,317.2,20,80.9,286.6,0,1.6820573,0.46230564,288.06104,287.6623,292.19675,285.9873,272.64374,6.0,0.0,0.4519716,0.5136446,0.5549133,0.6273501
64.6638,-125.7013,64.283,-120.691,D,2016,07,15,2016-07-15,312.1,72,40.1,291.1,0,2.5046558,-0.9425136,290.097,288.91113,292.1572,286.59235,276.08728,6.0,0.0,0.5205301,0.5497022,0.58457917,0.6183111
64.2162,-125.2456,64.283,-120.691,D,2016,07,15,2016-07-15,302.1,51,15.7,290.7,0,2.5046558,-0.9425136,290.097,288.91113,292.1572,286.59235,276.08728,6.0,0.0,0.5205301,0.5497022,0.58457917,0.6183111
66.4459,-127.4795,64.283,-120.691,D,2016,07,15,2016-07-15,320.4,0,57.6,278.0,0,2.5046558,-0.9425136,290.097,288.91113,292.1572,286.59235,276.08728,6.0,0.0,0.5205301,0.5497022,0.58457917,0.6183111
65.2064,-126.3195,64.938,-123.267,N,2016,07,15,2016-07-15,322.3,57,25.0,290.0,0,3.8502636,-0.91842186,301.57654,301.2827,293.95688,287.66177,277.63937,0.99998474,2.1304907e-06,0.22767249,0.3062361,0.33033854,0.3942594
65.2165,-126.2214,64.938,-123.267,N,2016,07,15,2016-07-15,308.0,13,11.0,287.7,0,3.8502636,-0.91842186,301.57654,301.2827,293.95688,287.66177,277.63937,0.99998474,2.1304907e-06,0.22767249,0.3062361,0.33033854,0.3942594
65.2235,-126.2527,64.938,-123.267,N,2016,07,15,2016-07-15,326.2,25,29.3,292.7,0,3.8502636,-0.91842186,301.57654,301.2827,293.95688,287.66177,277.63937,0.99998474,2.1304907e-06,0.22767249,0.3062361,0.33033854,0.3942594
65.221,-126.2767,64.938,-123.267,N,2016,07,15,2016-07-15,320.5,0,19.0,290.9,0,3.8502636,-0.91842186,301.57654,301.2827,293.95688,287.66177,277.63937,0.99998474,2.1304907e-06,0.22767249,0.3062361,0.33033854,0.3942594
65.2185,-126.301,64.938,-123.267,N,2016,07,15,2016-07-15,322.5,0,22.1,292.0,0,3.8502636,-0.91842186,301.57654,301.2827,293.95688,287.66177,277.63937,0.99998474,2.1304907e-06,0.22767249,0.3062361,0.33033854,0.3942594
65.2159,-126.3255,64.938,-123.267,N,2016,07,15,2016-07-15,352.9,100,87.0,296.9,1,3.8502636,-0.91842186,301.57654,301.2827,293.95688,287.66177,277.63937,0.99998474,2.1304907e-06,0.22767249,0.3062361,0.33033854,0.3942594
65.2404,-126.2953,64.938,-123.267,N,2016,07,15,2016-07-15,321.4,0,23.5,289.7,0,3.8502636,-0.91842186,301.57654,301.2827,293.95688,287.66177,277.63937,0.99998474,2.1304907e-06,0.22767249,0.3062361,0.33033854,0.3942594
65.4322,-126.2294,64.938,-123.267,N,2016,07,15,2016-07-15,312.8,29,16.7,281.6,0,3.8502636,-0.91842186,301.57654,301.2827,293.95688,287.66177,277.63937,0.99998474,2.1304907e-06,0.22767249,0.3062361,0.33033854,0.3942594
65.7792,-127.5428,64.938,-123.267,N,2016,07,15,2016-07-15,301.3,40,9.1,274.1,0,3.8502636,-0.91842186,301.57654,301.2827,293.95688,287.66177,277.63937,0.99998474,2.1304907e-06,0.22767249,0.3062361,0.33033854,0.3942594
65.9079,-126.903,64.938,-123.267,N,2016,07,15,2016-07-15,320.1,94,22.8,291.3,1,3.8502636,-0.91842186,301.57654,301.2827,293.95688,287.66177,277.63937,0.99998474,2.1304907e-06,0.22767249,0.3062361,0.33033854,0.3942594
65.9113,-126.8837,64.938,-123.267,N,2016,07,15,2016-07-15,312.6,19,14.6,286.4,0,3.8502636,-0.91842186,301.57654,301.2827,293.95688,287.66177,277.63937,0.99998474,2.1304907e-06,0.22767249,0.3062361,0.33033854,0.3942594
65.9087,-126.9087,64.938,-123.267,N,2016,07,15,2016-07-15,324.1,81,27.8,292.2,0,3.8502636,-0.91842186,301.57654,301.2827,293.95688,287.66177,277.63937,0.99998474,2.1304907e-06,0.22767249,0.3062361,0.33033854,0.3942594
65.9208,-126.8898,64.938,-123.267,N,2016,07,15,2016-07-15,307.3,28,10.0,282.0,0,3.8502636,-0.91842186,301.57654,301.2827,293.95688,287.66177,277.63937,0.99998474,2.1304907e-06,0.22767249,0.3062361,0.33033854,0.3942594
65.9182,-126.9148,64.938,-123.267,N,2016,07,15,2016-07-15,342.9,100,61.6,291.0,1,3.8502636,-0.91842186,301.57654,301.2827,293.95688,287.66177,277.63937,0.99998474,2.1304907e-06,0.22767249,0.3062361,0.33033854,0.3942594
65.9156,-126.9399,64.938,-123.267,N,2016,07,15,2016-07-15,342.6,89,59.7,293.4,0,3.8502636,-0.91842186,301.57654,301.2827,293.95688,287.66177,277.63937,0.99998474,2.1304907e-06,0.22767249,0.3062361,0.33033854,0.3942594
65.9252,-126.9458,64.938,-123.267,N,2016,07,15,2016-07-15,320.2,32,20.0,282.7,0,3.8502636,-0.91842186,301.57654,301.2827,293.95688,287.66177,277.63937,0.99998474,2.1304907e-06,0.22767249,0.3062361,0.33033854,0.3942594
65.932,-126.9776,64.938,-123.267,N,2016,07,15,2016-07-15,309.9,29,11.0,284.3,0,3.8502636,-0.91842186,301.57654,301.2827,293.95688,287.66177,277.63937,0.99998474,2.1304907e-06,0.22767249,0.3062361,0.33033854,0.3942594
65.9415,-126.984,64.938,-123.267,N,2016,07,15,2016-07-15,315.2,13,16.2,287.7,0,3.8502636,-0.91842186,301.57654,301.2827,293.95688,287.66177,277.63937,0.99998474,2.1304907e-06,0.22767249,0.3062361,0.33033854,0.3942594
65.9835,-127.181,64.938,-123.267,N,2016,07,15,2016-07-15,307.2,71,11.4,281.1,0,3.8502636,-0.91842186,301.57654,301.2827,293.95688,287.66177,277.63937,0.99998474,2.1304907e-06,0.22767249,0.3062361,0.33033854,0.3942594
65.9809,-127.2065,64.938,-123.267,N,2016,07,15,2016-07-15,310.7,81,14.5,281.7,0,3.8502636,-0.91842186,301.57654,301.2827,293.95688,287.66177,277.63937,0.99998474,2.1304907e-06,0.22767249,0.3062361,0.33033854,0.3942594
66.4469,-127.482,64.938,-123.267,N,2016,07,15,2016-07-15,321.0,0,21.8,290.2,0,3.8502636,-0.91842186,301.57654,301.2827,293.95688,287.66177,277.63937,0.99998474,2.1304907e-06,0.22767249,0.3062361,0.33033854,0.3942594
66.4645,-127.411,64.938,-123.267,N,2016,07,15,2016-07-15,302.5,14,7.5,284.1,0,3.8502636,-0.91842186,301.57654,301.2827,293.95688,287.66177,277.63937,0.99998474,2.1304907e-06,0.22767249,0.3062361,0.33033854,0.3942594
66.1904,-130.1958,64.938,-123.267,N,2016,07,15,2016-07-15,312.0,84,11.5,292.2,0,3.8502636,-0.91842186,301.57654,301.2827,293.95688,287.66177,277.63937,0.99998474,2.1304907e-06,0.22767249,0.3062361,0.33033854,0.3942594
66.1876,-130.2184,64.938,-123.267,N,2016,07,15,2016-07-15,313.2,86,12.4,292.0,0,3.8502636,-0.91842186,301.57654,301.2827,293.95688,287.66177,277.63937,0.99998474,2.1304907e-06,0.22767249,0.3062361,0.33033854,0.3942594
66.1965,-130.2253,64.938,-123.267,N,2016,07,15,2016-07-15,306.8,69,8.3,291.3,0,3.8502636,-0.91842186,301.57654,301.2827,293.95688,287.66177,277.63937,0.99998474,2.1304907e-06,0.22767249,0.3062361,0.33033854,0.3942594
68.1801,-129.7847,64.938,-123.267,N,2016,07,15,2016-07-15,304.6,21,7.8,288.9,0,3.8502636,-0.91842186,301.57654,301.2827,293.95688,287.66177,277.63937,0.99998474,2.1304907e-06,0.22767249,0.3062361,0.33033854,0.3942594
68.1864,-129.8184,64.938,-123.267,N,2016,07,15,2016-07-15,304.2,45,7.8,288.5,0,3.8502636,-0.91842186,301.57654,301.2827,293.95688,287.66177,277.63937,0.99998474,2.1304907e-06,0.22767249,0.3062361,0.33033854,0.3942594
65.2227,-126.2627,64.938,-123.267,N,2016,07,15,2016-07-15,309.0,27,34.0,289.2,0,3.8502636,-0.91842186,301.57654,301.2827,293.95688,287.66177,277.63937,0.99998474,2.1304907e-06,0.22767249,0.3062361,0.33033854,0.3942594
65.2096,-126.302,64.938,-123.267,N,2016,07,15,2016-07-15,318.5,63,24.9,288.4,0,3.8502636,-0.91842186,301.57654,301.2827,293.95688,287.66177,277.63937,0.99998474,2.1304907e-06,0.22767249,0.3062361,0.33033854,0.3942594
65.2149,-126.3267,64.938,-123.267,N,2016,07,15,2016-07-15,309.8,43,15.4,286.4,0,3.8502636,-0.91842186,301.57654,301.2827,293.95688,287.66177,277.63937,0.99998474,2.1304907e-06,0.22767249,0.3062361,0.33033854,0.3942594
65.2242,-126.3164,64.938,-123.267,N,2016,07,15,2016-07-15,320.5,39,26.6,291.3,0,3.8502636,-0.91842186,301.57654,301.2827,293.95688,287.66177,277.63937,0.99998474,2.1304907e-06,0.22767249,0.3062361,0.33033854,0.3942594
66.4635,-127.4112,64.938,-123.267,N,2016,07,15,2016-07-15,306.9,64,13.1,280.1,0,3.8502636,-0.91842186,301.57654,301.2827,293.95688,287.66177,277.63937,0.99998474,2.1304907e-06,0.22767249,0.3062361,0.33033854,0.3942594
66.3431,-127.4646,64.283,-120.691,D,2016,07,15,2016-07-15,334.4,83,50.1,297.0,0,2.5046558,-0.9425136,290.097,288.91113,292.1572,286.59235,276.08728,6.0,0.0,0.5205301,0.5497022,0.58457917,0.6183111
65.2412,-126.2971,64.283,-120.691,D,2016,07,15,2016-07-15,334.4,78,40.0,307.9,0,2.5046558,-0.9425136,290.097,288.91113,292.1572,286.59235,276.08728,6.0,0.0,0.5205301,0.5497022,0.58457917,0.6183111
65.2387,-126.2682,64.283,-120.691,D,2016,07,15,2016-07-15,356.3,98,104.5,306.9,1,2.5046558,-0.9425136,290.097,288.91113,292.1572,286.59235,276.08728,6.0,0.0,0.5205301,0.5497022,0.58457917,0.6183111
65.2361,-126.2393,64.283,-120.691,D,2016,07,15,2016-07-15,342.2,92,62.2,298.5,1,2.5046558,-0.9425136,290.097,288.91113,292.1572,286.59235,276.08728,6.0,0.0,0.5205301,0.5497022,0.58457917,0.6183111
65.2458,-126.3017,64.283,-120.691,D,2016,07,15,2016-07-15,344.4,84,59.9,307.3,0,2.5046558,-0.9425136,290.097,288.91113,292.1572,286.59235,276.08728,6.0,0.0,0.5205301,0.5497022,0.58457917,0.6183111
65.2431,-126.2726,64.283,-120.691,D,2016,07,15,2016-07-15,343.6,77,57.4,303.8,0,2.5046558,-0.9425136,290.097,288.91113,292.1572,286.59235,276.08728,6.0,0.0,0.5205301,0.5497022,0.58457917,0.6183111
65.2405,-126.2442,64.283,-120.691,D,2016,07,15,2016-07-15,345.1,89,66.2,298.6,0,2.5046558,-0.9425136,290.097,288.91113,292.1572,286.59235,276.08728,6.0,0.0,0.5205301,0.5497022,0.58457917,0.6183111
65.2278,-126.2218,64.283,-120.691,D,2016,07,15,2016-07-15,335.7,88,47.8,299.2,0,2.5046558,-0.9425136,290.097,288.91113,292.1572,286.59235,276.08728,6.0,0.0,0.5205301,0.5497022,0.58457917,0.6183111
65.2177,-126.2281,64.283,-120.691,D,2016,07,15,2016-07-15,337.2,86,50.2,304.5,0,2.5046558,-0.9425136,290.097,288.91113,292.1572,286.59235,276.08728,6.0,0.0,0.5205301,0.5497022,0.58457917,0.6183111
65.2151,-126.1996,64.283,-120.691,D,2016,07,15,2016-07-15,352.1,96,95.4,297.4,1,2.5046558,-0.9425136,290.097,288.91113,292.1572,286.59235,276.08728,6.0,0.0,0.5205301,0.5497022,0.58457917,0.6183111
65.213,-126.2926,64.283,-120.691,D,2016,07,15,2016-07-15,347.3,87,72.5,302.4,0,2.5046558,-0.9425136,290.097,288.91113,292.1572,286.59235,276.08728,6.0,0.0,0.5205301,0.5497022,0.58457917,0.6183111
64.9613,-124.6617,64.283,-120.691,D,2016,07,15,2016-07-15,323.9,74,20.4,302.1,0,2.5046558,-0.9425136,290.097,288.91113,292.1572,286.59235,276.08728,6.0,0.0,0.5205301,0.5497022,0.58457917,0.6183111
64.9588,-124.6374,64.283,-120.691,D,2016,07,15,2016-07-15,322.8,73,19.4,302.5,0,2.5046558,-0.9425136,290.097,288.91113,292.1572,286.59235,276.08728,6.0,0.0,0.5205301,0.5497022,0.58457917,0.6183111
66.4799,-127.5995,64.283,-120.691,D,2016,07,15,2016-07-15,326.1,78,34.4,290.3,0,2.5046558,-0.9425136,290.097,288.91113,292.1572,286.59235,276.08728,6.0,0.0,0.5205301,0.5497022,0.58457917,0.6183111
66.4642,-127.3949,64.283,-120.691,D,2016,07,15,2016-07-15,326.5,72,35.6,289.7,0,2.5046558,-0.9425136,290.097,288.91113,292.1572,286.59235,276.08728,6.0,0.0,0.5205301,0.5497022,0.58457917,0.6183111
66.3551,-127.4536,64.283,-120.691,D,2016,07,15,2016-07-15,313.6,51,11.0,293.9,0,2.5046558,-0.9425136,290.097,288.91113,292.1572,286.59235,276.08728,6.0,0.0,0.5205301,0.5497022,0.58457917,0.6183111
66.3443,-127.4583,64.283,-120.691,D,2016,07,15,2016-07-15,347.2,89,91.5,297.1,0,2.5046558,-0.9425136,290.097,288.91113,292.1572,286.59235,276.08728,6.0,0.0,0.5205301,0.5497022,0.58457917,0.6183111
66.3418,-127.4259,64.283,-120.691,D,2016,07,15,2016-07-15,336.8,0,57.6,294.1,0,2.5046558,-0.9425136,290.097,288.91113,292.1572,286.59235,276.08728,6.0,0.0,0.5205301,0.5497022,0.58457917,0.6183111
66.3539,-127.4599,64.283,-120.691,D,2016,07,15,2016-07-15,320.4,67,21.3,295.1,0,2.5046558,-0.9425136,290.097,288.91113,292.1572,286.59235,276.08728,6.0,0.0,0.5205301,0.5497022,0.58457917,0.6183111
65.2514,-126.291,64.283,-120.691,D,2016,07,15,2016-07-15,341.6,91,60.5,302.7,1,2.5046558,-0.9425136,290.097,288.91113,292.1572,286.59235,276.08728,6.0,0.0,0.5205301,0.5497022,0.58457917,0.6183111
66.3405,-127.4322,64.283,-120.691,D,2016,07,15,2016-07-15,340.7,69,67.8,295.4,0,2.5046558,-0.9425136,290.097,288.91113,292.1572,286.59235,276.08728,6.0,0.0,0.5205301,0.5497022,0.58457917,0.6183111
65.5801,-122.6652,64.283,-120.691,D,2016,07,15,2016-07-15,326.1,61,20.0,298.9,0,2.5046558,-0.9425136,290.097,288.91113,292.1572,286.59235,276.08728,6.0,0.0,0.5205301,0.5497022,0.58457917,0.6183111
65.5736,-122.695,64.283,-120.691,D,2016,07,15,2016-07-15,313.4,0,6.1,298.7,0,2.5046558,-0.9425136,290.097,288.91113,292.1572,286.59235,276.08728,6.0,0.0,0.5205301,0.5497022,0.58457917,0.6183111
65.4262,-126.1925,64.283,-120.691,D,2016,07,15,2016-07-15,365.9,100,140.7,303.3,1,2.5046558,-0.9425136,290.097,288.91113,292.1572,286.59235,276.08728,6.0,0.0,0.5205301,0.5497022,0.58457917,0.6183111
64.9491,-124.6421,64.283,-120.691,D,2016,07,15,2016-07-15,359.7,94,103.1,303.4,1,2.5046558,-0.9425136,290.097,288.91113,292.1572,286.59235,276.08728,6.0,0.0,0.5205301,0.5497022,0.58457917,0.6183111
64.2079,-125.2375,64.283,-120.691,D,2016,07,15,2016-07-15,311.1,61,20.3,295.1,0,2.5046558,-0.9425136,290.097,288.91113,292.1572,286.59235,276.08728,6.0,0.0,0.5205301,0.5497022,0.58457917,0.6183111
64.1987,-125.2309,64.283,-120.691,D,2016,07,15,2016-07-15,309.3,49,17.2,294.4,0,2.5046558,-0.9425136,290.097,288.91113,292.1572,286.59235,276.08728,6.0,0.0,0.5205301,0.5497022,0.58457917,0.6183111
65.909,-126.9238,64.283,-120.691,D,2016,07,15,2016-07-15,319.5,39,32.5,289.8,0,2.5046558,-0.9425136,290.097,288.91113,292.1572,286.59235,276.08728,6.0,0.0,0.5205301,0.5497022,0.58457917,0.6183111
65.9715,-125.6998,64.283,-120.691,D,2016,07,15,2016-07-15,315.6,0,22.7,293.8,0,2.5046558,-0.9425136,290.097,288.91113,292.1572,286.59235,276.08728,6.0,0.0,0.5205301,0.5497022,0.58457917,0.6183111
65.2227,-126.2053,64.283,-120.691,D,2016,07,15,2016-07-15,327.8,55,51.4,296.6,0,2.5046558,-0.9425136,290.097,288.91113,292.1572,286.59235,276.08728,6.0,0.0,0.5205301,0.5497022,0.58457917,0.6183111
65.2122,-126.19,64.283,-120.691,D,2016,07,15,2016-07-15,347.8,95,136.8,295.8,1,2.5046558,-0.9425136,290.097,288.91113,292.1572,286.59235,276.08728,6.0,0.0,0.5205301,0.5497022,0.58457917,0.6183111
65.2204,-126.2461,64.283,-120.691,D,2016,07,15,2016-07-15,341.2,67,97.4,302.1,0,2.5046558,-0.9425136,290.097,288.91113,292.1572,286.59235,276.08728,6.0,0.0,0.5205301,0.5497022,0.58457917,0.6183111
65.2097,-126.2315,64.283,-120.691,D,2016,07,15,2016-07-15,343.4,87,111.2,301.1,0,2.5046558,-0.9425136,290.097,288.91113,292.1572,286.59235,276.08728,6.0,0.0,0.5205301,0.5497022,0.58457917,0.6183111
65.2202,-126.1933,64.283,-120.691,D,2016,07,15,2016-07-15,352.6,97,163.2,296.7,1,2.5046558,-0.9425136,290.097,288.91113,292.1572,286.59235,276.08728,6.0,0.0,0.5205301,0.5497022,0.58457917,0.6183111
65.9748,-127.1841,64.283,-120.691,D,2016,07,15,2016-07-15,309.0,0,14.4,288.9,0,2.5046558,-0.9425136,290.097,288.91113,292.1572,286.59235,276.08728,6.0,0.0,0.5205301,0.5497022,0.58457917,0.6183111
66.3435,-127.4367,64.283,-120.691,D,2016,07,15,2016-07-15,347.3,72,126.3,295.5,0,2.5046558,-0.9425136,290.097,288.91113,292.1572,286.59235,276.08728,6.0,0.0,0.5205301,0.5497022,0.58457917,0.6183111
66.3342,-127.4701,64.283,-120.691,D,2016,07,15,2016-07-15,329.4,74,55.9,296.4,0,2.5046558,-0.9425136,290.097,288.91113,292.1572,286.59235,276.08728,6.0,0.0,0.5205301,0.5497022,0.58457917,0.6183111
66.1711,-130.2657,64.283,-120.691,D,2016,07,15,2016-07-15,321.2,76,50.2,287.9,0,2.5046558,-0.9425136,290.097,288.91113,292.1572,286.59235,276.08728,6.0,0.0,0.5205301,0.5497022,0.58457917,0.6183111
68.169,-129.7873,64.283,-120.691,D,2016,07,15,2016-07-15,301.5,40,4.4,283.5,0,2.5046558,-0.9425136,290.097,288.91113,292.1572,286.59235,276.08728,6.0,0.0,0.5205301,0.5497022,0.58457917,0.6183111
66.484,-127.4553,64.283,-120.691,D,2016,07,15,2016-07-15,309.9,58,17.8,279.9,0,2.5046558,-0.9425136,290.097,288.91113,292.1572,286.59235,276.08728,6.0,0.0,0.5205301,0.5497022,0.58457917,0.6183111
66.4756,-127.4235,64.283,-120.691,D,2016,07,15,2016-07-15,348.3,72,122.6,281.1,0,2.5046558,-0.9425136,290.097,288.91113,292.1572,286.59235,276.08728,6.0,0.0,0.5205301,0.5497022,0.58457917,0.6183111
66.4672,-127.3921,64.283,-120.691,D,2016,07,15,2016-07-15,361.0,87,189.4,283.7,0,2.5046558,-0.9425136,290.097,288.91113,292.1572,286.59235,276.08728,6.0,0.0,0.5205301,0.5497022,0.58457917,0.6183111
65.9902,-125.6729,64.283,-120.691,D,2016,07,15,2016-07-15,301.3,30,12.4,273.9,0,2.5046558,-0.9425136,290.097,288.91113,292.1572,286.59235,276.08728,6.0,0.0,0.5205301,0.5497022,0.58457917,0.6183111
66.47,-127.3928,64.283,-120.691,D,2016,07,15,2016-07-15,333.8,77,66.6,281.4,0,2.5046558,-0.9425136,290.097,288.91113,292.1572,286.59235,276.08728,6.0,0.0,0.5205301,0.5497022,0.58457917,0.6183111
66.491,-127.631,64.283,-120.691,D,2016,07,15,2016-07-15,310.1,62,15.6,282.8,0,2.5046558,-0.9425136,290.097,288.91113,292.1572,286.59235,276.08728,6.0,0.0,0.5205301,0.5497022,0.58457917,0.6183111
66.4827,-127.5992,64.283,-120.691,D,2016,07,15,2016-07-15,338.6,79,82.1,284.5,0,2.5046558,-0.9425136,290.097,288.91113,292.1572,286.59235,276.08728,6.0,0.0,0.5205301,0.5497022,0.58457917,0.6183111
66.3572,-127.4402,64.283,-120.691,D,2016,07,15,2016-07-15,327.9,0,51.1,283.2,0,2.5046558,-0.9425136,290.097,288.91113,292.1572,286.59235,276.08728,6.0,0.0,0.5205301,0.5497022,0.58457917,0.6183111
66.3514,-127.4583,64.283,-120.691,D,2016,07,15,2016-07-15,361.1,94,188.2,283.6,1,2.5046558,-0.9425136,290.097,288.91113,292.1572,286.59235,276.08728,6.0,0.0,0.5205301,0.5497022,0.58457917,0.6183111
66.3426,-127.4251,64.283,-120.691,D,2016,07,15,2016-07-15,396.3,87,505.1,284.1,0,2.5046558,-0.9425136,290.097,288.91113,292.1572,286.59235,276.08728,6.0,0.0,0.5205301,0.5497022,0.58457917,0.6183111
66.3418,-127.4747,64.283,-120.691,D,2016,07,15,2016-07-15,312.5,56,18.5,278.4,0,2.5046558,-0.9425136,290.097,288.91113,292.1572,286.59235,276.08728,6.0,0.0,0.5205301,0.5497022,0.58457917,0.6183111
66.333,-127.4417,64.283,-120.691,D,2016,07,15,2016-07-15,309.7,56,14.8,276.4,0,2.5046558,-0.9425136,290.097,288.91113,292.1572,286.59235,276.08728,6.0,0.0,0.5205301,0.5497022,0.58457917,0.6183111
65.9235,-126.8898,64.283,-120.691,D,2016,07,15,2016-07-15,338.1,67,83.9,293.2,0,2.5046558,-0.9425136,290.097,288.91113,292.1572,286.59235,276.08728,6.0,0.0,0.5205301,0.5497022,0.58457917,0.6183111
65.9133,-126.9055,64.283,-120.691,D,2016,07,15,2016-07-15,433.5,100,1261.4,308.2,1,2.5046558,-0.9425136,290.097,288.91113,292.1572,286.59235,276.08728,6.0,0.0,0.5205301,0.5497022,0.58457917,0.6183111
65.9039,-126.8717,64.283,-120.691,D,2016,07,15,2016-07-15,425.6,100,1082.3,300.3,1,2.5046558,-0.9425136,290.097,288.91113,292.1572,286.59235,276.08728,6.0,0.0,0.5205301,0.5497022,0.58457917,0.6183111
65.978,-127.1929,64.283,-120.691,D,2016,07,15,2016-07-15,322.9,60,39.6,289.2,0,2.5046558,-0.9425136,290.097,288.91113,292.1572,286.59235,276.08728,6.0,0.0,0.5205301,0.5497022,0.58457917,0.6183111
65.9029,-126.9206,64.283,-120.691,D,2016,07,15,2016-07-15,364.0,100,217.7,294.8,1,2.5046558,-0.9425136,290.097,288.91113,292.1572,286.59235,276.08728,6.0,0.0,0.5205301,0.5497022,0.58457917,0.6183111
65.8934,-126.8864,64.283,-120.691,D,2016,07,15,2016-07-15,322.2,35,31.4,291.8,0,2.5046558,-0.9425136,290.097,288.91113,292.1572,286.59235,276.08728,6.0,0.0,0.5205301,0.5497022,0.58457917,0.6183111
65.9827,-127.1893,64.283,-120.691,D,2016,07,15,2016-07-15,318.6,31,24.8,288.4,0,2.5046558,-0.9425136,290.097,288.91113,292.1572,286.59235,276.08728,6.0,0.0,0.5205301,0.5497022,0.58457917,0.6183111
65.918,-126.9504,64.283,-120.691,D,2016,07,15,2016-07-15,342.7,53,92.6,295.4,0,2.5046558,-0.9425136,290.097,288.91113,292.1572,286.59235,276.08728,6.0,0.0,0.5205301,0.5497022,0.58457917,0.6183111
65.9089,-126.917,64.283,-120.691,D,2016,07,15,2016-07-15,412.7,100,813.6,305.3,1,2.5046558,-0.9425136,290.097,288.91113,292.1572,286.59235,276.08728,6.0,0.0,0.5205301,0.5497022,0.58457917,0.6183111
65.8996,-126.8829,64.283,-120.691,D,2016,07,15,2016-07-15,412.0,100,807.7,299.1,1,2.5046558,-0.9425136,290.097,288.91113,292.1572,286.59235,276.08728,6.0,0.0,0.5205301,0.5497022,0.58457917,0.6183111
65.7928,-127.5533,64.283,-120.691,D,2016,07,15,2016-07-15,314.8,64,20.6,289.9,0,2.5046558,-0.9425136,290.097,288.91113,292.1572,286.59235,276.08728,6.0,0.0,0.5205301,0.5497022,0.58457917,0.6183111
65.7839,-127.5202,64.283,-120.691,D,2016,07,15,2016-07-15,327.2,83,50.2,291.6,0,2.5046558,-0.9425136,290.097,288.91113,292.1572,286.59235,276.08728,6.0,0.0,0.5205301,0.5497022,0.58457917,0.6183111
65.2617,-126.2612,64.283,-120.691,D,2016,07,15,2016-07-15,325.4,35,46.6,276.0,0,2.5046558,-0.9425136,290.097,288.91113,292.1572,286.59235,276.08728,6.0,0.0,0.5205301,0.5497022,0.58457917,0.6183111
65.261,-126.2668,64.283,-120.691,D,2016,07,15,2016-07-15,327.0,26,49.9,277.0,0,2.5046558,-0.9425136,290.097,288.91113,292.1572,286.59235,276.08728,6.0,0.0,0.5205301,0.5497022,0.58457917,0.6183111
65.2501,-126.2823,64.283,-120.691,D,2016,07,15,2016-07-15,387.1,100,509.4,292.6,1,2.5046558,-0.9425136,290.097,288.91113,292.1572,286.59235,276.08728,6.0,0.0,0.5205301,0.5497022,0.58457917,0.6183111
65.2395,-126.2453,64.283,-120.691,D,2016,07,15,2016-07-15,500.0,100,4631.3,318.5,1,2.5046558,-0.9425136,290.097,288.91113,292.1572,286.59235,276.08728,6.0,0.0,0.5205301,0.5497022,0.58457917,0.6183111
65.2288,-126.2082,64.283,-120.691,D,2016,07,15,2016-07-15,404.8,94,804.6,289.2,1,2.5046558,-0.9425136,290.097,288.91113,292.1572,286.59235,276.08728,6.0,0.0,0.5205301,0.5497022,0.58457917,0.6183111
65.2181,-126.1711,64.283,-120.691,D,2016,07,15,2016-07-15,351.9,84,181.0,277.2,0,2.5046558,-0.9425136,290.097,288.91113,292.1572,286.59235,276.08728,6.0,0.0,0.5205301,0.5497022,0.58457917,0.6183111
65.2074,-126.134,64.283,-120.691,D,2016,07,15,2016-07-15,322.8,0,51.0,268.6,0,2.5046558,-0.9425136,290.097,288.91113,292.1572,286.59235,276.08728,6.0,0.0,0.5205301,0.5497022,0.58457917,0.6183111
65.2176,-126.2229,64.283,-120.691,D,2016,07,15,2016-07-15,334.6,41,77.5,273.4,0,2.5046558,-0.9425136,290.097,288.91113,292.1572,286.59235,276.08728,6.0,0.0,0.5205301,0.5497022,0.58457917,0.6183111
65.2278,-126.3113,64.283,-120.691,D,2016,07,15,2016-07-15,336.4,39,79.1,283.5,0,2.5046558,-0.9425136,290.097,288.91113,292.1572,286.59235,276.08728,6.0,0.0,0.5205301,0.5497022,0.58457917,0.6183111
65.2171,-126.2743,64.283,-120.691,D,2016,07,15,2016-07-15,375.9,94,363.1,289.9,1,2.5046558,-0.9425136,290.097,288.91113,292.1572,286.59235,276.08728,6.0,0.0,0.5205301,0.5497022,0.58457917,0.6183111
65.2166,-126.3258,64.283,-120.691,D,2016,07,15,2016-07-15,357.1,98,202.4,295.9,1,2.5046558,-0.9425136,290.097,288.91113,292.1572,286.59235,276.08728,6.0,0.0,0.5205301,0.5497022,0.58457917,0.6183111
65.206,-126.2891,64.283,-120.691,D,2016,07,15,2016-07-15,391.1,94,567.9,298.6,1,2.5046558,-0.9425136,290.097,288.91113,292.1572,286.59235,276.08728,6.0,0.0,0.5205301,0.5497022,0.58457917,0.6183111
65.1953,-126.2524,64.283,-120.691,D,2016,07,15,2016-07-15,322.4,60,39.6,285.1,0,2.5046558,-0.9425136,290.097,288.91113,292.1572,286.59235,276.08728,6.0,0.0,0.5205301,0.5497022,0.58457917,0.6183111
66.191,-130.2058,64.283,-120.691,D,2016,07,15,2016-07-15,333.7,66,49.7,298.0,0,2.5046558,-0.9425136,290.097,288.91113,292.1572,286.59235,276.08728,6.0,0.0,0.5205301,0.5497022,0.58457917,0.6183111
66.1817,-130.2197,64.283,-120.691,D,2016,07,15,2016-07-15,321.5,0,23.1,295.4,0,2.5046558,-0.9425136,290.097,288.91113,292.1572,286.59235,276.08728,6.0,0.0,0.5205301,0.5497022,0.58457917,0.6183111
64.6515,-125.6941,64.283,-120.691,D,2016,07,15,2016-07-15,312.2,22,24.3,289.9,0,2.5046558,-0.9425136,290.097,288.91113,292.1572,286.59235,276.08728,6.0,0.0,0.5205301,0.5497022,0.58457917,0.6183111
64.6541,-125.6945,64.283,-120.691,D,2016,07,15,2016-07-15,313.8,52,31.3,290.3,0,2.5046558,-0.9425136,290.097,288.91113,292.1572,286.59235,276.08728,6.0,0.0,0.5205301,0.5497022,0.58457917,0.6183111
64.2059,-125.2202,64.283,-120.691,D,2016,07,15,2016-07-15,337.9,90,134.5,298.8,1,2.5046558,-0.9425136,290.097,288.91113,292.1572,286.59235,276.08728,6.0,0.0,0.5205301,0.5497022,0.58457917,0.6183111
64.212,-125.2179,64.283,-120.691,D,2016,07,15,2016-07-15,326.5,81,71.7,297.6,0,2.5046558,-0.9425136,290.097,288.91113,292.1572,286.59235,276.08728,6.0,0.0,0.5205301,0.5497022,0.58457917,0.6183111
64.2012,-125.2371,64.283,-120.691,D,2016,07,15,2016-07-15,322.3,80,57.4,298.6,0,2.5046558,-0.9425136,290.097,288.91113,292.1572,286.59235,276.08728,6.0,0.0,0.5205301,0.5497022,0.58457917,0.6183111
64.1978,-125.2234,64.283,-120.691,D,2016,07,15,2016-07-15,319.9,61,20.7,300.5,0,2.5046558,-0.9425136,290.097,288.91113,292.1572,286.59235,276.08728,6.0,0.0,0.5205301,0.5497022,0.58457917,0.6183111
64.1953,-125.2541,64.283,-120.691,D,2016,07,15,2016-07-15,321.0,71,21.6,302.6,0,2.5046558,-0.9425136,290.097,288.91113,292.1572,286.59235,276.08728,6.0,0.0,0.5205301,0.5497022,0.58457917,0.6183111
64.2085,-125.2273,64.283,-120.691,D,2016,07,15,2016-07-15,363.6,100,158.7,301.3,1,2.5046558,-0.9425136,290.097,288.91113,292.1572,286.59235,276.08728,6.0,0.0,0.5205301,0.5497022,0.58457917,0.6183111
64.2061,-125.2577,64.283,-120.691,D,2016,07,15,2016-07-15,331.2,84,40.0,305.0,0,2.5046558,-0.9425136,290.097,288.91113,292.1572,286.59235,276.08728,6.0,0.0,0.5205301,0.5497022,0.58457917,0.6183111
64.6602,-125.7054,64.283,-120.691,D,2016,07,15,2016-07-15,325.0,66,29.4,291.2,0,2.5046558,-0.9425136,290.097,288.91113,292.1572,286.59235,276.08728,6.0,0.0,0.5205301,0.5497022,0.58457917,0.6183111
64.6623,-125.711,64.283,-120.691,D,2016,07,15,2016-07-15,322.5,68,25.5,292.0,0,2.5046558,-0.9425136,290.097,288.91113,292.1572,286.59235,276.08728,6.0,0.0,0.5205301,0.5497022,0.58457917,0.6183111
65.2002,-126.2452,64.283,-120.691,D,2016,07,15,2016-07-15,335.9,77,47.4,289.6,0,2.5046558,-0.9425136,290.097,288.91113,292.1572,286.59235,276.08728,6.0,0.0,0.5205301,0.5497022,0.58457917,0.6183111
65.1978,-126.2746,64.283,-120.691,D,2016,07,15,2016-07-15,353.6,97,102.7,293.5,1,2.5046558,-0.9425136,290.097,288.91113,292.1572,286.59235,276.08728,6.0,0.0,0.5205301,0.5497022,0.58457917,0.6183111
65.1953,-126.3044,64.283,-120.691,D,2016,07,15,2016-07-15,337.2,89,50.6,294.5,0,2.5046558,-0.9425136,290.097,288.91113,292.1572,286.59235,276.08728,6.0,0.0,0.5205301,0.5497022,0.58457917,0.6183111
65.2106,-126.2513,64.283,-120.691,D,2016,07,15,2016-07-15,361.4,87,134.7,291.2,0,2.5046558,-0.9425136,290.097,288.91113,292.1572,286.59235,276.08728,6.0,0.0,0.5205301,0.5497022,0.58457917,0.6183111
65.2033,-126.3392,64.283,-120.691,D,2016,07,15,2016-07-15,320.4,73,16.4,290.4,0,2.5046558,-0.9425136,290.097,288.91113,292.1572,286.59235,276.08728,6.0,0.0,0.5205301,0.5497022,0.58457917,0.6183111
65.2234,-126.2283,64.283,-120.691,D,2016,07,15,2016-07-15,401.3,75,423.8,296.0,0,2.5046558,-0.9425136,290.097,288.91113,292.1572,286.59235,276.08728,6.0,0.0,0.5205301,0.5497022,0.58457917,0.6183111
65.221,-126.2576,64.283,-120.691,D,2016,07,15,2016-07-15,372.4,92,187.8,297.4,1,2.5046558,-0.9425136,290.097,288.91113,292.1572,286.59235,276.08728,6.0,0.0,0.5205301,0.5497022,0.58457917,0.6183111
65.2186,-126.2861,64.283,-120.691,D,2016,07,15,2016-07-15,369.5,100,174.2,300.0,1,2.5046558,-0.9425136,290.097,288.91113,292.1572,286.59235,276.08728,6.0,0.0,0.5205301,0.5497022,0.58457917,0.6183111
65.2138,-126.3446,64.283,-120.691,D,2016,07,15,2016-07-15,326.2,68,24.8,290.9,0,2.5046558,-0.9425136,290.097,288.91113,292.1572,286.59235,276.08728,6.0,0.0,0.5205301,0.5497022,0.58457917,0.6183111
65.2363,-126.2052,64.283,-120.691,D,2016,07,15,2016-07-15,359.3,72,121.2,284.5,0,2.5046558,-0.9425136,290.097,288.91113,292.1572,286.59235,276.08728,6.0,0.0,0.5205301,0.5497022,0.58457917,0.6183111
65.2338,-126.2346,64.283,-120.691,D,2016,07,15,2016-07-15,426.8,94,750.3,305.5,1,2.5046558,-0.9425136,290.097,288.91113,292.1572,286.59235,276.08728,6.0,0.0,0.5205301,0.5497022,0.58457917,0.6183111
65.2314,-126.2635,64.283,-120.691,D,2016,07,15,2016-07-15,416.4,100,595.1,310.1,1,2.5046558,-0.9425136,290.097,288.91113,292.1572,286.59235,276.08728,6.0,0.0,0.5205301,0.5497022,0.58457917,0.6183111
65.229,-126.2927,64.283,-120.691,D,2016,07,15,2016-07-15,362.4,71,134.6,302.7,0,2.5046558,-0.9425136,290.097,288.91113,292.1572,286.59235,276.08728,6.0,0.0,0.5205301,0.5497022,0.58457917,0.6183111
65.2443,-126.2402,64.283,-120.691,D,2016,07,15,2016-07-15,357.9,85,107.1,295.4,0,2.5046558,-0.9425136,290.097,288.91113,292.1572,286.59235,276.08728,6.0,0.0,0.5205301,0.5497022,0.58457917,0.6183111
65.2418,-126.2696,64.283,-120.691,D,2016,07,15,2016-07-15,424.4,100,706.7,308.6,1,2.5046558,-0.9425136,290.097,288.91113,292.1572,286.59235,276.08728,6.0,0.0,0.5205301,0.5497022,0.58457917,0.6183111
65.2394,-126.2988,64.283,-120.691,D,2016,07,15,2016-07-15,406.6,100,473.0,309.1,1,2.5046558,-0.9425136,290.097,288.91113,292.1572,286.59235,276.08728,6.0,0.0,0.5205301,0.5497022,0.58457917,0.6183111
65.2523,-126.2751,64.283,-120.691,D,2016,07,15,2016-07-15,402.8,100,431.0,300.8,1,2.5046558,-0.9425136,290.097,288.91113,292.1572,286.59235,276.08728,6.0,0.0,0.5205301,0.5497022,0.58457917,0.6183111
65.2498,-126.3049,64.283,-120.691,D,2016,07,15,2016-07-15,411.5,100,527.4,301.9,1,2.5046558,-0.9425136,290.097,288.91113,292.1572,286.59235,276.08728,6.0,0.0,0.5205301,0.5497022,0.58457917,0.6183111
65.246,-126.2792,64.283,-120.691,D,2016,07,15,2016-07-15,435.5,100,887.0,315.1,1,2.5046558,-0.9425136,290.097,288.91113,292.1572,286.59235,276.08728,6.0,0.0,0.5205301,0.5497022,0.58457917,0.6183111
65.2436,-126.3084,64.283,-120.691,D,2016,07,15,2016-07-15,397.7,100,375.3,308.4,1,2.5046558,-0.9425136,290.097,288.91113,292.1572,286.59235,276.08728,6.0,0.0,0.5205301,0.5497022,0.58457917,0.6183111
65.7854,-127.5395,64.283,-120.691,D,2016,07,15,2016-07-15,333.0,88,40.3,294.1,0,2.5046558,-0.9425136,290.097,288.91113,292.1572,286.59235,276.08728,6.0,0.0,0.5205301,0.5497022,0.58457917,0.6183111
65.7804,-127.5413,64.283,-120.691,D,2016,07,15,2016-07-15,333.3,87,41.8,296.0,0,2.5046558,-0.9425136,290.097,288.91113,292.1572,286.59235,276.08728,6.0,0.0,0.5205301,0.5497022,0.58457917,0.6183111
65.974,-125.6955,64.283,-120.691,D,2016,07,15,2016-07-15,310.2,54,18.0,272.9,0,2.5046558,-0.9425136,290.097,288.91113,292.1572,286.59235,276.08728,6.0,0.0,0.5205301,0.5497022,0.58457917,0.6183111
65.9714,-125.7294,64.283,-120.691,D,2016,07,15,2016-07-15,311.9,68,20.3,274.1,0,2.5046558,-0.9425136,290.097,288.91113,292.1572,286.59235,276.08728,6.0,0.0,0.5205301,0.5497022,0.58457917,0.6183111
65.8907,-126.8809,64.283,-120.691,D,2016,07,15,2016-07-15,320.4,75,21.5,289.9,0,2.5046558,-0.9425136,290.097,288.91113,292.1572,286.59235,276.08728,6.0,0.0,0.5205301,0.5497022,0.58457917,0.6183111
65.9035,-126.8572,64.283,-120.691,D,2016,07,15,2016-07-15,367.2,100,168.4,289.5,1,2.5046558,-0.9425136,290.097,288.91113,292.1572,286.59235,276.08728,6.0,0.0,0.5205301,0.5497022,0.58457917,0.6183111
65.901,-126.8867,64.283,-120.691,D,2016,07,15,2016-07-15,460.3,100,1402.0,315.5,1,2.5046558,-0.9425136,290.097,288.91113,292.1572,286.59235,276.08728,6.0,0.0,0.5205301,0.5497022,0.58457917,0.6183111
65.8985,-126.9166,64.283,-120.691,D,2016,07,15,2016-07-15,398.4,94,387.6,302.5,1,2.5046558,-0.9425136,290.097,288.91113,292.1572,286.59235,276.08728,6.0,0.0,0.5205301,0.5497022,0.58457917,0.6183111
65.9114,-126.893,64.283,-120.691,D,2016,07,15,2016-07-15,379.6,100,237.5,301.1,1,2.5046558,-0.9425136,290.097,288.91113,292.1572,286.59235,276.08728,6.0,0.0,0.5205301,0.5497022,0.58457917,0.6183111
65.9089,-126.9226,64.283,-120.691,D,2016,07,15,2016-07-15,385.4,100,271.9,306.2,1,2.5046558,-0.9425136,290.097,288.91113,292.1572,286.59235,276.08728,6.0,0.0,0.5205301,0.5497022,0.58457917,0.6183111
65.9218,-126.8982,64.283,-120.691,D,2016,07,15,2016-07-15,339.8,82,57.9,298.1,0,2.5046558,-0.9425136,290.097,288.91113,292.1572,286.59235,276.08728,6.0,0.0,0.5205301,0.5497022,0.58457917,0.6183111
65.9167,-126.9577,64.283,-120.691,D,2016,07,15,2016-07-15,339.2,21,53.7,301.0,0,2.5046558,-0.9425136,290.097,288.91113,292.1572,286.59235,276.08728,6.0,0.0,0.5205301,0.5497022,0.58457917,0.6183111
65.9322,-126.9039,64.283,-120.691,D,2016,07,15,2016-07-15,324.6,40,24.5,297.5,0,2.5046558,-0.9425136,290.097,288.91113,292.1572,286.59235,276.08728,6.0,0.0,0.5205301,0.5497022,0.58457917,0.6183111
65.9296,-126.9334,64.283,-120.691,D,2016,07,15,2016-07-15,330.6,72,37.5,301.5,0,2.5046558,-0.9425136,290.097,288.91113,292.1572,286.59235,276.08728,6.0,0.0,0.5205301,0.5497022,0.58457917,0.6183111
65.9265,-126.9082,64.283,-120.691,D,2016,07,15,2016-07-15,329.0,55,32.9,299.6,0,2.5046558,-0.9425136,290.097,288.91113,292.1572,286.59235,276.08728,6.0,0.0,0.5205301,0.5497022,0.58457917,0.6183111
65.9319,-126.9739,64.283,-120.691,D,2016,07,15,2016-07-15,326.6,38,29.1,303.6,0,2.5046558,-0.9425136,290.097,288.91113,292.1572,286.59235,276.08728,6.0,0.0,0.5205301,0.5497022,0.58457917,0.6183111
65.9501,-127.0155,64.283,-120.691,D,2016,07,15,2016-07-15,332.9,66,42.2,297.7,0,2.5046558,-0.9425136,290.097,288.91113,292.1572,286.59235,276.08728,6.0,0.0,0.5205301,0.5497022,0.58457917,0.6183111
65.9784,-127.1909,64.283,-120.691,D,2016,07,15,2016-07-15,326.1,71,29.0,295.7,0,2.5046558,-0.9425136,290.097,288.91113,292.1572,286.59235,276.08728,6.0,0.0,0.5205301,0.5497022,0.58457917,0.6183111
65.9758,-127.2207,64.283,-120.691,D,2016,07,15,2016-07-15,319.1,0,17.2,295.1,0,2.5046558,-0.9425136,290.097,288.91113,292.1572,286.59235,276.08728,6.0,0.0,0.5205301,0.5497022,0.58457917,0.6183111
66.3385,-127.3989,64.283,-120.691,D,2016,07,15,2016-07-15,321.6,68,26.4,282.4,0,2.5046558,-0.9425136,290.097,288.91113,292.1572,286.59235,276.08728,6.0,0.0,0.5205301,0.5497022,0.58457917,0.6183111
66.3358,-127.4299,64.283,-120.691,D,2016,07,15,2016-07-15,351.1,91,98.5,287.4,1,2.5046558,-0.9425136,290.097,288.91113,292.1572,286.59235,276.08728,6.0,0.0,0.5205301,0.5497022,0.58457917,0.6183111
66.3331,-127.4613,64.283,-120.691,D,2016,07,15,2016-07-15,331.6,85,41.4,286.2,0,2.5046558,-0.9425136,290.097,288.91113,292.1572,286.59235,276.08728,6.0,0.0,0.5205301,0.5497022,0.58457917,0.6183111
66.3461,-127.4354,64.283,-120.691,D,2016,07,15,2016-07-15,411.6,87,523.7,294.5,0,2.5046558,-0.9425136,290.097,288.91113,292.1572,286.59235,276.08728,6.0,0.0,0.5205301,0.5497022,0.58457917,0.6183111
66.3434,-127.4668,64.283,-120.691,D,2016,07,15,2016-07-15,370.6,94,181.1,291.6,1,2.5046558,-0.9425136,290.097,288.91113,292.1572,286.59235,276.08728,6.0,0.0,0.5205301,0.5497022,0.58457917,0.6183111
66.3399,-127.4368,64.283,-120.691,D,2016,07,15,2016-07-15,389.1,87,304.8,294.3,0,2.5046558,-0.9425136,290.097,288.91113,292.1572,286.59235,276.08728,6.0,0.0,0.5205301,0.5497022,0.58457917,0.6183111
66.3373,-127.4682,64.283,-120.691,D,2016,07,15,2016-07-15,341.8,87,65.1,289.1,0,2.5046558,-0.9425136,290.097,288.91113,292.1572,286.59235,276.08728,6.0,0.0,0.5205301,0.5497022,0.58457917,0.6183111
66.3502,-127.4423,64.283,-120.691,D,2016,07,15,2016-07-15,364.4,75,150.2,288.4,0,2.5046558,-0.9425136,290.097,288.91113,292.1572,286.59235,276.08728,6.0,0.0,0.5205301,0.5497022,0.58457917,0.6183111
66.3476,-127.4737,64.283,-120.691,D,2016,07,15,2016-07-15,341.9,87,66.0,288.6,0,2.5046558,-0.9425136,290.097,288.91113,292.1572,286.59235,276.08728,6.0,0.0,0.5205301,0.5497022,0.58457917,0.6183111
66.1637,-130.2712,64.283,-120.691,D,2016,07,15,2016-07-15,332.3,86,31.1,299.6,0,2.5046558,-0.9425136,290.097,288.91113,292.1572,286.59235,276.08728,6.0,0.0,0.5205301,0.5497022,0.58457917,0.6183111
66.1683,-130.2542,64.283,-120.691,D,2016,07,15,2016-07-15,330.0,73,25.7,298.5,0,2.5046558,-0.9425136,290.097,288.91113,292.1572,286.59235,276.08728,6.0,0.0,0.5205301,0.5497022,0.58457917,0.6183111
66.1656,-130.2798,64.283,-120.691,D,2016,07,15,2016-07-15,326.6,75,21.0,300.1,0,2.5046558,-0.9425136,290.097,288.91113,292.1572,286.59235,276.08728,6.0,0.0,0.5205301,0.5497022,0.58457917,0.6183111
66.4408,-127.4652,64.283,-120.691,D,2016,07,15,2016-07-15,319.3,0,19.1,285.0,0,2.5046558,-0.9425136,290.097,288.91113,292.1572,286.59235,276.08728,6.0,0.0,0.5205301,0.5497022,0.58457917,0.6183111
66.4382,-127.4958,64.283,-120.691,D,2016,07,15,2016-07-15,318.1,49,18.4,285.6,0,2.5046558,-0.9425136,290.097,288.91113,292.1572,286.59235,276.08728,6.0,0.0,0.5205301,0.5497022,0.58457917,0.6183111
66.1831,-130.2091,64.283,-120.691,D,2016,07,15,2016-07-15,332.8,65,33.2,299.9,0,2.5046558,-0.9425136,290.097,288.91113,292.1572,286.59235,276.08728,6.0,0.0,0.5205301,0.5497022,0.58457917,0.6183111
66.1804,-130.2347,64.283,-120.691,D,2016,07,15,2016-07-15,317.6,43,10.1,298.9,0,2.5046558,-0.9425136,290.097,288.91113,292.1572,286.59235,276.08728,6.0,0.0,0.5205301,0.5497022,0.58457917,0.6183111
66.4588,-127.3793,64.283,-120.691,D,2016,07,15,2016-07-15,350.1,83,97.7,284.4,0,2.5046558,-0.9425136,290.097,288.91113,292.1572,286.59235,276.08728,6.0,0.0,0.5205301,0.5497022,0.58457917,0.6183111
66.1925,-130.2152,64.283,-120.691,D,2016,07,15,2016-07-15,326.2,70,22.6,300.7,0,2.5046558,-0.9425136,290.097,288.91113,292.1572,286.59235,276.08728,6.0,0.0,0.5205301,0.5497022,0.58457917,0.6183111
66.4692,-127.3845,64.283,-120.691,D,2016,07,15,2016-07-15,309.5,53,11.7,282.2,0,2.5046558,-0.9425136,290.097,288.91113,292.1572,286.59235,276.08728,6.0,0.0,0.5205301,0.5497022,0.58457917,0.6183111
66.4666,-127.4152,64.283,-120.691,D,2016,07,15,2016-07-15,352.4,0,104.2,288.3,0,2.5046558,-0.9425136,290.097,288.91113,292.1572,286.59235,276.08728,6.0,0.0,0.5205301,0.5497022,0.58457917,0.6183111
66.477,-127.4204,64.283,-120.691,D,2016,07,15,2016-07-15,326.9,72,36.7,283.0,0,2.5046558,-0.9425136,290.097,288.91113,292.1572,286.59235,276.08728,6.0,0.0,0.5205301,0.5497022,0.58457917,0.6183111
66.4769,-127.5486,64.283,-120.691,D,2016,07,15,2016-07-15,326.2,71,32.0,287.6,0,2.5046558,-0.9425136,290.097,288.91113,292.1572,286.59235,276.08728,6.0,0.0,0.5205301,0.5497022,0.58457917,0.6183111
66.4819,-127.6154,64.283,-120.691,D,2016,07,15,2016-07-15,338.9,79,60.1,289.3,0,2.5046558,-0.9425136,290.097,288.91113,292.1572,286.59235,276.08728,6.0,0.0,0.5205301,0.5497022,0.58457917,0.6183111
68.182,-129.771,64.283,-120.691,D,2016,07,15,2016-07-15,306.6,55,8.7,284.2,0,2.5046558,-0.9425136,290.097,288.91113,292.1572,286.59235,276.08728,6.0,0.0,0.5205301,0.5497022,0.58457917,0.6183111
68.1792,-129.8015,64.283,-120.691,D,2016,07,15,2016-07-15,311.4,67,13.3,287.2,0,2.5046558,-0.9425136,290.097,288.91113,292.1572,286.59235,276.08728,6.0,0.0,0.5205301,0.5497022,0.58457917,0.6183111
63.5427,-121.5725,63.555,-121.144,N,2016,07,16,2016-07-16,304.3,59,9.2,274.8,0,0.40245712,-3.70497,298.1546,298.2807,293.1562,287.56042,277.8865,6.0,0.0,0.5472738,0.5568348,0.57940286,0.6085464
63.5956,-123.2729,63.555,-121.144,N,2016,07,16,2016-07-16,303.4,55,9.2,279.0,0,0.40245712,-3.70497,298.1546,298.2807,293.1562,287.56042,277.8865,6.0,0.0,0.5472738,0.5568348,0.57940286,0.6085464
63.5914,-123.2944,63.555,-121.144,N,2016,07,16,2016-07-16,319.4,97,23.0,283.0,1,0.40245712,-3.70497,298.1546,298.2807,293.1562,287.56042,277.8865,6.0,0.0,0.5472738,0.5568348,0.57940286,0.6085464
63.6003,-123.3035,63.555,-121.144,N,2016,07,16,2016-07-16,324.3,89,28.6,282.7,0,0.40245712,-3.70497,298.1546,298.2807,293.1562,287.56042,277.8865,6.0,0.0,0.5472738,0.5568348,0.57940286,0.6085464
63.5959,-123.3262,63.555,-121.144,N,2016,07,16,2016-07-16,343.5,100,61.6,282.9,1,0.40245712,-3.70497,298.1546,298.2807,293.1562,287.56042,277.8865,6.0,0.0,0.5472738,0.5568348,0.57940286,0.6085464
63.5916,-123.348,63.555,-121.144,N,2016,07,16,2016-07-16,342.5,100,58.9,281.3,1,0.40245712,-3.70497,298.1546,298.2807,293.1562,287.56042,277.8865,6.0,0.0,0.5472738,0.5568348,0.57940286,0.6085464
63.5831,-123.3915,63.555,-121.144,N,2016,07,16,2016-07-16,326.1,75,29.6,282.7,0,0.40245712,-3.70497,298.1546,298.2807,293.1562,287.56042,277.8865,6.0,0.0,0.5472738,0.5568348,0.57940286,0.6085464
63.8287,-123.8701,63.555,-121.144,N,2016,07,16,2016-07-16,321.7,100,26.8,285.9,1,0.40245712,-3.70497,298.1546,298.2807,293.1562,287.56042,277.8865,6.0,0.0,0.5472738,0.5568348,0.57940286,0.6085464
63.8343,-123.8555,63.555,-121.144,N,2016,07,16,2016-07-16,311.6,42,14.8,284.9,0,0.40245712,-3.70497,298.1546,298.2807,293.1562,287.56042,277.8865,6.0,0.0,0.5472738,0.5568348,0.57940286,0.6085464
63.8298,-123.8778,63.555,-121.144,N,2016,07,16,2016-07-16,326.1,100,32.4,285.6,1,0.40245712,-3.70497,298.1546,298.2807,293.1562,287.56042,277.8865,6.0,0.0,0.5472738,0.5568348,0.57940286,0.6085464
63.8389,-123.8863,63.555,-121.144,N,2016,07,16,2016-07-16,304.1,47,10.1,284.0,0,0.40245712,-3.70497,298.1546,298.2807,293.1562,287.56042,277.8865,6.0,0.0,0.5472738,0.5568348,0.57940286,0.6085464
63.9806,-125.0392,63.555,-121.144,N,2016,07,16,2016-07-16,314.1,75,18.4,286.3,0,0.40245712,-3.70497,298.1546,298.2807,293.1562,287.56042,277.8865,6.0,0.0,0.5472738,0.5568348,0.57940286,0.6085464
63.9758,-125.0622,63.555,-121.144,N,2016,07,16,2016-07-16,307.5,40,11.8,284.6,0,0.40245712,-3.70497,298.1546,298.2807,293.1562,287.56042,277.8865,6.0,0.0,0.5472738,0.5568348,0.57940286,0.6085464
63.9897,-125.0484,63.555,-121.144,N,2016,07,16,2016-07-16,319.7,99,24.6,283.5,1,0.40245712,-3.70497,298.1546,298.2807,293.1562,287.56042,277.8865,6.0,0.0,0.5472738,0.5568348,0.57940286,0.6085464
63.985,-125.0716,63.555,-121.144,N,2016,07,16,2016-07-16,319.5,88,24.4,286.8,0,0.40245712,-3.70497,298.1546,298.2807,293.1562,287.56042,277.8865,6.0,0.0,0.5472738,0.5568348,0.57940286,0.6085464
63.9891,-125.0542,63.555,-121.144,N,2016,07,16,2016-07-16,324.0,99,29.7,285.6,1,0.40245712,-3.70497,298.1546,298.2807,293.1562,287.56042,277.8865,6.0,0.0,0.5472738,0.5568348,0.57940286,0.6085464
63.9982,-125.0639,63.555,-121.144,N,2016,07,16,2016-07-16,327.5,100,35.6,283.4,1,0.40245712,-3.70497,298.1546,298.2807,293.1562,287.56042,277.8865,6.0,0.0,0.5472738,0.5568348,0.57940286,0.6085464
63.9934,-125.0867,63.555,-121.144,N,2016,07,16,2016-07-16,317.7,68,21.6,285.0,0,0.40245712,-3.70497,298.1546,298.2807,293.1562,287.56042,277.8865,6.0,0.0,0.5472738,0.5568348,0.57940286,0.6085464
64.0072,-125.0739,63.555,-121.144,N,2016,07,16,2016-07-16,309.5,55,14.0,283.5,0,0.40245712,-3.70497,298.1546,298.2807,293.1562,287.56042,277.8865,6.0,0.0,0.5472738,0.5568348,0.57940286,0.6085464
64.0026,-125.0962,63.555,-121.144,N,2016,07,16,2016-07-16,314.6,79,19.4,285.1,0,0.40245712,-3.70497,298.1546,298.2807,293.1562,287.56042,277.8865,6.0,0.0,0.5472738,0.5568348,0.57940286,0.6085464
64.2234,-125.211,63.555,-121.144,N,2016,07,16,2016-07-16,305.1,53,11.1,279.4,0,0.40245712,-3.70497,298.1546,298.2807,293.1562,287.56042,277.8865,6.0,0.0,0.5472738,0.5568348,0.57940286,0.6085464
65.8804,-126.8863,63.555,-121.144,N,2016,07,16,2016-07-16,332.6,87,41.1,279.7,0,0.40245712,-3.70497,298.1546,298.2807,293.1562,287.56042,277.8865,6.0,0.0,0.5472738,0.5568348,0.57940286,0.6085464
65.8755,-126.9101,63.555,-121.144,N,2016,07,16,2016-07-16,327.5,46,31.9,272.9,0,0.40245712,-3.70497,298.1546,298.2807,293.1562,287.56042,277.8865,6.0,0.0,0.5472738,0.5568348,0.57940286,0.6085464
65.8892,-126.8977,63.555,-121.144,N,2016,07,16,2016-07-16,325.7,37,27.9,279.6,0,0.40245712,-3.70497,298.1546,298.2807,293.1562,287.56042,277.8865,6.0,0.0,0.5472738,0.5568348,0.57940286,0.6085464
65.8843,-126.9213,63.555,-121.144,N,2016,07,16,2016-07-16,321.9,15,21.0,271.4,0,0.40245712,-3.70497,298.1546,298.2807,293.1562,287.56042,277.8865,6.0,0.0,0.5472738,0.5568348,0.57940286,0.6085464
65.898,-126.9089,63.555,-121.144,N,2016,07,16,2016-07-16,322.1,0,20.9,281.0,0,0.40245712,-3.70497,298.1546,298.2807,293.1562,287.56042,277.8865,6.0,0.0,0.5472738,0.5568348,0.57940286,0.6085464
65.893,-126.933,63.555,-121.144,N,2016,07,16,2016-07-16,334.6,90,43.8,278.5,1,0.40245712,-3.70497,298.1546,298.2807,293.1562,287.56042,277.8865,6.0,0.0,0.5472738,0.5568348,0.57940286,0.6085464
65.9107,-126.9549,63.555,-121.144,N,2016,07,16,2016-07-16,324.7,68,28.1,280.4,0,0.40245712,-3.70497,298.1546,298.2807,293.1562,287.56042,277.8865,6.0,0.0,0.5472738,0.5568348,0.57940286,0.6085464
65.9107,-126.9605,63.555,-121.144,N,2016,07,16,2016-07-16,322.5,0,24.4,279.7,0,0.40245712,-3.70497,298.1546,298.2807,293.1562,287.56042,277.8865,6.0,0.0,0.5472738,0.5568348,0.57940286,0.6085464
65.9195,-126.9717,63.555,-121.144,N,2016,07,16,2016-07-16,317.0,39,18.9,281.2,0,0.40245712,-3.70497,298.1546,298.2807,293.1562,287.56042,277.8865,6.0,0.0,0.5472738,0.5568348,0.57940286,0.6085464
66.4431,-127.4953,62.891,-118.29,D,2016,07,16,2016-07-16,306.3,60,10.1,285.7,0,1.5118256,-4.3675594,291.16342,291.4532,293.24783,287.4911,278.20297,6.0,0.0,0.4741162,0.5159602,0.56162626,0.567168
68.172,-129.7712,62.891,-118.29,D,2016,07,16,2016-07-16,312.6,62,14.2,287.8,0,1.5118256,-4.3675594,291.16342,291.4532,293.24783,287.4911,278.20297,6.0,0.0,0.4741162,0.5159602,0.56162626,0.567168
68.1667,-129.7965,62.891,-118.29,D,2016,07,16,2016-07-16,319.4,75,21.5,288.9,0,1.5118256,-4.3675594,291.16342,291.4532,293.24783,287.4911,278.20297,6.0,0.0,0.4741162,0.5159602,0.56162626,0.567168
63.9865,-125.0518,63.555,-121.144,N,2016,07,16,2016-07-16,317.1,94,70.0,288.7,1,0.40245712,-3.70497,298.1546,298.2807,293.1562,287.56042,277.8865,6.0,0.0,0.5472738,0.5568348,0.57940286,0.6085464
63.9886,-125.0575,63.555,-121.144,N,2016,07,16,2016-07-16,318.9,98,77.4,288.7,1,0.40245712,-3.70497,298.1546,298.2807,293.1562,287.56042,277.8865,6.0,0.0,0.5472738,0.5568348,0.57940286,0.6085464
64.0029,-125.0594,63.555,-121.144,N,2016,07,16,2016-07-16,303.0,52,26.8,287.5,0,0.40245712,-3.70497,298.1546,298.2807,293.1562,287.56042,277.8865,6.0,0.0,0.5472738,0.5568348,0.57940286,0.6085464
65.182,-126.3182,63.555,-121.144,N,2016,07,16,2016-07-16,329.9,88,107.7,279.7,0,0.40245712,-3.70497,298.1546,298.2807,293.1562,287.56042,277.8865,6.0,0.0,0.5472738,0.5568348,0.57940286,0.6085464
65.1959,-126.3213,63.555,-121.144,N,2016,07,16,2016-07-16,320.3,49,65.8,271.1,0,0.40245712,-3.70497,298.1546,298.2807,293.1562,287.56042,277.8865,6.0,0.0,0.5472738,0.5568348,0.57940286,0.6085464
65.1749,-126.2671,63.555,-121.144,N,2016,07,16,2016-07-16,308.8,29,38.4,276.7,0,0.40245712,-3.70497,298.1546,298.2807,293.1562,287.56042,277.8865,6.0,0.0,0.5472738,0.5568348,0.57940286,0.6085464
65.1872,-126.3242,63.555,-121.144,N,2016,07,16,2016-07-16,333.9,90,129.9,277.5,1,0.40245712,-3.70497,298.1546,298.2807,293.1562,287.56042,277.8865,6.0,0.0,0.5472738,0.5568348,0.57940286,0.6085464
66.1775,-130.2211,63.555,-121.144,N,2016,07,16,2016-07-16,308.3,22,23.4,283.1,0,0.40245712,-3.70497,298.1546,298.2807,293.1562,287.56042,277.8865,6.0,0.0,0.5472738,0.5568348,0.57940286,0.6085464
68.167,-129.7577,63.555,-121.144,N,2016,07,16,2016-07-16,303.8,57,20.6,286.7,0,0.40245712,-3.70497,298.1546,298.2807,293.1562,287.56042,277.8865,6.0,0.0,0.5472738,0.5568348,0.57940286,0.6085464
68.1647,-129.8084,63.555,-121.144,N,2016,07,16,2016-07-16,300.3,25,14.5,285.6,0,0.40245712,-3.70497,298.1546,298.2807,293.1562,287.56042,277.8865,6.0,0.0,0.5472738,0.5568348,0.57940286,0.6085464
68.1662,-129.7643,63.555,-121.144,N,2016,07,16,2016-07-16,306.5,57,23.8,286.8,0,0.40245712,-3.70497,298.1546,298.2807,293.1562,287.56042,277.8865,6.0,0.0,0.5472738,0.5568348,0.57940286,0.6085464
65.1912,-126.3179,63.555,-121.144,N,2016,07,16,2016-07-16,320.3,22,22.0,281.6,0,0.40245712,-3.70497,298.1546,298.2807,293.1562,287.56042,277.8865,6.0,0.0,0.5472738,0.5568348,0.57940286,0.6085464
64.229,-125.2012,63.555,-121.144,N,2016,07,16,2016-07-16,305.8,66,10.1,283.0,0,0.40245712,-3.70497,298.1546,298.2807,293.1562,287.56042,277.8865,6.0,0.0,0.5472738,0.5568348,0.57940286,0.6085464
64.2317,-125.2225,63.555,-121.144,N,2016,07,16,2016-07-16,303.7,56,8.8,283.0,0,0.40245712,-3.70497,298.1546,298.2807,293.1562,287.56042,277.8865,6.0,0.0,0.5472738,0.5568348,0.57940286,0.6085464
65.1673,-126.2822,63.555,-121.144,N,2016,07,16,2016-07-16,304.1,43,9.3,279.3,0,0.40245712,-3.70497,298.1546,298.2807,293.1562,287.56042,277.8865,6.0,0.0,0.5472738,0.5568348,0.57940286,0.6085464
65.1766,-126.2762,63.555,-121.144,N,2016,07,16,2016-07-16,336.7,79,45.6,288.6,0,0.40245712,-3.70497,298.1546,298.2807,293.1562,287.56042,277.8865,6.0,0.0,0.5472738,0.5568348,0.57940286,0.6085464
65.1858,-126.2701,63.555,-121.144,N,2016,07,16,2016-07-16,332.4,59,35.6,289.6,0,0.40245712,-3.70497,298.1546,298.2807,293.1562,287.56042,277.8865,6.0,0.0,0.5472738,0.5568348,0.57940286,0.6085464
65.1885,-126.2939,63.555,-121.144,N,2016,07,16,2016-07-16,346.7,100,66.0,291.6,1,0.40245712,-3.70497,298.1546,298.2807,293.1562,287.56042,277.8865,6.0,0.0,0.5472738,0.5568348,0.57940286,0.6085464
64.227,-119.2431,62.891,-118.29,D,2016,07,16,2016-07-16,314.3,0,34.2,283.0,0,1.5118256,-4.3675594,291.16342,291.4532,293.24783,287.4911,278.20297,6.0,0.0,0.4741162,0.5159602,0.56162626,0.567168
64.2641,-119.227,62.891,-118.29,D,2016,07,16,2016-07-16,321.9,0,53.2,285.0,0,1.5118256,-4.3675594,291.16342,291.4532,293.24783,287.4911,278.20297,6.0,0.0,0.4741162,0.5159602,0.56162626,0.567168
64.7092,-120.3398,62.891,-118.29,D,2016,07,16,2016-07-16,309.3,55,29.4,284.9,0,1.5118256,-4.3675594,291.16342,291.4532,293.24783,287.4911,278.20297,6.0,0.0,0.4741162,0.5159602,0.56162626,0.567168
64.2215,-119.2663,62.891,-118.29,D,2016,07,16,2016-07-16,328.4,50,29.3,303.2,0,1.5118256,-4.3675594,291.16342,291.4532,293.24783,287.4911,278.20297,6.0,0.0,0.4741162,0.5159602,0.56162626,0.567168
64.2311,-119.2546,62.891,-118.29,D,2016,07,16,2016-07-16,336.0,55,41.8,304.4,0,1.5118256,-4.3675594,291.16342,291.4532,293.24783,287.4911,278.20297,6.0,0.0,0.4741162,0.5159602,0.56162626,0.567168
64.2374,-119.2815,62.891,-118.29,D,2016,07,16,2016-07-16,331.4,32,28.2,303.4,0,1.5118256,-4.3675594,291.16342,291.4532,293.24783,287.4911,278.20297,6.0,0.0,0.4741162,0.5159602,0.56162626,0.567168
64.2598,-119.2192,62.891,-118.29,D,2016,07,16,2016-07-16,359.5,0,132.3,307.1,0,1.5118256,-4.3675594,291.16342,291.4532,293.24783,287.4911,278.20297,6.0,0.0,0.4741162,0.5159602,0.56162626,0.567168
64.266,-119.2461,62.891,-118.29,D,2016,07,16,2016-07-16,348.0,0,84.1,304.6,0,1.5118256,-4.3675594,291.16342,291.4532,293.24783,287.4911,278.20297,6.0,0.0,0.4741162,0.5159602,0.56162626,0.567168
65.9815,-127.1777,62.891,-118.29,D,2016,07,16,2016-07-16,311.3,18,6.5,293.0,0,1.5118256,-4.3675594,291.16342,291.4532,293.24783,287.4911,278.20297,6.0,0.0,0.4741162,0.5159602,0.56162626,0.567168
66.3102,-127.4253,62.891,-118.29,D,2016,07,16,2016-07-16,332.7,69,27.1,293.1,0,1.5118256,-4.3675594,291.16342,291.4532,293.24783,287.4911,278.20297,6.0,0.0,0.4741162,0.5159602,0.56162626,0.567168
66.4522,-127.4053,62.891,-118.29,D,2016,07,16,2016-07-16,312.2,53,8.5,295.2,0,1.5118256,-4.3675594,291.16342,291.4532,293.24783,287.4911,278.20297,6.0,0.0,0.4741162,0.5159602,0.56162626,0.567168
66.4564,-127.3714,62.891,-118.29,D,2016,07,16,2016-07-16,310.3,46,6.2,294.0,0,1.5118256,-4.3675594,291.16342,291.4532,293.24783,287.4911,278.20297,6.0,0.0,0.4741162,0.5159602,0.56162626,0.567168
66.4597,-127.3925,62.891,-118.29,D,2016,07,16,2016-07-16,320.2,68,13.9,298.1,0,1.5118256,-4.3675594,291.16342,291.4532,293.24783,287.4911,278.20297,6.0,0.0,0.4741162,0.5159602,0.56162626,0.567168
65.7523,-127.5044,62.891,-118.29,D,2016,07,16,2016-07-16,314.1,27,8.5,292.8,0,1.5118256,-4.3675594,291.16342,291.4532,293.24783,287.4911,278.20297,6.0,0.0,0.4741162,0.5159602,0.56162626,0.567168
64.9655,-124.654,62.891,-118.29,D,2016,07,16,2016-07-16,322.0,79,14.8,300.5,0,1.5118256,-4.3675594,291.16342,291.4532,293.24783,287.4911,278.20297,6.0,0.0,0.4741162,0.5159602,0.56162626,0.567168
64.9615,-124.6322,62.891,-118.29,D,2016,07,16,2016-07-16,316.4,65,8.8,300.3,0,1.5118256,-4.3675594,291.16342,291.4532,293.24783,287.4911,278.20297,6.0,0.0,0.4741162,0.5159602,0.56162626,0.567168
65.7556,-127.525,62.891,-118.29,D,2016,07,16,2016-07-16,321.0,70,14.3,294.6,0,1.5118256,-4.3675594,291.16342,291.4532,293.24783,287.4911,278.20297,6.0,0.0,0.4741162,0.5159602,0.56162626,0.567168
63.9744,-123.7191,62.891,-118.29,D,2016,07,16,2016-07-16,337.7,85,40.0,298.8,0,1.5118256,-4.3675594,291.16342,291.4532,293.24783,287.4911,278.20297,6.0,0.0,0.4741162,0.5159602,0.56162626,0.567168
63.9654,-123.7279,62.891,-118.29,D,2016,07,16,2016-07-16,345.0,94,54.3,302.3,1,1.5118256,-4.3675594,291.16342,291.4532,293.24783,287.4911,278.20297,6.0,0.0,0.4741162,0.5159602,0.56162626,0.567168
64.2166,-125.2292,62.891,-118.29,D,2016,07,16,2016-07-16,326.0,62,21.5,291.1,0,1.5118256,-4.3675594,291.16342,291.4532,293.24783,287.4911,278.20297,6.0,0.0,0.4741162,0.5159602,0.56162626,0.567168
63.838,-123.8706,62.891,-118.29,D,2016,07,16,2016-07-16,318.4,77,12.8,301.5,0,1.5118256,-4.3675594,291.16342,291.4532,293.24783,287.4911,278.20297,6.0,0.0,0.4741162,0.5159602,0.56162626,0.567168
63.9993,-125.0613,62.891,-118.29,D,2016,07,16,2016-07-16,346.9,94,55.4,299.9,1,1.5118256,-4.3675594,291.16342,291.4532,293.24783,287.4911,278.20297,6.0,0.0,0.4741162,0.5159602,0.56162626,0.567168
63.978,-125.057,62.891,-118.29,D,2016,07,16,2016-07-16,325.1,65,19.7,299.6,0,1.5118256,-4.3675594,291.16342,291.4532,293.24783,287.4911,278.20297,6.0,0.0,0.4741162,0.5159602,0.56162626,0.567168
63.5832,-123.4277,62.891,-118.29,D,2016,07,16,2016-07-16,306.1,32,6.1,290.5,0,1.5118256,-4.3675594,291.16342,291.4532,293.24783,287.4911,278.20297,6.0,0.0,0.4741162,0.5159602,0.56162626,0.567168
64.257,-119.2093,62.891,-118.29,D,2016,07,16,2016-07-16,363.5,94,91.8,307.8,1,1.5118256,-4.3675594,291.16342,291.4532,293.24783,287.4911,278.20297,6.0,0.0,0.4741162,0.5159602,0.56162626,0.567168
63.5013,-121.4524,62.891,-118.29,D,2016,07,16,2016-07-16,315.3,37,13.6,268.3,0,1.5118256,-4.3675594,291.16342,291.4532,293.24783,287.4911,278.20297,6.0,0.0,0.4741162,0.5159602,0.56162626,0.567168
63.5098,-121.4591,62.891,-118.29,D,2016,07,16,2016-07-16,323.4,55,21.0,270.8,0,1.5118256,-4.3675594,291.16342,291.4532,293.24783,287.4911,278.20297,6.0,0.0,0.4741162,0.5159602,0.56162626,0.567168
63.5518,-121.4996,62.891,-118.29,D,2016,07,16,2016-07-16,303.2,34,5.3,276.9,0,1.5118256,-4.3675594,291.16342,291.4532,293.24783,287.4911,278.20297,6.0,0.0,0.4741162,0.5159602,0.56162626,0.567168
63.2262,-123.9156,62.891,-118.29,D,2016,07,16,2016-07-16,332.3,72,28.4,286.5,0,1.5118256,-4.3675594,291.16342,291.4532,293.24783,287.4911,278.20297,6.0,0.0,0.4741162,0.5159602,0.56162626,0.567168
63.2227,-123.9353,62.891,-118.29,D,2016,07,16,2016-07-16,378.1,94,155.3,291.3,1,1.5118256,-4.3675594,291.16342,291.4532,293.24783,287.4911,278.20297,6.0,0.0,0.4741162,0.5159602,0.56162626,0.567168
63.2274,-123.9437,62.891,-118.29,D,2016,07,16,2016-07-16,327.3,36,22.7,287.1,0,1.5118256,-4.3675594,291.16342,291.4532,293.24783,287.4911,278.20297,6.0,0.0,0.4741162,0.5159602,0.56162626,0.567168
63.2518,-123.9198,62.891,-118.29,D,2016,07,16,2016-07-16,336.4,64,34.4,290.6,0,1.5118256,-4.3675594,291.16342,291.4532,293.24783,287.4911,278.20297,6.0,0.0,0.4741162,0.5159602,0.56162626,0.567168
64.2266,-119.2247,62.891,-118.29,D,2016,07,16,2016-07-16,340.5,54,31.4,304.7,0,1.5118256,-4.3675594,291.16342,291.4532,293.24783,287.4911,278.20297,6.0,0.0,0.4741162,0.5159602,0.56162626,0.567168
64.2238,-119.2449,62.891,-118.29,D,2016,07,16,2016-07-16,363.4,100,81.7,309.2,1,1.5118256,-4.3675594,291.16342,291.4532,293.24783,287.4911,278.20297,6.0,0.0,0.4741162,0.5159602,0.56162626,0.567168
64.238,-119.2108,62.891,-118.29,D,2016,07,16,2016-07-16,355.3,0,64.1,303.3,0,1.5118256,-4.3675594,291.16342,291.4532,293.24783,287.4911,278.20297,6.0,0.0,0.4741162,0.5159602,0.56162626,0.567168
64.2325,-119.2511,62.891,-118.29,D,2016,07,16,2016-07-16,334.7,51,16.9,307.3,0,1.5118256,-4.3675594,291.16342,291.4532,293.24783,287.4911,278.20297,6.0,0.0,0.4741162,0.5159602,0.56162626,0.567168
64.2298,-119.2713,62.891,-118.29,D,2016,07,16,2016-07-16,340.4,83,26.4,307.9,0,1.5118256,-4.3675594,291.16342,291.4532,293.24783,287.4911,278.20297,6.0,0.0,0.4741162,0.5159602,0.56162626,0.567168
64.2543,-119.2295,62.891,-118.29,D,2016,07,16,2016-07-16,347.8,95,50.6,310.7,1,1.5118256,-4.3675594,291.16342,291.4532,293.24783,287.4911,278.20297,6.0,0.0,0.4741162,0.5159602,0.56162626,0.567168
64.2657,-119.2156,62.891,-118.29,D,2016,07,16,2016-07-16,316.1,70,8.6,297.1,0,1.5118256,-4.3675594,291.16342,291.4532,293.24783,287.4911,278.20297,6.0,0.0,0.4741162,0.5159602,0.56162626,0.567168
64.263,-119.2358,62.891,-118.29,D,2016,07,16,2016-07-16,359.5,94,79.1,307.4,1,1.5118256,-4.3675594,291.16342,291.4532,293.24783,287.4911,278.20297,6.0,0.0,0.4741162,0.5159602,0.56162626,0.567168
64.2602,-119.256,62.891,-118.29,D,2016,07,16,2016-07-16,349.5,83,54.3,308.8,0,1.5118256,-4.3675594,291.16342,291.4532,293.24783,287.4911,278.20297,6.0,0.0,0.4741162,0.5159602,0.56162626,0.567168
63.8335,-123.8744,62.891,-118.29,D,2016,07,16,2016-07-16,323.6,81,16.2,303.4,0,1.5118256,-4.3675594,291.16342,291.4532,293.24783,287.4911,278.20297,6.0,0.0,0.4741162,0.5159602,0.56162626,0.567168
63.9752,-124.0798,62.891,-118.29,D,2016,07,16,2016-07-16,316.1,38,7.9,299.4,0,1.5118256,-4.3675594,291.16342,291.4532,293.24783,287.4911,278.20297,6.0,0.0,0.4741162,0.5159602,0.56162626,0.567168
63.9805,-124.0895,62.891,-118.29,D,2016,07,16,2016-07-16,315.7,46,7.9,300.4,0,1.5118256,-4.3675594,291.16342,291.4532,293.24783,287.4911,278.20297,6.0,0.0,0.4741162,0.5159602,0.56162626,0.567168
65.2706,-119.6177,62.891,-118.29,D,2016,07,16,2016-07-16,318.3,73,16.0,282.3,0,1.5118256,-4.3675594,291.16342,291.4532,293.24783,287.4911,278.20297,6.0,0.0,0.4741162,0.5159602,0.56162626,0.567168
64.6751,-125.73,62.891,-118.29,D,2016,07,16,2016-07-16,312.3,61,7.8,295.8,0,1.5118256,-4.3675594,291.16342,291.4532,293.24783,287.4911,278.20297,6.0,0.0,0.4741162,0.5159602,0.56162626,0.567168
64.6712,-125.7511,62.891,-118.29,D,2016,07,16,2016-07-16,313.1,67,8.8,295.5,0,1.5118256,-4.3675594,291.16342,291.4532,293.24783,287.4911,278.20297,6.0,0.0,0.4741162,0.5159602,0.56162626,0.567168
64.9567,-124.6473,62.891,-118.29,D,2016,07,16,2016-07-16,321.3,77,12.9,301.4,0,1.5118256,-4.3675594,291.16342,291.4532,293.24783,287.4911,278.20297,6.0,0.0,0.4741162,0.5159602,0.56162626,0.567168
64.9652,-124.6556,62.891,-118.29,D,2016,07,16,2016-07-16,317.7,62,9.2,299.1,0,1.5118256,-4.3675594,291.16342,291.4532,293.24783,287.4911,278.20297,6.0,0.0,0.4741162,0.5159602,0.56162626,0.567168
65.747,-127.5236,62.891,-118.29,D,2016,07,16,2016-07-16,318.5,67,14.8,295.2,0,1.5118256,-4.3675594,291.16342,291.4532,293.24783,287.4911,278.20297,6.0,0.0,0.4741162,0.5159602,0.56162626,0.567168
66.3153,-127.4262,62.891,-118.29,D,2016,07,16,2016-07-16,352.0,97,69.7,296.1,1,1.5118256,-4.3675594,291.16342,291.4532,293.24783,287.4911,278.20297,6.0,0.0,0.4741162,0.5159602,0.56162626,0.567168
66.459,-127.3899,62.891,-118.29,D,2016,07,16,2016-07-16,314.9,53,10.8,296.4,0,1.5118256,-4.3675594,291.16342,291.4532,293.24783,287.4911,278.20297,6.0,0.0,0.4741162,0.5159602,0.56162626,0.567168
66.3367,-127.4548,62.891,-118.29,D,2016,07,16,2016-07-16,315.4,36,10.4,298.0,0,1.5118256,-4.3675594,291.16342,291.4532,293.24783,287.4911,278.20297,6.0,0.0,0.4741162,0.5159602,0.56162626,0.567168
66.3113,-127.4479,62.891,-118.29,D,2016,07,16,2016-07-16,328.2,80,25.3,293.3,0,1.5118256,-4.3675594,291.16342,291.4532,293.24783,287.4911,278.20297,6.0,0.0,0.4741162,0.5159602,0.56162626,0.567168
63.9786,-125.0298,62.891,-118.29,D,2016,07,16,2016-07-16,321.7,58,87.9,293.4,0,1.5118256,-4.3675594,291.16342,291.4532,293.24783,287.4911,278.20297,6.0,0.0,0.4741162,0.5159602,0.56162626,0.567168
63.9783,-125.1074,62.891,-118.29,D,2016,07,16,2016-07-16,324.4,47,107.0,294.8,0,1.5118256,-4.3675594,291.16342,291.4532,293.24783,287.4911,278.20297,6.0,0.0,0.4741162,0.5159602,0.56162626,0.567168
63.9946,-125.0321,62.891,-118.29,D,2016,07,16,2016-07-16,357.1,99,444.0,292.8,1,1.5118256,-4.3675594,291.16342,291.4532,293.24783,287.4911,278.20297,6.0,0.0,0.4741162,0.5159602,0.56162626,0.567168
63.9942,-125.1103,62.891,-118.29,D,2016,07,16,2016-07-16,334.4,69,173.0,294.0,0,1.5118256,-4.3675594,291.16342,291.4532,293.24783,287.4911,278.20297,6.0,0.0,0.4741162,0.5159602,0.56162626,0.567168
63.4932,-121.4578,62.891,-118.29,D,2016,07,16,2016-07-16,320.4,79,139.0,291.4,0,1.5118256,-4.3675594,291.16342,291.4532,293.24783,287.4911,278.20297,6.0,0.0,0.4741162,0.5159602,0.56162626,0.567168
63.5114,-121.4465,62.891,-118.29,D,2016,07,16,2016-07-16,333.2,76,261.8,293.4,0,1.5118256,-4.3675594,291.16342,291.4532,293.24783,287.4911,278.20297,6.0,0.0,0.4741162,0.5159602,0.56162626,0.567168
63.5131,-121.5542,62.891,-118.29,D,2016,07,16,2016-07-16,319.0,0,118.3,294.1,0,1.5118256,-4.3675594,291.16342,291.4532,293.24783,287.4911,278.20297,6.0,0.0,0.4741162,0.5159602,0.56162626,0.567168
63.4934,-121.4479,62.891,-118.29,D,2016,07,16,2016-07-16,321.3,27,133.8,291.3,0,1.5118256,-4.3675594,291.16342,291.4532,293.24783,287.4911,278.20297,6.0,0.0,0.4741162,0.5159602,0.56162626,0.567168
63.5259,-121.4587,62.891,-118.29,D,2016,07,16,2016-07-16,320.1,65,135.0,293.8,0,1.5118256,-4.3675594,291.16342,291.4532,293.24783,287.4911,278.20297,6.0,0.0,0.4741162,0.5159602,0.56162626,0.567168
63.5112,-121.4566,62.891,-118.29,D,2016,07,16,2016-07-16,338.5,86,347.3,293.6,0,1.5118256,-4.3675594,291.16342,291.4532,293.24783,287.4911,278.20297,6.0,0.0,0.4741162,0.5159602,0.56162626,0.567168
65.1672,-126.2867,62.891,-118.29,D,2016,07,16,2016-07-16,333.4,62,149.6,287.5,0,1.5118256,-4.3675594,291.16342,291.4532,293.24783,287.4911,278.20297,6.0,0.0,0.4741162,0.5159602,0.56162626,0.567168
62.3963,-113.4188,61.674,-108.199,N,2016,07,17,2016-07-17,320.5,90,0.0,290.7,1,4.17393,-1.6117076,292.69962,294.0341,288.1671,285.76114,278.78384,2.0,0.0,0.11700743,0.19302805,0.25161374,0.28735396
63.2923,-115.9408,61.674,-108.199,N,2016,07,17,2016-07-17,304.7,61,14.1,290.1,0,4.17393,-1.6117076,292.69962,294.0341,288.1671,285.76114,278.78384,2.0,0.0,0.11700743,0.19302805,0.25161374,0.28735396
63.3437,-116.0946,61.674,-108.199,N,2016,07,17,2016-07-17,310.9,81,23.1,290.2,0,4.17393,-1.6117076,292.69962,294.0341,288.1671,285.76114,278.78384,2.0,0.0,0.11700743,0.19302805,0.25161374,0.28735396
63.3619,-116.0767,61.674,-108.199,N,2016,07,17,2016-07-17,302.5,21,10.3,289.8,0,4.17393,-1.6117076,292.69962,294.0341,288.1671,285.76114,278.78384,2.0,0.0,0.11700743,0.19302805,0.25161374,0.28735396
63.3539,-116.1082,61.674,-108.199,N,2016,07,17,2016-07-17,313.5,87,27.9,290.9,0,4.17393,-1.6117076,292.69962,294.0341,288.1671,285.76114,278.78384,2.0,0.0,0.11700743,0.19302805,0.25161374,0.28735396
63.3639,-116.1222,61.674,-108.199,N,2016,07,17,2016-07-17,308.0,73,18.9,290.5,0,4.17393,-1.6117076,292.69962,294.0341,288.1671,285.76114,278.78384,2.0,0.0,0.11700743,0.19302805,0.25161374,0.28735396
63.4135,-115.9794,61.674,-108.199,N,2016,07,17,2016-07-17,311.0,81,22.0,290.1,0,4.17393,-1.6117076,292.69962,294.0341,288.1671,285.76114,278.78384,2.0,0.0,0.11700743,0.19302805,0.25161374,0.28735396
63.3744,-116.1347,61.674,-108.199,N,2016,07,17,2016-07-17,302.3,33,10.8,290.0,0,4.17393,-1.6117076,292.69962,294.0341,288.1671,285.76114,278.78384,2.0,0.0,0.11700743,0.19302805,0.25161374,0.28735396
63.3718,-116.1777,61.674,-108.199,N,2016,07,17,2016-07-17,312.6,42,24.1,291.1,0,4.17393,-1.6117076,292.69962,294.0341,288.1671,285.76114,278.78384,2.0,0.0,0.11700743,0.19302805,0.25161374,0.28735396
63.4779,-116.4916,61.674,-108.199,N,2016,07,17,2016-07-17,324.1,100,51.7,292.1,1,4.17393,-1.6117076,292.69962,294.0341,288.1671,285.76114,278.78384,2.0,0.0,0.11700743,0.19302805,0.25161374,0.28735396
63.4963,-116.4733,61.674,-108.199,N,2016,07,17,2016-07-17,358.0,100,192.1,297.4,1,4.17393,-1.6117076,292.69962,294.0341,288.1671,285.76114,278.78384,2.0,0.0,0.11700743,0.19302805,0.25161374,0.28735396
63.4829,-116.5027,61.674,-108.199,N,2016,07,17,2016-07-17,351.4,100,153.3,296.6,1,4.17393,-1.6117076,292.69962,294.0341,288.1671,285.76114,278.78384,2.0,0.0,0.11700743,0.19302805,0.25161374,0.28735396
63.5015,-116.4844,61.674,-108.199,N,2016,07,17,2016-07-17,362.3,100,217.2,300.0,1,4.17393,-1.6117076,292.69962,294.0341,288.1671,285.76114,278.78384,2.0,0.0,0.11700743,0.19302805,0.25161374,0.28735396
63.4932,-116.516,61.674,-108.199,N,2016,07,17,2016-07-17,352.8,100,159.7,297.9,1,4.17393,-1.6117076,292.69962,294.0341,288.1671,285.76114,278.78384,2.0,0.0,0.11700743,0.19302805,0.25161374,0.28735396
63.5199,-116.4662,61.674,-108.199,N,2016,07,17,2016-07-17,307.1,30,16.3,290.9,0,4.17393,-1.6117076,292.69962,294.0341,288.1671,285.76114,278.78384,2.0,0.0,0.11700743,0.19302805,0.25161374,0.28735396
63.5118,-116.4976,61.674,-108.199,N,2016,07,17,2016-07-17,334.1,100,80.7,295.5,1,4.17393,-1.6117076,292.69962,294.0341,288.1671,285.76114,278.78384,2.0,0.0,0.11700743,0.19302805,0.25161374,0.28735396
63.5036,-116.5294,61.674,-108.199,N,2016,07,17,2016-07-17,328.8,61,58.6,293.6,0,4.17393,-1.6117076,292.69962,294.0341,288.1671,285.76114,278.78384,2.0,0.0,0.11700743,0.19302805,0.25161374,0.28735396
63.5221,-116.511,61.674,-108.199,N,2016,07,17,2016-07-17,327.0,100,58.2,294.4,1,4.17393,-1.6117076,292.69962,294.0341,288.1671,285.76114,278.78384,2.0,0.0,0.11700743,0.19302805,0.25161374,0.28735396
63.5139,-116.5428,61.674,-108.199,N,2016,07,17,2016-07-17,324.4,83,49.3,292.1,0,4.17393,-1.6117076,292.69962,294.0341,288.1671,285.76114,278.78384,2.0,0.0,0.11700743,0.19302805,0.25161374,0.28735396
63.5405,-116.4928,61.674,-108.199,N,2016,07,17,2016-07-17,309.9,72,21.2,290.3,0,4.17393,-1.6117076,292.69962,294.0341,288.1671,285.76114,278.78384,2.0,0.0,0.11700743,0.19302805,0.25161374,0.28735396
63.5324,-116.5245,61.674,-108.199,N,2016,07,17,2016-07-17,326.6,100,57.6,293.4,1,4.17393,-1.6117076,292.69962,294.0341,288.1671,285.76114,278.78384,2.0,0.0,0.11700743,0.19302805,0.25161374,0.28735396
63.5589,-116.4748,61.674,-108.199,N,2016,07,17,2016-07-17,303.8,24,12.1,289.1,0,4.17393,-1.6117076,292.69962,294.0341,288.1671,285.76114,278.78384,2.0,0.0,0.11700743,0.19302805,0.25161374,0.28735396
63.6537,-118.1084,61.674,-108.199,N,2016,07,17,2016-07-17,339.0,100,115.6,288.5,1,4.17393,-1.6117076,292.69962,294.0341,288.1671,285.76114,278.78384,2.0,0.0,0.11700743,0.19302805,0.25161374,0.28735396
63.4882,-116.505,61.674,-108.199,N,2016,07,17,2016-07-17,363.7,100,227.7,299.3,1,4.17393,-1.6117076,292.69962,294.0341,288.1671,285.76114,278.78384,2.0,0.0,0.11700743,0.19302805,0.25161374,0.28735396
62.3505,-113.3979,61.674,-108.199,N,2016,07,17,2016-07-17,325.3,95,0.0,290.1,1,4.17393,-1.6117076,292.69962,294.0341,288.1671,285.76114,278.78384,2.0,0.0,0.11700743,0.19302805,0.25161374,0.28735396
63.83,-123.8546,61.674,-108.199,N,2016,07,17,2016-07-17,304.0,8,7.6,284.6,0,4.17393,-1.6117076,292.69962,294.0341,288.1671,285.76114,278.78384,2.0,0.0,0.11700743,0.19302805,0.25161374,0.28735396
62.4299,-113.503,61.674,-108.199,N,2016,07,17,2016-07-17,309.2,27,29.4,287.6,0,4.17393,-1.6117076,292.69962,294.0341,288.1671,285.76114,278.78384,2.0,0.0,0.11700743,0.19302805,0.25161374,0.28735396
62.3589,-123.286,61.674,-108.199,N,2016,07,17,2016-07-17,320.8,71,20.2,292.5,0,4.17393,-1.6117076,292.69962,294.0341,288.1671,285.76114,278.78384,2.0,0.0,0.11700743,0.19302805,0.25161374,0.28735396
62.3705,-123.2699,61.674,-108.199,N,2016,07,17,2016-07-17,319.7,15,18.0,292.8,0,4.17393,-1.6117076,292.69962,294.0341,288.1671,285.76114,278.78384,2.0,0.0,0.11700743,0.19302805,0.25161374,0.28735396
62.4029,-123.2435,61.674,-108.199,N,2016,07,17,2016-07-17,316.0,23,14.9,292.6,0,4.17393,-1.6117076,292.69962,294.0341,288.1671,285.76114,278.78384,2.0,0.0,0.11700743,0.19302805,0.25161374,0.28735396
62.4005,-123.2641,61.674,-108.199,N,2016,07,17,2016-07-17,334.6,95,36.9,294.5,1,4.17393,-1.6117076,292.69962,294.0341,288.1671,285.76114,278.78384,2.0,0.0,0.11700743,0.19302805,0.25161374,0.28735396
62.398,-123.2848,61.674,-108.199,N,2016,07,17,2016-07-17,324.4,69,19.7,291.9,0,4.17393,-1.6117076,292.69962,294.0341,288.1671,285.76114,278.78384,2.0,0.0,0.11700743,0.19302805,0.25161374,0.28735396
63.3352,-116.0864,61.674,-108.199,N,2016,07,17,2016-07-17,307.3,52,21.6,287.8,0,4.17393,-1.6117076,292.69962,294.0341,288.1671,285.76114,278.78384,2.0,0.0,0.11700743,0.19302805,0.25161374,0.28735396
63.3449,-116.1256,61.674,-108.199,N,2016,07,17,2016-07-17,311.7,64,28.5,287.8,0,4.17393,-1.6117076,292.69962,294.0341,288.1671,285.76114,278.78384,2.0,0.0,0.11700743,0.19302805,0.25161374,0.28735396
63.3567,-116.1291,61.674,-108.199,N,2016,07,17,2016-07-17,308.8,46,24.1,288.3,0,4.17393,-1.6117076,292.69962,294.0341,288.1671,285.76114,278.78384,2.0,0.0,0.11700743,0.19302805,0.25161374,0.28735396
63.3781,-116.1741,61.674,-108.199,N,2016,07,17,2016-07-17,315.5,47,29.2,288.6,0,4.17393,-1.6117076,292.69962,294.0341,288.1671,285.76114,278.78384,2.0,0.0,0.11700743,0.19302805,0.25161374,0.28735396
63.3945,-116.1038,61.674,-108.199,N,2016,07,17,2016-07-17,311.5,83,26.0,288.7,0,4.17393,-1.6117076,292.69962,294.0341,288.1671,285.76114,278.78384,2.0,0.0,0.11700743,0.19302805,0.25161374,0.28735396
63.3922,-116.141,61.674,-108.199,N,2016,07,17,2016-07-17,301.6,21,10.0,287.3,0,4.17393,-1.6117076,292.69962,294.0341,288.1671,285.76114,278.78384,2.0,0.0,0.11700743,0.19302805,0.25161374,0.28735396
63.3899,-116.1778,61.674,-108.199,N,2016,07,17,2016-07-17,331.6,100,72.1,288.8,1,4.17393,-1.6117076,292.69962,294.0341,288.1671,285.76114,278.78384,2.0,0.0,0.11700743,0.19302805,0.25161374,0.28735396
63.3953,-116.1844,61.674,-108.199,N,2016,07,17,2016-07-17,327.7,100,62.3,288.5,1,4.17393,-1.6117076,292.69962,294.0341,288.1671,285.76114,278.78384,2.0,0.0,0.11700743,0.19302805,0.25161374,0.28735396
63.4857,-116.4668,61.674,-108.199,N,2016,07,17,2016-07-17,305.0,30,20.4,284.7,0,4.17393,-1.6117076,292.69962,294.0341,288.1671,285.76114,278.78384,2.0,0.0,0.11700743,0.19302805,0.25161374,0.28735396
63.4834,-116.5024,61.674,-108.199,N,2016,07,17,2016-07-17,321.3,100,45.8,287.7,1,4.17393,-1.6117076,292.69962,294.0341,288.1671,285.76114,278.78384,2.0,0.0,0.11700743,0.19302805,0.25161374,0.28735396
63.4804,-116.4723,61.674,-108.199,N,2016,07,17,2016-07-17,304.0,22,18.1,284.1,0,4.17393,-1.6117076,292.69962,294.0341,288.1671,285.76114,278.78384,2.0,0.0,0.11700743,0.19302805,0.25161374,0.28735396
63.4899,-116.5118,61.674,-108.199,N,2016,07,17,2016-07-17,322.6,71,46.4,289.4,0,4.17393,-1.6117076,292.69962,294.0341,288.1671,285.76114,278.78384,2.0,0.0,0.11700743,0.19302805,0.25161374,0.28735396
63.5038,-116.48,61.674,-108.199,N,2016,07,17,2016-07-17,324.7,92,54.3,291.6,1,4.17393,-1.6117076,292.69962,294.0341,288.1671,285.76114,278.78384,2.0,0.0,0.11700743,0.19302805,0.25161374,0.28735396
63.5015,-116.5157,61.674,-108.199,N,2016,07,17,2016-07-17,325.6,92,54.3,291.5,1,4.17393,-1.6117076,292.69962,294.0341,288.1671,285.76114,278.78384,2.0,0.0,0.11700743,0.19302805,0.25161374,0.28735396
63.5155,-116.4839,61.674,-108.199,N,2016,07,17,2016-07-17,315.1,53,33.2,289.8,0,4.17393,-1.6117076,292.69962,294.0341,288.1671,285.76114,278.78384,2.0,0.0,0.11700743,0.19302805,0.25161374,0.28735396
63.5132,-116.5196,61.674,-108.199,N,2016,07,17,2016-07-17,321.8,48,42.7,290.3,0,4.17393,-1.6117076,292.69962,294.0341,288.1671,285.76114,278.78384,2.0,0.0,0.11700743,0.19302805,0.25161374,0.28735396
63.5249,-116.5234,61.674,-108.199,N,2016,07,17,2016-07-17,312.3,39,26.0,289.1,0,4.17393,-1.6117076,292.69962,294.0341,288.1671,285.76114,278.78384,2.0,0.0,0.11700743,0.19302805,0.25161374,0.28735396
63.5506,-116.4952,61.674,-108.199,N,2016,07,17,2016-07-17,302.0,1,13.7,287.8,0,4.17393,-1.6117076,292.69962,294.0341,288.1671,285.76114,278.78384,2.0,0.0,0.11700743,0.19302805,0.25161374,0.28735396
63.5567,-116.5021,61.674,-108.199,N,2016,07,17,2016-07-17,301.9,16,13.3,288.2,0,4.17393,-1.6117076,292.69962,294.0341,288.1671,285.76114,278.78384,2.0,0.0,0.11700743,0.19302805,0.25161374,0.28735396
63.6543,-118.0979,61.674,-108.199,N,2016,07,17,2016-07-17,342.7,100,97.4,286.3,1,4.17393,-1.6117076,292.69962,294.0341,288.1671,285.76114,278.78384,2.0,0.0,0.11700743,0.19302805,0.25161374,0.28735396
63.6653,-118.1021,61.674,-108.199,N,2016,07,17,2016-07-17,324.0,100,46.7,284.7,1,4.17393,-1.6117076,292.69962,294.0341,288.1671,285.76114,278.78384,2.0,0.0,0.11700743,0.19302805,0.25161374,0.28735396
63.2304,-123.9531,61.674,-108.199,N,2016,07,17,2016-07-17,324.7,100,25.7,291.2,1,4.17393,-1.6117076,292.69962,294.0341,288.1671,285.76114,278.78384,2.0,0.0,0.11700743,0.19302805,0.25161374,0.28735396
63.2395,-123.9588,61.674,-108.199,N,2016,07,17,2016-07-17,313.7,60,14.1,288.5,0,4.17393,-1.6117076,292.69962,294.0341,288.1671,285.76114,278.78384,2.0,0.0,0.11700743,0.19302805,0.25161374,0.28735396
63.5966,-123.2787,61.674,-108.199,N,2016,07,17,2016-07-17,314.5,63,15.7,288.6,0,4.17393,-1.6117076,292.69962,294.0341,288.1671,285.76114,278.78384,2.0,0.0,0.11700743,0.19302805,0.25161374,0.28735396
63.5941,-123.3008,61.674,-108.199,N,2016,07,17,2016-07-17,308.9,25,10.4,287.9,0,4.17393,-1.6117076,292.69962,294.0341,288.1671,285.76114,278.78384,2.0,0.0,0.11700743,0.19302805,0.25161374,0.28735396
63.5866,-123.3676,61.674,-108.199,N,2016,07,17,2016-07-17,303.1,17,6.4,287.1,0,4.17393,-1.6117076,292.69962,294.0341,288.1671,285.76114,278.78384,2.0,0.0,0.11700743,0.19302805,0.25161374,0.28735396
63.5818,-123.4104,61.674,-108.199,N,2016,07,17,2016-07-17,308.2,74,10.7,288.6,0,4.17393,-1.6117076,292.69962,294.0341,288.1671,285.76114,278.78384,2.0,0.0,0.11700743,0.19302805,0.25161374,0.28735396
63.5793,-123.4326,61.674,-108.199,N,2016,07,17,2016-07-17,318.2,96,20.4,289.1,1,4.17393,-1.6117076,292.69962,294.0341,288.1671,285.76114,278.78384,2.0,0.0,0.11700743,0.19302805,0.25161374,0.28735396
64.2272,-119.2339,61.674,-108.199,N,2016,07,17,2016-07-17,305.6,57,14.5,286.0,0,4.17393,-1.6117076,292.69962,294.0341,288.1671,285.76114,278.78384,2.0,0.0,0.11700743,0.19302805,0.25161374,0.28735396
64.2248,-119.2641,61.674,-108.199,N,2016,07,17,2016-07-17,301.4,17,10.3,285.9,0,4.17393,-1.6117076,292.69962,294.0341,288.1671,285.76114,278.78384,2.0,0.0,0.11700743,0.19302805,0.25161374,0.28735396
64.27,-119.2518,61.674,-108.199,N,2016,07,17,2016-07-17,301.1,16,10.5,283.5,0,4.17393,-1.6117076,292.69962,294.0341,288.1671,285.76114,278.78384,2.0,0.0,0.11700743,0.19302805,0.25161374,0.28735396
63.8336,-123.8624,61.674,-108.199,N,2016,07,17,2016-07-17,302.5,38,8.3,282.7,0,4.17393,-1.6117076,292.69962,294.0341,288.1671,285.76114,278.78384,2.0,0.0,0.11700743,0.19302805,0.25161374,0.28735396
63.9685,-123.6643,61.674,-108.199,N,2016,07,17,2016-07-17,335.7,100,45.2,286.3,1,4.17393,-1.6117076,292.69962,294.0341,288.1671,285.76114,278.78384,2.0,0.0,0.11700743,0.19302805,0.25161374,0.28735396
63.9661,-123.6858,61.674,-108.199,N,2016,07,17,2016-07-17,316.0,92,17.5,286.5,1,4.17393,-1.6117076,292.69962,294.0341,288.1671,285.76114,278.78384,2.0,0.0,0.11700743,0.19302805,0.25161374,0.28735396
63.9778,-123.6696,61.674,-108.199,N,2016,07,17,2016-07-17,314.2,89,16.6,285.2,0,4.17393,-1.6117076,292.69962,294.0341,288.1671,285.76114,278.78384,2.0,0.0,0.11700743,0.19302805,0.25161374,0.28735396
63.9754,-123.6912,61.674,-108.199,N,2016,07,17,2016-07-17,333.9,100,41.6,287.2,1,4.17393,-1.6117076,292.69962,294.0341,288.1671,285.76114,278.78384,2.0,0.0,0.11700743,0.19302805,0.25161374,0.28735396
63.9729,-123.7135,61.674,-108.199,N,2016,07,17,2016-07-17,310.2,80,12.8,285.7,0,4.17393,-1.6117076,292.69962,294.0341,288.1671,285.76114,278.78384,2.0,0.0,0.11700743,0.19302805,0.25161374,0.28735396
63.9704,-123.736,61.674,-108.199,N,2016,07,17,2016-07-17,301.5,24,6.9,282.5,0,4.17393,-1.6117076,292.69962,294.0341,288.1671,285.76114,278.78384,2.0,0.0,0.11700743,0.19302805,0.25161374,0.28735396
65.1897,-126.3111,61.674,-108.199,N,2016,07,17,2016-07-17,313.4,18,12.2,288.8,0,4.17393,-1.6117076,292.69962,294.0341,288.1671,285.76114,278.78384,2.0,0.0,0.11700743,0.19302805,0.25161374,0.28735396
65.8912,-126.8021,61.674,-108.199,N,2016,07,17,2016-07-17,314.4,28,13.3,287.9,0,4.17393,-1.6117076,292.69962,294.0341,288.1671,285.76114,278.78384,2.0,0.0,0.11700743,0.19302805,0.25161374,0.28735396
66.3075,-127.397,61.674,-108.199,N,2016,07,17,2016-07-17,301.1,13,5.4,286.4,0,4.17393,-1.6117076,292.69962,294.0341,288.1671,285.76114,278.78384,2.0,0.0,0.11700743,0.19302805,0.25161374,0.28735396
66.4597,-127.38,61.674,-108.199,N,2016,07,17,2016-07-17,300.4,27,6.3,285.3,0,4.17393,-1.6117076,292.69962,294.0341,288.1671,285.76114,278.78384,2.0,0.0,0.11700743,0.19302805,0.25161374,0.28735396
66.4569,-127.4026,61.674,-108.199,N,2016,07,17,2016-07-17,301.3,39,6.7,285.2,0,4.17393,-1.6117076,292.69962,294.0341,288.1671,285.76114,278.78384,2.0,0.0,0.11700743,0.19302805,0.25161374,0.28735396
63.3292,-115.9923,61.674,-108.199,N,2016,07,17,2016-07-17,313.7,88,20.1,288.6,0,4.17393,-1.6117076,292.69962,294.0341,288.1671,285.76114,278.78384,2.0,0.0,0.11700743,0.19302805,0.25161374,0.28735396
63.4902,-116.5183,61.674,-108.199,N,2016,07,17,2016-07-17,320.2,0,25.4,289.2,0,4.17393,-1.6117076,292.69962,294.0341,288.1671,285.76114,278.78384,2.0,0.0,0.11700743,0.19302805,0.25161374,0.28735396
63.8348,-123.8622,61.674,-108.199,N,2016,07,17,2016-07-17,302.6,50,11.2,287.4,0,4.17393,-1.6117076,292.69962,294.0341,288.1671,285.76114,278.78384,2.0,0.0,0.11700743,0.19302805,0.25161374,0.28735396
58.6443,-107.6037,58.458,-95.516,D,2016,07,17,2016-07-17,314.9,68,27.0,291.6,0,6.0669994,-6.4389405,282.97177,283.77145,285.07202,282.5689,272.17258,1.0,3.2625525e-05,0.22424734,0.1873234,0.17679672,0.24406119
62.4306,-113.4986,58.458,-95.516,D,2016,07,17,2016-07-17,334.4,0,32.9,293.6,0,6.0669994,-6.4389405,282.97177,283.77145,285.07202,282.5689,272.17258,1.0,3.2625525e-05,0.22424734,0.1873234,0.17679672,0.24406119
63.5009,-121.4473,58.458,-95.516,D,2016,07,17,2016-07-17,324.1,79,19.1,298.0,0,6.0669994,-6.4389405,282.97177,283.77145,285.07202,282.5689,272.17258,1.0,3.2625525e-05,0.22424734,0.1873234,0.17679672,0.24406119
63.5896,-123.2681,58.458,-95.516,D,2016,07,17,2016-07-17,323.5,75,22.4,291.6,0,6.0669994,-6.4389405,282.97177,283.77145,285.07202,282.5689,272.17258,1.0,3.2625525e-05,0.22424734,0.1873234,0.17679672,0.24406119
62.0737,-113.0248,58.458,-95.516,D,2016,07,17,2016-07-17,335.4,66,37.5,295.2,0,6.0669994,-6.4389405,282.97177,283.77145,285.07202,282.5689,272.17258,1.0,3.2625525e-05,0.22424734,0.1873234,0.17679672,0.24406119
62.07,-113.0051,58.458,-95.516,D,2016,07,17,2016-07-17,323.3,0,19.0,295.7,0,6.0669994,-6.4389405,282.97177,283.77145,285.07202,282.5689,272.17258,1.0,3.2625525e-05,0.22424734,0.1873234,0.17679672,0.24406119
60.6778,-107.5385,58.458,-95.516,D,2016,07,17,2016-07-17,314.6,0,22.3,296.3,0,6.0669994,-6.4389405,282.97177,283.77145,285.07202,282.5689,272.17258,1.0,3.2625525e-05,0.22424734,0.1873234,0.17679672,0.24406119
60.6674,-107.549,58.458,-95.516,D,2016,07,17,2016-07-17,314.6,0,21.5,292.3,0,6.0669994,-6.4389405,282.97177,283.77145,285.07202,282.5689,272.17258,1.0,3.2625525e-05,0.22424734,0.1873234,0.17679672,0.24406119
61.2485,-110.6565,58.458,-95.516,D,2016,07,17,2016-07-17,322.8,0,24.4,291.7,0,6.0669994,-6.4389405,282.97177,283.77145,285.07202,282.5689,272.17258,1.0,3.2625525e-05,0.22424734,0.1873234,0.17679672,0.24406119
61.4837,-112.3675,58.458,-95.516,D,2016,07,17,2016-07-17,308.4,0,5.7,294.0,0,6.0669994,-6.4389405,282.97177,283.77145,285.07202,282.5689,272.17258,1.0,3.2625525e-05,0.22424734,0.1873234,0.17679672,0.24406119
61.4798,-112.3471,58.458,-95.516,D,2016,07,17,2016-07-17,313.5,0,11.1,293.5,0,6.0669994,-6.4389405,282.97177,283.77145,285.07202,282.5689,272.17258,1.0,3.2625525e-05,0.22424734,0.1873234,0.17679672,0.24406119
61.4787,-112.3955,58.458,-95.516,D,2016,07,17,2016-07-17,339.6,0,47.2,296.1,0,6.0669994,-6.4389405,282.97177,283.77145,285.07202,282.5689,272.17258,1.0,3.2625525e-05,0.22424734,0.1873234,0.17679672,0.24406119
61.4814,-112.4641,58.458,-95.516,D,2016,07,17,2016-07-17,315.1,19,8.9,294.8,0,6.0669994,-6.4389405,282.97177,283.77145,285.07202,282.5689,272.17258,1.0,3.2625525e-05,0.22424734,0.1873234,0.17679672,0.24406119
62.2899,-117.5225,58.458,-95.516,D,2016,07,17,2016-07-17,346.2,88,46.1,301.4,0,6.0669994,-6.4389405,282.97177,283.77145,285.07202,282.5689,272.17258,1.0,3.2625525e-05,0.22424734,0.1873234,0.17679672,0.24406119
62.284,-117.5468,58.458,-95.516,D,2016,07,17,2016-07-17,320.7,51,10.3,305.7,0,6.0669994,-6.4389405,282.97177,283.77145,285.07202,282.5689,272.17258,1.0,3.2625525e-05,0.22424734,0.1873234,0.17679672,0.24406119
62.2812,-117.5283,58.458,-95.516,D,2016,07,17,2016-07-17,336.6,83,29.5,305.3,0,6.0669994,-6.4389405,282.97177,283.77145,285.07202,282.5689,272.17258,1.0,3.2625525e-05,0.22424734,0.1873234,0.17679672,0.24406119
61.5914,-120.8739,58.458,-95.516,D,2016,07,17,2016-07-17,336.3,0,35.4,299.9,0,6.0669994,-6.4389405,282.97177,283.77145,285.07202,282.5689,272.17258,1.0,3.2625525e-05,0.22424734,0.1873234,0.17679672,0.24406119
61.5799,-120.8592,58.458,-95.516,D,2016,07,17,2016-07-17,325.5,69,19.7,299.2,0,6.0669994,-6.4389405,282.97177,283.77145,285.07202,282.5689,272.17258,1.0,3.2625525e-05,0.22424734,0.1873234,0.17679672,0.24406119
61.2816,-118.7109,58.458,-95.516,D,2016,07,17,2016-07-17,336.5,67,33.8,301.2,0,6.0669994,-6.4389405,282.97177,283.77145,285.07202,282.5689,272.17258,1.0,3.2625525e-05,0.22424734,0.1873234,0.17679672,0.24406119
61.2729,-118.7162,58.458,-95.516,D,2016,07,17,2016-07-17,325.1,75,17.5,300.9,0,6.0669994,-6.4389405,282.97177,283.77145,285.07202,282.5689,272.17258,1.0,3.2625525e-05,0.22424734,0.1873234,0.17679672,0.24406119
61.2607,-118.7631,58.458,-95.516,D,2016,07,17,2016-07-17,319.0,63,11.5,298.8,0,6.0669994,-6.4389405,282.97177,283.77145,285.07202,282.5689,272.17258,1.0,3.2625525e-05,0.22424734,0.1873234,0.17679672,0.24406119
61.1919,-120.7433,58.458,-95.516,D,2016,07,17,2016-07-17,354.5,97,71.8,302.5,1,6.0669994,-6.4389405,282.97177,283.77145,285.07202,282.5689,272.17258,1.0,3.2625525e-05,0.22424734,0.1873234,0.17679672,0.24406119
61.1895,-120.7243,58.458,-95.516,D,2016,07,17,2016-07-17,407.3,100,314.9,311.7,1,6.0669994,-6.4389405,282.97177,283.77145,285.07202,282.5689,272.17258,1.0,3.2625525e-05,0.22424734,0.1873234,0.17679672,0.24406119
61.187,-120.7053,58.458,-95.516,D,2016,07,17,2016-07-17,384.7,87,179.4,307.1,0,6.0669994,-6.4389405,282.97177,283.77145,285.07202,282.5689,272.17258,1.0,3.2625525e-05,0.22424734,0.1873234,0.17679672,0.24406119
61.1854,-120.7673,58.458,-95.516,D,2016,07,17,2016-07-17,338.9,90,37.7,301.5,1,6.0669994,-6.4389405,282.97177,283.77145,285.07202,282.5689,272.17258,1.0,3.2625525e-05,0.22424734,0.1873234,0.17679672,0.24406119
61.183,-120.7483,58.458,-95.516,D,2016,07,17,2016-07-17,393.0,100,222.5,313.8,1,6.0669994,-6.4389405,282.97177,283.77145,285.07202,282.5689,272.17258,1.0,3.2625525e-05,0.22424734,0.1873234,0.17679672,0.24406119
61.1805,-120.7293,58.458,-95.516,D,2016,07,17,2016-07-17,406.7,100,309.2,317.5,1,6.0669994,-6.4389405,282.97177,283.77145,285.07202,282.5689,272.17258,1.0,3.2625525e-05,0.22424734,0.1873234,0.17679672,0.24406119
61.1781,-120.7103,58.458,-95.516,D,2016,07,17,2016-07-17,453.1,94,797.4,322.1,1,6.0669994,-6.4389405,282.97177,283.77145,285.07202,282.5689,272.17258,1.0,3.2625525e-05,0.22424734,0.1873234,0.17679672,0.24406119
61.1756,-120.6912,58.458,-95.516,D,2016,07,17,2016-07-17,391.2,87,210.9,303.3,0,6.0669994,-6.4389405,282.97177,283.77145,285.07202,282.5689,272.17258,1.0,3.2625525e-05,0.22424734,0.1873234,0.17679672,0.24406119
61.1707,-120.6532,58.458,-95.516,D,2016,07,17,2016-07-17,315.3,50,8.6,299.3,0,6.0669994,-6.4389405,282.97177,283.77145,285.07202,282.5689,272.17258,1.0,3.2625525e-05,0.22424734,0.1873234,0.17679672,0.24406119
61.1764,-120.7721,58.458,-95.516,D,2016,07,17,2016-07-17,327.6,76,19.2,301.3,0,6.0669994,-6.4389405,282.97177,283.77145,285.07202,282.5689,272.17258,1.0,3.2625525e-05,0.22424734,0.1873234,0.17679672,0.24406119
61.174,-120.7531,58.458,-95.516,D,2016,07,17,2016-07-17,349.7,95,56.8,305.8,1,6.0669994,-6.4389405,282.97177,283.77145,285.07202,282.5689,272.17258,1.0,3.2625525e-05,0.22424734,0.1873234,0.17679672,0.24406119
61.1715,-120.734,58.458,-95.516,D,2016,07,17,2016-07-17,355.4,98,69.8,307.2,1,6.0669994,-6.4389405,282.97177,283.77145,285.07202,282.5689,272.17258,1.0,3.2625525e-05,0.22424734,0.1873234,0.17679672,0.24406119
61.1691,-120.715,58.458,-95.516,D,2016,07,17,2016-07-17,344.5,93,45.2,301.5,1,6.0669994,-6.4389405,282.97177,283.77145,285.07202,282.5689,272.17258,1.0,3.2625525e-05,0.22424734,0.1873234,0.17679672,0.24406119
61.1674,-120.7769,58.458,-95.516,D,2016,07,17,2016-07-17,325.5,39,15.9,301.1,0,6.0669994,-6.4389405,282.97177,283.77145,285.07202,282.5689,272.17258,1.0,3.2625525e-05,0.22424734,0.1873234,0.17679672,0.24406119
61.165,-120.7578,58.458,-95.516,D,2016,07,17,2016-07-17,366.7,100,103.8,306.4,1,6.0669994,-6.4389405,282.97177,283.77145,285.07202,282.5689,272.17258,1.0,3.2625525e-05,0.22424734,0.1873234,0.17679672,0.24406119
61.156,-120.7626,58.458,-95.516,D,2016,07,17,2016-07-17,319.5,45,10.1,301.1,0,6.0669994,-6.4389405,282.97177,283.77145,285.07202,282.5689,272.17258,1.0,3.2625525e-05,0.22424734,0.1873234,0.17679672,0.24406119
61.1446,-120.7484,58.458,-95.516,D,2016,07,17,2016-07-17,323.4,71,14.9,301.4,0,6.0669994,-6.4389405,282.97177,283.77145,285.07202,282.5689,272.17258,1.0,3.2625525e-05,0.22424734,0.1873234,0.17679672,0.24406119
58.6439,-107.5986,58.458,-95.516,D,2016,07,17,2016-07-17,311.7,27,13.8,295.5,0,6.0669994,-6.4389405,282.97177,283.77145,285.07202,282.5689,272.17258,1.0,3.2625525e-05,0.22424734,0.1873234,0.17679672,0.24406119
59.1166,-111.886,58.458,-95.516,D,2016,07,17,2016-07-17,318.0,71,18.1,296.4,0,6.0669994,-6.4389405,282.97177,283.77145,285.07202,282.5689,272.17258,1.0,3.2625525e-05,0.22424734,0.1873234,0.17679672,0.24406119
59.1069,-111.8937,58.458,-95.516,D,2016,07,17,2016-07-17,324.5,61,27.9,295.3,0,6.0669994,-6.4389405,282.97177,283.77145,285.07202,282.5689,272.17258,1.0,3.2625525e-05,0.22424734,0.1873234,0.17679672,0.24406119
59.8565,-118.1473,58.458,-95.516,D,2016,07,17,2016-07-17,314.6,35,7.6,299.1,0,6.0669994,-6.4389405,282.97177,283.77145,285.07202,282.5689,272.17258,1.0,3.2625525e-05,0.22424734,0.1873234,0.17679672,0.24406119
60.0305,-119.4382,58.458,-95.516,D,2016,07,17,2016-07-17,312.8,60,5.5,301.3,0,6.0669994,-6.4389405,282.97177,283.77145,285.07202,282.5689,272.17258,1.0,3.2625525e-05,0.22424734,0.1873234,0.17679672,0.24406119
59.9008,-118.9361,58.458,-95.516,D,2016,07,17,2016-07-17,321.0,66,12.7,301.4,0,6.0669994,-6.4389405,282.97177,283.77145,285.07202,282.5689,272.17258,1.0,3.2625525e-05,0.22424734,0.1873234,0.17679672,0.24406119
59.5719,-119.1321,58.458,-95.516,D,2016,07,17,2016-07-17,339.5,74,37.7,306.8,0,6.0669994,-6.4389405,282.97177,283.77145,285.07202,282.5689,272.17258,1.0,3.2625525e-05,0.22424734,0.1873234,0.17679672,0.24406119
59.5693,-119.1149,58.458,-95.516,D,2016,07,17,2016-07-17,315.7,52,9.0,296.4,0,6.0669994,-6.4389405,282.97177,283.77145,285.07202,282.5689,272.17258,1.0,3.2625525e-05,0.22424734,0.1873234,0.17679672,0.24406119
59.7999,-129.3563,58.458,-95.516,D,2016,07,17,2016-07-17,314.1,37,15.4,294.9,0,6.0669994,-6.4389405,282.97177,283.77145,285.07202,282.5689,272.17258,1.0,3.2625525e-05,0.22424734,0.1873234,0.17679672,0.24406119
60.6703,-107.5595,58.458,-95.516,D,2016,07,17,2016-07-17,329.6,0,26.5,298.5,0,6.0669994,-6.4389405,282.97177,283.77145,285.07202,282.5689,272.17258,1.0,3.2625525e-05,0.22424734,0.1873234,0.17679672,0.24406119
59.1084,-111.8772,58.458,-95.516,D,2016,07,17,2016-07-17,322.1,61,29.8,296.2,0,6.0669994,-6.4389405,282.97177,283.77145,285.07202,282.5689,272.17258,1.0,3.2625525e-05,0.22424734,0.1873234,0.17679672,0.24406119
58.7893,-107.5909,58.458,-95.516,D,2016,07,17,2016-07-17,320.1,49,12.3,300.0,0,6.0669994,-6.4389405,282.97177,283.77145,285.07202,282.5689,272.17258,1.0,3.2625525e-05,0.22424734,0.1873234,0.17679672,0.24406119
58.6218,-107.5681,58.458,-95.516,D,2016,07,17,2016-07-17,317.1,55,10.0,300.4,0,6.0669994,-6.4389405,282.97177,283.77145,285.07202,282.5689,272.17258,1.0,3.2625525e-05,0.22424734,0.1873234,0.17679672,0.24406119
58.676,-107.1072,58.458,-95.516,D,2016,07,17,2016-07-17,318.0,0,11.1,297.2,0,6.0669994,-6.4389405,282.97177,283.77145,285.07202,282.5689,272.17258,1.0,3.2625525e-05,0.22424734,0.1873234,0.17679672,0.24406119
58.667,-107.1011,58.458,-95.516,D,2016,07,17,2016-07-17,321.4,60,14.6,301.6,0,6.0669994,-6.4389405,282.97177,283.77145,285.07202,282.5689,272.17258,1.0,3.2625525e-05,0.22424734,0.1873234,0.17679672,0.24406119
61.1657,-120.729,58.458,-95.516,D,2016,07,17,2016-07-17,349.9,90,216.4,293.9,1,6.0669994,-6.4389405,282.97177,283.77145,285.07202,282.5689,272.17258,1.0,3.2625525e-05,0.22424734,0.1873234,0.17679672,0.24406119
61.4767,-112.3955,58.458,-95.516,D,2016,07,17,2016-07-17,334.8,0,45.3,295.8,0,6.0669994,-6.4389405,282.97177,283.77145,285.07202,282.5689,272.17258,1.0,3.2625525e-05,0.22424734,0.1873234,0.17679672,0.24406119
61.5145,-112.3761,58.458,-95.516,D,2016,07,17,2016-07-17,320.4,0,17.2,294.2,0,6.0669994,-6.4389405,282.97177,283.77145,285.07202,282.5689,272.17258,1.0,3.2625525e-05,0.22424734,0.1873234,0.17679672,0.24406119
61.5239,-112.3848,58.458,-95.516,D,2016,07,17,2016-07-17,319.4,0,16.4,295.1,0,6.0669994,-6.4389405,282.97177,283.77145,285.07202,282.5689,272.17258,1.0,3.2625525e-05,0.22424734,0.1873234,0.17679672,0.24406119
62.0753,-113.0033,58.458,-95.516,D,2016,07,17,2016-07-17,318.8,0,22.1,292.7,0,6.0669994,-6.4389405,282.97177,283.77145,285.07202,282.5689,272.17258,1.0,3.2625525e-05,0.22424734,0.1873234,0.17679672,0.24406119
62.0704,-113.0266,58.458,-95.516,D,2016,07,17,2016-07-17,338.5,0,58.6,294.9,0,6.0669994,-6.4389405,282.97177,283.77145,285.07202,282.5689,272.17258,1.0,3.2625525e-05,0.22424734,0.1873234,0.17679672,0.24406119
61.2621,-118.7279,58.458,-95.516,D,2016,07,17,2016-07-17,310.5,64,17.0,296.0,0,6.0669994,-6.4389405,282.97177,283.77145,285.07202,282.5689,272.17258,1.0,3.2625525e-05,0.22424734,0.1873234,0.17679672,0.24406119
61.2526,-118.7627,58.458,-95.516,D,2016,07,17,2016-07-17,348.8,95,168.6,296.8,1,6.0669994,-6.4389405,282.97177,283.77145,285.07202,282.5689,272.17258,1.0,3.2625525e-05,0.22424734,0.1873234,0.17679672,0.24406119
61.2826,-118.7063,58.458,-95.516,D,2016,07,17,2016-07-17,335.4,0,94.0,295.1,0,6.0669994,-6.4389405,282.97177,283.77145,285.07202,282.5689,272.17258,1.0,3.2625525e-05,0.22424734,0.1873234,0.17679672,0.24406119
61.2732,-118.7411,58.458,-95.516,D,2016,07,17,2016-07-17,327.1,63,61.4,294.9,0,6.0669994,-6.4389405,282.97177,283.77145,285.07202,282.5689,272.17258,1.0,3.2625525e-05,0.22424734,0.1873234,0.17679672,0.24406119
61.1424,-120.7538,58.458,-95.516,D,2016,07,17,2016-07-17,317.3,75,40.0,297.4,0,6.0669994,-6.4389405,282.97177,283.77145,285.07202,282.5689,272.17258,1.0,3.2625525e-05,0.22424734,0.1873234,0.17679672,0.24406119
61.1772,-120.6891,58.458,-95.516,D,2016,07,17,2016-07-17,346.8,0,188.2,292.8,0,6.0669994,-6.4389405,282.97177,283.77145,285.07202,282.5689,272.17258,1.0,3.2625525e-05,0.22424734,0.1873234,0.17679672,0.24406119
61.1541,-120.7688,58.458,-95.516,D,2016,07,17,2016-07-17,319.4,70,46.5,298.7,0,6.0669994,-6.4389405,282.97177,283.77145,285.07202,282.5689,272.17258,1.0,3.2625525e-05,0.22424734,0.1873234,0.17679672,0.24406119
61.1773,-120.7443,58.458,-95.516,D,2016,07,17,2016-07-17,372.5,94,445.5,301.6,1,6.0669994,-6.4389405,282.97177,283.77145,285.07202,282.5689,272.17258,1.0,3.2625525e-05,0.22424734,0.1873234,0.17679672,0.24406119
61.1659,-120.7839,58.458,-95.516,D,2016,07,17,2016-07-17,329.5,57,81.7,298.4,0,6.0669994,-6.4389405,282.97177,283.77145,285.07202,282.5689,272.17258,1.0,3.2625525e-05,0.22424734,0.1873234,0.17679672,0.24406119
61.1711,-120.7438,58.458,-95.516,D,2016,07,17,2016-07-17,362.9,94,330.2,301.7,1,6.0669994,-6.4389405,282.97177,283.77145,285.07202,282.5689,272.17258,1.0,3.2625525e-05,0.22424734,0.1873234,0.17679672,0.24406119
61.1828,-120.7588,58.458,-95.516,D,2016,07,17,2016-07-17,351.1,91,224.8,298.0,1,6.0669994,-6.4389405,282.97177,283.77145,285.07202,282.5689,272.17258,1.0,3.2625525e-05,0.22424734,0.1873234,0.17679672,0.24406119
61.5832,-120.8534,58.458,-95.516,D,2016,07,17,2016-07-17,312.6,0,23.4,295.4,0,6.0669994,-6.4389405,282.97177,283.77145,285.07202,282.5689,272.17258,1.0,3.2625525e-05,0.22424734,0.1873234,0.17679672,0.24406119
61.5781,-120.8546,58.458,-95.516,D,2016,07,17,2016-07-17,311.6,0,23.6,295.5,0,6.0669994,-6.4389405,282.97177,283.77145,285.07202,282.5689,272.17258,1.0,3.2625525e-05,0.22424734,0.1873234,0.17679672,0.24406119
66.4571,-127.3602,58.458,-95.516,D,2016,07,17,2016-07-17,305.3,46,14.8,285.2,0,6.0669994,-6.4389405,282.97177,283.77145,285.07202,282.5689,272.17258,1.0,3.2625525e-05,0.22424734,0.1873234,0.17679672,0.24406119
63.5457,-121.5918,58.458,-95.516,D,2016,07,17,2016-07-17,313.4,0,53.7,285.9,0,6.0669994,-6.4389405,282.97177,283.77145,285.07202,282.5689,272.17258,1.0,3.2625525e-05,0.22424734,0.1873234,0.17679672,0.24406119
63.8994,-124.0183,58.458,-95.516,D,2016,07,17,2016-07-17,320.2,62,35.2,295.0,0,6.0669994,-6.4389405,282.97177,283.77145,285.07202,282.5689,272.17258,1.0,3.2625525e-05,0.22424734,0.1873234,0.17679672,0.24406119
65.1648,-126.2189,58.458,-95.516,D,2016,07,17,2016-07-17,323.9,51,38.2,292.8,0,6.0669994,-6.4389405,282.97177,283.77145,285.07202,282.5689,272.17258,1.0,3.2625525e-05,0.22424734,0.1873234,0.17679672,0.24406119
63.9026,-124.0212,58.458,-95.516,D,2016,07,17,2016-07-17,318.4,72,31.3,294.8,0,6.0669994,-6.4389405,282.97177,283.77145,285.07202,282.5689,272.17258,1.0,3.2625525e-05,0.22424734,0.1873234,0.17679672,0.24406119
61.2626,-118.6484,58.458,-95.516,D,2016,07,17,2016-07-17,324.8,61,151.8,294.6,0,6.0669994,-6.4389405,282.97177,283.77145,285.07202,282.5689,272.17258,1.0,3.2625525e-05,0.22424734,0.1873234,0.17679672,0.24406119
61.2626,-118.6397,58.458,-95.516,D,2016,07,17,2016-07-17,317.6,56,96.1,294.4,0,6.0669994,-6.4389405,282.97177,283.77145,285.07202,282.5689,272.17258,1.0,3.2625525e-05,0.22424734,0.1873234,0.17679672,0.24406119
63.2142,-123.8938,58.458,-95.516,D,2016,07,17,2016-07-17,325.6,75,67.4,292.9,0,6.0669994,-6.4389405,282.97177,283.77145,285.07202,282.5689,272.17258,1.0,3.2625525e-05,0.22424734,0.1873234,0.17679672,0.24406119
63.8803,-123.9988,58.458,-95.516,D,2016,07,17,2016-07-17,315.5,29,25.1,295.9,0,6.0669994,-6.4389405,282.97177,283.77145,285.07202,282.5689,272.17258,1.0,3.2625525e-05,0.22424734,0.1873234,0.17679672,0.24406119
63.2396,-123.9788,58.458,-95.516,D,2016,07,17,2016-07-17,316.6,55,35.9,291.4,0,6.0669994,-6.4389405,282.97177,283.77145,285.07202,282.5689,272.17258,1.0,3.2625525e-05,0.22424734,0.1873234,0.17679672,0.24406119
63.2267,-123.9354,58.458,-95.516,D,2016,07,17,2016-07-17,320.7,58,48.9,294.6,0,6.0669994,-6.4389405,282.97177,283.77145,285.07202,282.5689,272.17258,1.0,3.2625525e-05,0.22424734,0.1873234,0.17679672,0.24406119
61.1456,-120.721,58.458,-95.516,D,2016,07,17,2016-07-17,316.7,73,69.5,295.4,0,6.0669994,-6.4389405,282.97177,283.77145,285.07202,282.5689,272.17258,1.0,3.2625525e-05,0.22424734,0.1873234,0.17679672,0.24406119
61.1634,-120.6878,58.458,-95.516,D,2016,07,17,2016-07-17,325.5,72,124.5,295.3,0,6.0669994,-6.4389405,282.97177,283.77145,285.07202,282.5689,272.17258,1.0,3.2625525e-05,0.22424734,0.1873234,0.17679672,0.24406119
61.1925,-120.7375,58.458,-95.516,D,2016,07,17,2016-07-17,335.3,68,208.6,295.9,0,6.0669994,-6.4389405,282.97177,283.77145,285.07202,282.5689,272.17258,1.0,3.2625525e-05,0.22424734,0.1873234,0.17679672,0.24406119
61.1719,-120.6796,58.458,-95.516,D,2016,07,17,2016-07-17,330.2,58,160.7,295.2,0,6.0669994,-6.4389405,282.97177,283.77145,285.07202,282.5689,272.17258,1.0,3.2625525e-05,0.22424734,0.1873234,0.17679672,0.24406119
61.1791,-120.7575,58.458,-95.516,D,2016,07,17,2016-07-17,336.4,89,225.3,296.4,0,6.0669994,-6.4389405,282.97177,283.77145,285.07202,282.5689,272.17258,1.0,3.2625525e-05,0.22424734,0.1873234,0.17679672,0.24406119
61.1587,-120.7001,58.458,-95.516,D,2016,07,17,2016-07-17,323.7,73,112.8,295.2,0,6.0669994,-6.4389405,282.97177,283.77145,285.07202,282.5689,272.17258,1.0,3.2625525e-05,0.22424734,0.1873234,0.17679672,0.24406119
61.1661,-120.7785,58.458,-95.516,D,2016,07,17,2016-07-17,316.9,70,70.0,295.7,0,6.0669994,-6.4389405,282.97177,283.77145,285.07202,282.5689,272.17258,1.0,3.2625525e-05,0.22424734,0.1873234,0.17679672,0.24406119
61.1768,-120.6678,58.458,-95.516,D,2016,07,17,2016-07-17,328.9,80,163.3,294.8,0,6.0669994,-6.4389405,282.97177,283.77145,285.07202,282.5689,272.17258,1.0,3.2625525e-05,0.22424734,0.1873234,0.17679672,0.24406119
61.1975,-120.7253,58.458,-95.516,D,2016,07,17,2016-07-17,328.3,73,156.0,295.0,0,6.0669994,-6.4389405,282.97177,283.77145,285.07202,282.5689,272.17258,1.0,3.2625525e-05,0.22424734,0.1873234,0.17679672,0.24406119
61.577,-120.8205,58.458,-95.516,D,2016,07,17,2016-07-17,325.2,0,123.3,294.8,0,6.0669994,-6.4389405,282.97177,283.77145,285.07202,282.5689,272.17258,1.0,3.2625525e-05,0.22424734,0.1873234,0.17679672,0.24406119
61.5696,-120.8236,58.458,-95.516,D,2016,07,17,2016-07-17,324.8,71,122.1,294.9,0,6.0669994,-6.4389405,282.97177,283.77145,285.07202,282.5689,272.17258,1.0,3.2625525e-05,0.22424734,0.1873234,0.17679672,0.24406119
61.5891,-120.8789,58.458,-95.516,D,2016,07,17,2016-07-17,331.0,0,168.4,295.2,0,6.0669994,-6.4389405,282.97177,283.77145,285.07202,282.5689,272.17258,1.0,3.2625525e-05,0.22424734,0.1873234,0.17679672,0.24406119
61.1841,-120.7452,58.458,-95.516,D,2016,07,17,2016-07-17,343.9,93,310.5,296.8,1,6.0669994,-6.4389405,282.97177,283.77145,285.07202,282.5689,272.17258,1.0,3.2625525e-05,0.22424734,0.1873234,0.17679672,0.24406119
61.1709,-120.7657,58.458,-95.516,D,2016,07,17,2016-07-17,327.1,84,139.2,296.0,0,6.0669994,-6.4389405,282.97177,283.77145,285.07202,282.5689,272.17258,1.0,3.2625525e-05,0.22424734,0.1873234,0.17679672,0.24406119
59.1044,-111.8753,58.458,-95.516,D,2016,07,17,2016-07-17,306.8,41,24.4,293.2,0,6.0669994,-6.4389405,282.97177,283.77145,285.07202,282.5689,272.17258,1.0,3.2625525e-05,0.22424734,0.1873234,0.17679672,0.24406119
59.1081,-111.8716,58.458,-95.516,D,2016,07,17,2016-07-17,306.0,0,20.6,293.4,0,6.0669994,-6.4389405,282.97177,283.77145,285.07202,282.5689,272.17258,1.0,3.2625525e-05,0.22424734,0.1873234,0.17679672,0.24406119
58.7823,-107.5793,58.458,-95.516,D,2016,07,17,2016-07-17,317.9,67,116.3,293.3,0,6.0669994,-6.4389405,282.97177,283.77145,285.07202,282.5689,272.17258,1.0,3.2625525e-05,0.22424734,0.1873234,0.17679672,0.24406119
58.6431,-107.6633,58.458,-95.516,D,2016,07,17,2016-07-17,308.0,38,35.7,293.8,0,6.0669994,-6.4389405,282.97177,283.77145,285.07202,282.5689,272.17258,1.0,3.2625525e-05,0.22424734,0.1873234,0.17679672,0.24406119
58.6429,-107.6548,58.458,-95.516,D,2016,07,17,2016-07-17,308.6,31,40.5,294.0,0,6.0669994,-6.4389405,282.97177,283.77145,285.07202,282.5689,272.17258,1.0,3.2625525e-05,0.22424734,0.1873234,0.17679672,0.24406119
61.1558,-120.7356,58.458,-95.516,D,2016,07,17,2016-07-17,327.7,51,30.3,299.9,0,6.0669994,-6.4389405,282.97177,283.77145,285.07202,282.5689,272.17258,1.0,3.2625525e-05,0.22424734,0.1873234,0.17679672,0.24406119
59.8963,-118.9327,58.458,-95.516,D,2016,07,17,2016-07-17,325.4,45,36.6,294.6,0,6.0669994,-6.4389405,282.97177,283.77145,285.07202,282.5689,272.17258,1.0,3.2625525e-05,0.22424734,0.1873234,0.17679672,0.24406119
60.012,-117.8643,58.458,-95.516,D,2016,07,17,2016-07-17,316.1,46,22.8,294.8,0,6.0669994,-6.4389405,282.97177,283.77145,285.07202,282.5689,272.17258,1.0,3.2625525e-05,0.22424734,0.1873234,0.17679672,0.24406119
60.5981,-111.9731,58.458,-95.516,D,2016,07,17,2016-07-17,305.4,0,21.6,290.4,0,6.0669994,-6.4389405,282.97177,283.77145,285.07202,282.5689,272.17258,1.0,3.2625525e-05,0.22424734,0.1873234,0.17679672,0.24406119
61.4768,-112.5067,58.458,-95.516,D,2016,07,17,2016-07-17,309.8,39,30.1,291.5,0,6.0669994,-6.4389405,282.97177,283.77145,285.07202,282.5689,272.17258,1.0,3.2625525e-05,0.22424734,0.1873234,0.17679672,0.24406119
61.4949,-112.3333,58.458,-95.516,D,2016,07,17,2016-07-17,321.1,0,79.8,290.1,0,6.0669994,-6.4389405,282.97177,283.77145,285.07202,282.5689,272.17258,1.0,3.2625525e-05,0.22424734,0.1873234,0.17679672,0.24406119
61.2565,-118.7382,58.458,-95.516,D,2016,07,17,2016-07-17,339.2,85,82.9,300.5,0,6.0669994,-6.4389405,282.97177,283.77145,285.07202,282.5689,272.17258,1.0,3.2625525e-05,0.22424734,0.1873234,0.17679672,0.24406119
61.2543,-118.7708,58.458,-95.516,D,2016,07,17,2016-07-17,354.3,85,150.4,303.4,0,6.0669994,-6.4389405,282.97177,283.77145,285.07202,282.5689,272.17258,1.0,3.2625525e-05,0.22424734,0.1873234,0.17679672,0.24406119
61.2725,-118.6758,58.458,-95.516,D,2016,07,17,2016-07-17,342.1,91,95.9,299.9,1,6.0669994,-6.4389405,282.97177,283.77145,285.07202,282.5689,272.17258,1.0,3.2625525e-05,0.22424734,0.1873234,0.17679672,0.24406119
61.2703,-118.7087,58.458,-95.516,D,2016,07,17,2016-07-17,397.2,94,529.4,306.7,1,6.0669994,-6.4389405,282.97177,283.77145,285.07202,282.5689,272.17258,1.0,3.2625525e-05,0.22424734,0.1873234,0.17679672,0.24406119
61.2682,-118.7414,58.458,-95.516,D,2016,07,17,2016-07-17,326.9,61,42.7,300.8,0,6.0669994,-6.4389405,282.97177,283.77145,285.07202,282.5689,272.17258,1.0,3.2625525e-05,0.22424734,0.1873234,0.17679672,0.24406119
61.2842,-118.679,58.458,-95.516,D,2016,07,17,2016-07-17,380.9,75,349.5,300.2,0,6.0669994,-6.4389405,282.97177,283.77145,285.07202,282.5689,272.17258,1.0,3.2625525e-05,0.22424734,0.1873234,0.17679672,0.24406119
61.282,-118.7119,58.458,-95.516,D,2016,07,17,2016-07-17,419.2,0,877.3,310.6,0,6.0669994,-6.4389405,282.97177,283.77145,285.07202,282.5689,272.17258,1.0,3.2625525e-05,0.22424734,0.1873234,0.17679672,0.24406119
61.1414,-120.7539,58.458,-95.516,D,2016,07,17,2016-07-17,319.8,61,19.7,300.6,0,6.0669994,-6.4389405,282.97177,283.77145,285.07202,282.5689,272.17258,1.0,3.2625525e-05,0.22424734,0.1873234,0.17679672,0.24406119
61.1544,-120.73,58.458,-95.516,D,2016,07,17,2016-07-17,322.3,63,22.7,299.5,0,6.0669994,-6.4389405,282.97177,283.77145,285.07202,282.5689,272.17258,1.0,3.2625525e-05,0.22424734,0.1873234,0.17679672,0.24406119
61.1522,-120.7575,58.458,-95.516,D,2016,07,17,2016-07-17,331.2,85,41.6,302.8,0,6.0669994,-6.4389405,282.97177,283.77145,285.07202,282.5689,272.17258,1.0,3.2625525e-05,0.22424734,0.1873234,0.17679672,0.24406119
61.1429,-120.7595,58.458,-95.516,D,2016,07,17,2016-07-17,319.6,47,18.2,300.7,0,6.0669994,-6.4389405,282.97177,283.77145,285.07202,282.5689,272.17258,1.0,3.2625525e-05,0.22424734,0.1873234,0.17679672,0.24406119
61.1536,-120.7631,58.458,-95.516,D,2016,07,17,2016-07-17,330.4,59,36.6,302.9,0,6.0669994,-6.4389405,282.97177,283.77145,285.07202,282.5689,272.17258,1.0,3.2625525e-05,0.22424734,0.1873234,0.17679672,0.24406119
61.1688,-120.7115,58.458,-95.516,D,2016,07,17,2016-07-17,356.4,98,125.1,300.3,1,6.0669994,-6.4389405,282.97177,283.77145,285.07202,282.5689,272.17258,1.0,3.2625525e-05,0.22424734,0.1873234,0.17679672,0.24406119
61.1666,-120.7392,58.458,-95.516,D,2016,07,17,2016-07-17,380.5,100,262.6,307.2,1,6.0669994,-6.4389405,282.97177,283.77145,285.07202,282.5689,272.17258,1.0,3.2625525e-05,0.22424734,0.1873234,0.17679672,0.24406119
61.1644,-120.7667,58.458,-95.516,D,2016,07,17,2016-07-17,348.8,95,92.3,304.6,1,6.0669994,-6.4389405,282.97177,283.77145,285.07202,282.5689,272.17258,1.0,3.2625525e-05,0.22424734,0.1873234,0.17679672,0.24406119
61.1817,-120.6877,58.458,-95.516,D,2016,07,17,2016-07-17,359.0,81,141.3,300.0,0,6.0669994,-6.4389405,282.97177,283.77145,285.07202,282.5689,272.17258,1.0,3.2625525e-05,0.22424734,0.1873234,0.17679672,0.24406119
61.1796,-120.715,58.458,-95.516,D,2016,07,17,2016-07-17,368.0,94,187.1,306.3,1,6.0669994,-6.4389405,282.97177,283.77145,285.07202,282.5689,272.17258,1.0,3.2625525e-05,0.22424734,0.1873234,0.17679672,0.24406119
61.1774,-120.7426,58.458,-95.516,D,2016,07,17,2016-07-17,366.6,100,176.1,308.7,1,6.0669994,-6.4389405,282.97177,283.77145,285.07202,282.5689,272.17258,1.0,3.2625525e-05,0.22424734,0.1873234,0.17679672,0.24406119
61.1751,-120.7703,58.458,-95.516,D,2016,07,17,2016-07-17,365.6,100,171.4,305.4,1,6.0669994,-6.4389405,282.97177,283.77145,285.07202,282.5689,272.17258,1.0,3.2625525e-05,0.22424734,0.1873234,0.17679672,0.24406119
61.1729,-120.7979,58.458,-95.516,D,2016,07,17,2016-07-17,314.9,67,12.6,299.1,0,6.0669994,-6.4389405,282.97177,283.77145,285.07202,282.5689,272.17258,1.0,3.2625525e-05,0.22424734,0.1873234,0.17679672,0.24406119
61.1903,-120.7191,58.458,-95.516,D,2016,07,17,2016-07-17,348.6,89,96.8,298.7,0,6.0669994,-6.4389405,282.97177,283.77145,285.07202,282.5689,272.17258,1.0,3.2625525e-05,0.22424734,0.1873234,0.17679672,0.24406119
61.1881,-120.7465,58.458,-95.516,D,2016,07,17,2016-07-17,357.1,98,129.5,300.8,1,6.0669994,-6.4389405,282.97177,283.77145,285.07202,282.5689,272.17258,1.0,3.2625525e-05,0.22424734,0.1873234,0.17679672,0.24406119
61.1859,-120.7739,58.458,-95.516,D,2016,07,17,2016-07-17,333.7,86,48.7,299.9,0,6.0669994,-6.4389405,282.97177,283.77145,285.07202,282.5689,272.17258,1.0,3.2625525e-05,0.22424734,0.1873234,0.17679672,0.24406119
61.5773,-120.8489,58.458,-95.516,D,2016,07,17,2016-07-17,350.9,90,105.6,300.2,1,6.0669994,-6.4389405,282.97177,283.77145,285.07202,282.5689,272.17258,1.0,3.2625525e-05,0.22424734,0.1873234,0.17679672,0.24406119
61.5881,-120.8526,58.458,-95.516,D,2016,07,17,2016-07-17,312.8,56,11.1,297.9,0,6.0669994,-6.4389405,282.97177,283.77145,285.07202,282.5689,272.17258,1.0,3.2625525e-05,0.22424734,0.1873234,0.17679672,0.24406119
61.5858,-120.8806,58.458,-95.516,D,2016,07,17,2016-07-17,332.3,0,47.5,299.9,0,6.0669994,-6.4389405,282.97177,283.77145,285.07202,282.5689,272.17258,1.0,3.2625525e-05,0.22424734,0.1873234,0.17679672,0.24406119
63.2083,-123.8943,58.458,-95.516,D,2016,07,17,2016-07-17,344.6,88,59.3,301.0,0,6.0669994,-6.4389405,282.97177,283.77145,285.07202,282.5689,272.17258,1.0,3.2625525e-05,0.22424734,0.1873234,0.17679672,0.24406119
63.2232,-123.9541,58.458,-95.516,D,2016,07,17,2016-07-17,332.6,29,29.6,301.6,0,6.0669994,-6.4389405,282.97177,283.77145,285.07202,282.5689,272.17258,1.0,3.2625525e-05,0.22424734,0.1873234,0.17679672,0.24406119
63.8309,-123.8817,58.458,-95.516,D,2016,07,17,2016-07-17,319.7,68,16.7,299.0,0,6.0669994,-6.4389405,282.97177,283.77145,285.07202,282.5689,272.17258,1.0,3.2625525e-05,0.22424734,0.1873234,0.17679672,0.24406119
63.8992,-124.0309,58.458,-95.516,D,2016,07,17,2016-07-17,321.3,67,15.4,294.9,0,6.0669994,-6.4389405,282.97177,283.77145,285.07202,282.5689,272.17258,1.0,3.2625525e-05,0.22424734,0.1873234,0.17679672,0.24406119
63.9656,-123.652,58.458,-95.516,D,2016,07,17,2016-07-17,356.4,98,108.2,297.1,1,6.0669994,-6.4389405,282.97177,283.77145,285.07202,282.5689,272.17258,1.0,3.2625525e-05,0.22424734,0.1873234,0.17679672,0.24406119
63.9633,-123.6779,58.458,-95.516,D,2016,07,17,2016-07-17,364.7,100,140.8,303.8,1,6.0669994,-6.4389405,282.97177,283.77145,285.07202,282.5689,272.17258,1.0,3.2625525e-05,0.22424734,0.1873234,0.17679672,0.24406119
63.9734,-123.6828,58.458,-95.516,D,2016,07,17,2016-07-17,337.8,90,50.1,299.2,1,6.0669994,-6.4389405,282.97177,283.77145,285.07202,282.5689,272.17258,1.0,3.2625525e-05,0.22424734,0.1873234,0.17679672,0.24406119
63.971,-123.7085,58.458,-95.516,D,2016,07,17,2016-07-17,332.5,82,36.8,300.0,0,6.0669994,-6.4389405,282.97177,283.77145,285.07202,282.5689,272.17258,1.0,3.2625525e-05,0.22424734,0.1873234,0.17679672,0.24406119
63.9685,-123.7353,58.458,-95.516,D,2016,07,17,2016-07-17,325.7,66,24.2,300.6,0,6.0669994,-6.4389405,282.97177,283.77145,285.07202,282.5689,272.17258,1.0,3.2625525e-05,0.22424734,0.1873234,0.17679672,0.24406119
63.9492,-124.0553,58.458,-95.516,D,2016,07,17,2016-07-17,316.8,58,11.1,296.6,0,6.0669994,-6.4389405,282.97177,283.77145,285.07202,282.5689,272.17258,1.0,3.2625525e-05,0.22424734,0.1873234,0.17679672,0.24406119
63.9468,-124.0809,58.458,-95.516,D,2016,07,17,2016-07-17,315.1,56,10.2,297.5,0,6.0669994,-6.4389405,282.97177,283.77145,285.07202,282.5689,272.17258,1.0,3.2625525e-05,0.22424734,0.1873234,0.17679672,0.24406119
63.9736,-124.099,58.458,-95.516,D,2016,07,17,2016-07-17,319.2,63,14.9,297.3,0,6.0669994,-6.4389405,282.97177,283.77145,285.07202,282.5689,272.17258,1.0,3.2625525e-05,0.22424734,0.1873234,0.17679672,0.24406119
65.2569,-119.5729,58.458,-95.516,D,2016,07,17,2016-07-17,311.7,24,16.0,294.4,0,6.0669994,-6.4389405,282.97177,283.77145,285.07202,282.5689,272.17258,1.0,3.2625525e-05,0.22424734,0.1873234,0.17679672,0.24406119
59.1091,-111.8851,58.893,-103.583,N,2016,07,18,2016-07-18,312.6,85,13.8,287.0,0,3.9179668,3.1695538,297.37146,293.34607,287.44623,284.58258,279.5957,1.0,0.0,0.20489293,0.2280007,0.22414547,0.22954291
59.1116,-111.8682,58.893,-103.583,N,2016,07,18,2016-07-18,301.5,41,6.6,284.1,0,3.9179668,3.1695538,297.37146,293.34607,287.44623,284.58258,279.5957,1.0,0.0,0.20489293,0.2280007,0.22414547,0.22954291
61.1376,-110.5666,58.893,-103.583,N,2016,07,18,2016-07-18,301.5,42,6.8,285.0,0,3.9179668,3.1695538,297.37146,293.34607,287.44623,284.58258,279.5957,1.0,0.0,0.20489293,0.2280007,0.22414547,0.22954291
59.9058,-118.0409,58.893,-103.583,N,2016,07,18,2016-07-18,317.1,94,22.9,289.8,1,3.9179668,3.1695538,297.37146,293.34607,287.44623,284.58258,279.5957,1.0,0.0,0.20489293,0.2280007,0.22414547,0.22954291
59.9016,-118.062,58.893,-103.583,N,2016,07,18,2016-07-18,329.7,100,41.5,291.1,1,3.9179668,3.1695538,297.37146,293.34607,287.44623,284.58258,279.5957,1.0,0.0,0.20489293,0.2280007,0.22414547,0.22954291
60.1046,-106.9766,58.893,-103.583,N,2016,07,18,2016-07-18,362.7,100,120.4,286.0,1,3.9179668,3.1695538,297.37146,293.34607,287.44623,284.58258,279.5957,1.0,0.0,0.20489293,0.2280007,0.22414547,0.22954291
61.1689,-120.7283,58.893,-103.583,N,2016,07,18,2016-07-18,317.7,95,23.5,293.4,1,3.9179668,3.1695538,297.37146,293.34607,287.44623,284.58258,279.5957,1.0,0.0,0.20489293,0.2280007,0.22414547,0.22954291
61.174,-120.7048,58.893,-103.583,N,2016,07,18,2016-07-18,319.3,98,26.8,294.3,1,3.9179668,3.1695538,297.37146,293.34607,287.44623,284.58258,279.5957,1.0,0.0,0.20489293,0.2280007,0.22414547,0.22954291
61.1792,-120.681,58.893,-103.583,N,2016,07,18,2016-07-18,311.9,84,17.3,292.0,0,3.9179668,3.1695538,297.37146,293.34607,287.44623,284.58258,279.5957,1.0,0.0,0.20489293,0.2280007,0.22414547,0.22954291
62.4307,-113.5048,58.893,-103.583,N,2016,07,18,2016-07-18,313.5,82,12.7,288.8,0,3.9179668,3.1695538,297.37146,293.34607,287.44623,284.58258,279.5957,1.0,0.0,0.20489293,0.2280007,0.22414547,0.22954291
62.45,-113.3744,58.893,-103.583,N,2016,07,18,2016-07-18,332.7,100,33.9,289.4,1,3.9179668,3.1695538,297.37146,293.34607,287.44623,284.58258,279.5957,1.0,0.0,0.20489293,0.2280007,0.22414547,0.22954291
62.3538,-113.3834,58.893,-103.583,N,2016,07,18,2016-07-18,308.5,61,9.7,288.3,0,3.9179668,3.1695538,297.37146,293.34607,287.44623,284.58258,279.5957,1.0,0.0,0.20489293,0.2280007,0.22414547,0.22954291
62.3424,-113.396,58.893,-103.583,N,2016,07,18,2016-07-18,305.5,31,7.7,289.3,0,3.9179668,3.1695538,297.37146,293.34607,287.44623,284.58258,279.5957,1.0,0.0,0.20489293,0.2280007,0.22414547,0.22954291
61.2791,-118.721,58.893,-103.583,N,2016,07,18,2016-07-18,327.3,100,32.5,295.9,1,3.9179668,3.1695538,297.37146,293.34607,287.44623,284.58258,279.5957,1.0,0.0,0.20489293,0.2280007,0.22414547,0.22954291
61.2832,-118.6999,58.893,-103.583,N,2016,07,18,2016-07-18,349.0,100,78.7,301.5,1,3.9179668,3.1695538,297.37146,293.34607,287.44623,284.58258,279.5957,1.0,0.0,0.20489293,0.2280007,0.22414547,0.22954291
61.2874,-118.6789,58.893,-103.583,N,2016,07,18,2016-07-18,326.8,100,32.3,296.3,1,3.9179668,3.1695538,297.37146,293.34607,287.44623,284.58258,279.5957,1.0,0.0,0.20489293,0.2280007,0.22414547,0.22954291
61.2573,-118.7765,58.893,-103.583,N,2016,07,18,2016-07-18,303.9,47,6.9,292.5,0,3.9179668,3.1695538,297.37146,293.34607,287.44623,284.58258,279.5957,1.0,0.0,0.20489293,0.2280007,0.22414547,0.22954291
61.2615,-118.7553,58.893,-103.583,N,2016,07,18,2016-07-18,321.4,100,25.4,295.4,1,3.9179668,3.1695538,297.37146,293.34607,287.44623,284.58258,279.5957,1.0,0.0,0.20489293,0.2280007,0.22414547,0.22954291
61.2699,-118.7131,58.893,-103.583,N,2016,07,18,2016-07-18,316.2,93,18.8,292.5,1,3.9179668,3.1695538,297.37146,293.34607,287.44623,284.58258,279.5957,1.0,0.0,0.20489293,0.2280007,0.22414547,0.22954291
61.2741,-118.692,58.893,-103.583,N,2016,07,18,2016-07-18,302.4,45,6.0,290.8,0,3.9179668,3.1695538,297.37146,293.34607,287.44623,284.58258,279.5957,1.0,0.0,0.20489293,0.2280007,0.22414547,0.22954291
61.5394,-112.4182,58.893,-103.583,N,2016,07,18,2016-07-18,320.3,100,17.6,291.0,1,3.9179668,3.1695538,297.37146,293.34607,287.44623,284.58258,279.5957,1.0,0.0,0.20489293,0.2280007,0.22414547,0.22954291
61.5334,-112.3945,58.893,-103.583,N,2016,07,18,2016-07-18,300.2,12,3.3,290.0,0,3.9179668,3.1695538,297.37146,293.34607,287.44623,284.58258,279.5957,1.0,0.0,0.20489293,0.2280007,0.22414547,0.22954291
61.5247,-112.3889,58.893,-103.583,N,2016,07,18,2016-07-18,311.7,72,9.6,291.1,0,3.9179668,3.1695538,297.37146,293.34607,287.44623,284.58258,279.5957,1.0,0.0,0.20489293,0.2280007,0.22414547,0.22954291
61.5161,-112.3834,58.893,-103.583,N,2016,07,18,2016-07-18,312.0,74,9.7,291.3,0,3.9179668,3.1695538,297.37146,293.34607,287.44623,284.58258,279.5957,1.0,0.0,0.20489293,0.2280007,0.22414547,0.22954291
61.5187,-112.3652,58.893,-103.583,N,2016,07,18,2016-07-18,330.7,100,28.4,294.3,1,3.9179668,3.1695538,297.37146,293.34607,287.44623,284.58258,279.5957,1.0,0.0,0.20489293,0.2280007,0.22414547,0.22954291
61.4762,-112.3976,58.893,-103.583,N,2016,07,18,2016-07-18,308.3,74,8.9,290.6,0,3.9179668,3.1695538,297.37146,293.34607,287.44623,284.58258,279.5957,1.0,0.0,0.20489293,0.2280007,0.22414547,0.22954291
61.1819,-111.9521,58.893,-103.583,N,2016,07,18,2016-07-18,300.1,14,4.4,287.4,0,3.9179668,3.1695538,297.37146,293.34607,287.44623,284.58258,279.5957,1.0,0.0,0.20489293,0.2280007,0.22414547,0.22954291
61.1844,-111.9341,58.893,-103.583,N,2016,07,18,2016-07-18,301.7,37,5.1,288.6,0,3.9179668,3.1695538,297.37146,293.34607,287.44623,284.58258,279.5957,1.0,0.0,0.20489293,0.2280007,0.22414547,0.22954291
59.9123,-118.9141,58.893,-103.583,N,2016,07,18,2016-07-18,302.1,47,9.1,286.5,0,3.9179668,3.1695538,297.37146,293.34607,287.44623,284.58258,279.5957,1.0,0.0,0.20489293,0.2280007,0.22414547,0.22954291
61.2016,-110.4289,58.893,-103.583,N,2016,07,18,2016-07-18,308.0,57,10.1,286.3,0,3.9179668,3.1695538,297.37146,293.34607,287.44623,284.58258,279.5957,1.0,0.0,0.20489293,0.2280007,0.22414547,0.22954291
59.9109,-118.0696,58.893,-103.583,N,2016,07,18,2016-07-18,332.7,100,47.1,290.9,1,3.9179668,3.1695538,297.37146,293.34607,287.44623,284.58258,279.5957,1.0,0.0,0.20489293,0.2280007,0.22414547,0.22954291
59.8931,-118.1041,58.893,-103.583,N,2016,07,18,2016-07-18,310.8,78,15.0,289.1,0,3.9179668,3.1695538,297.37146,293.34607,287.44623,284.58258,279.5957,1.0,0.0,0.20489293,0.2280007,0.22414547,0.22954291
61.5833,-120.8607,58.893,-103.583,N,2016,07,18,2016-07-18,368.4,100,175.0,284.9,1,3.9179668,3.1695538,297.37146,293.34607,287.44623,284.58258,279.5957,1.0,0.0,0.20489293,0.2280007,0.22414547,0.22954291
60.1067,-106.9831,58.893,-103.583,N,2016,07,18,2016-07-18,364.4,100,0.0,286.2,1,3.9179668,3.1695538,297.37146,293.34607,287.44623,284.58258,279.5957,1.0,0.0,0.20489293,0.2280007,0.22414547,0.22954291
60.6767,-107.5567,58.893,-103.583,N,2016,07,18,2016-07-18,302.1,46,9.0,283.9,0,3.9179668,3.1695538,297.37146,293.34607,287.44623,284.58258,279.5957,1.0,0.0,0.20489293,0.2280007,0.22414547,0.22954291
59.8524,-118.1445,58.893,-103.583,N,2016,07,18,2016-07-18,301.4,22,7.1,288.8,0,3.9179668,3.1695538,297.37146,293.34607,287.44623,284.58258,279.5957,1.0,0.0,0.20489293,0.2280007,0.22414547,0.22954291
59.8796,-118.1176,58.893,-103.583,N,2016,07,18,2016-07-18,314.1,88,17.8,288.8,0,3.9179668,3.1695538,297.37146,293.34607,287.44623,284.58258,279.5957,1.0,0.0,0.20489293,0.2280007,0.22414547,0.22954291
59.8753,-118.1387,58.893,-103.583,N,2016,07,18,2016-07-18,313.9,88,18.0,288.0,0,3.9179668,3.1695538,297.37146,293.34607,287.44623,284.58258,279.5957,1.0,0.0,0.20489293,0.2280007,0.22414547,0.22954291
61.14,-110.5481,58.893,-103.583,N,2016,07,18,2016-07-18,309.4,77,11.7,287.4,0,3.9179668,3.1695538,297.37146,293.34607,287.44623,284.58258,279.5957,1.0,0.0,0.20489293,0.2280007,0.22414547,0.22954291
61.1586,-120.7756,58.893,-103.583,N,2016,07,18,2016-07-18,300.8,9,5.6,290.5,0,3.9179668,3.1695538,297.37146,293.34607,287.44623,284.58258,279.5957,1.0,0.0,0.20489293,0.2280007,0.22414547,0.22954291
61.1836,-120.7138,58.893,-103.583,N,2016,07,18,2016-07-18,315.5,91,20.9,294.7,1,3.9179668,3.1695538,297.37146,293.34607,287.44623,284.58258,279.5957,1.0,0.0,0.20489293,0.2280007,0.22414547,0.22954291
61.1785,-120.7376,58.893,-103.583,N,2016,07,18,2016-07-18,320.3,100,27.0,296.1,1,3.9179668,3.1695538,297.37146,293.34607,287.44623,284.58258,279.5957,1.0,0.0,0.20489293,0.2280007,0.22414547,0.22954291
61.1734,-120.7611,58.893,-103.583,N,2016,07,18,2016-07-18,328.7,100,42.9,295.3,1,3.9179668,3.1695538,297.37146,293.34607,287.44623,284.58258,279.5957,1.0,0.0,0.20489293,0.2280007,0.22414547,0.22954291
61.1683,-120.7847,58.893,-103.583,N,2016,07,18,2016-07-18,303.4,43,7.7,290.4,0,3.9179668,3.1695538,297.37146,293.34607,287.44623,284.58258,279.5957,1.0,0.0,0.20489293,0.2280007,0.22414547,0.22954291
61.1881,-120.7464,58.893,-103.583,N,2016,07,18,2016-07-18,311.5,70,15.2,293.9,0,3.9179668,3.1695538,297.37146,293.34607,287.44623,284.58258,279.5957,1.0,0.0,0.20489293,0.2280007,0.22414547,0.22954291
61.183,-120.7703,58.893,-103.583,N,2016,07,18,2016-07-18,319.2,98,25.7,293.5,1,3.9179668,3.1695538,297.37146,293.34607,287.44623,284.58258,279.5957,1.0,0.0,0.20489293,0.2280007,0.22414547,0.22954291
61.5978,-120.8462,58.893,-103.583,N,2016,07,18,2016-07-18,322.1,77,33.4,286.3,0,3.9179668,3.1695538,297.37146,293.34607,287.44623,284.58258,279.5957,1.0,0.0,0.20489293,0.2280007,0.22414547,0.22954291
61.5928,-120.8698,58.893,-103.583,N,2016,07,18,2016-07-18,315.3,41,22.8,282.2,0,3.9179668,3.1695538,297.37146,293.34607,287.44623,284.58258,279.5957,1.0,0.0,0.20489293,0.2280007,0.22414547,0.22954291
61.603,-120.8578,58.893,-103.583,N,2016,07,18,2016-07-18,318.0,85,28.6,286.1,0,3.9179668,3.1695538,297.37146,293.34607,287.44623,284.58258,279.5957,1.0,0.0,0.20489293,0.2280007,0.22414547,0.22954291
60.1024,-106.9971,58.893,-103.583,N,2016,07,18,2016-07-18,301.4,39,8.6,280.8,0,3.9179668,3.1695538,297.37146,293.34607,287.44623,284.58258,279.5957,1.0,0.0,0.20489293,0.2280007,0.22414547,0.22954291
61.5979,-120.8813,58.893,-103.583,N,2016,07,18,2016-07-18,311.0,28,19.0,285.8,0,3.9179668,3.1695538,297.37146,293.34607,287.44623,284.58258,279.5957,1.0,0.0,0.20489293,0.2280007,0.22414547,0.22954291
59.8973,-118.083,58.893,-103.583,N,2016,07,18,2016-07-18,319.9,99,26.0,290.7,1,3.9179668,3.1695538,297.37146,293.34607,287.44623,284.58258,279.5957,1.0,0.0,0.20489293,0.2280007,0.22414547,0.22954291
63.4373,-116.0015,58.893,-103.583,N,2016,07,18,2016-07-18,303.3,54,5.8,287.8,0,3.9179668,3.1695538,297.37146,293.34607,287.44623,284.58258,279.5957,1.0,0.0,0.20489293,0.2280007,0.22414547,0.22954291
64.3763,-117.9082,58.893,-103.583,N,2016,07,18,2016-07-18,311.9,84,12.6,286.5,0,3.9179668,3.1695538,297.37146,293.34607,287.44623,284.58258,279.5957,1.0,0.0,0.20489293,0.2280007,0.22414547,0.22954291
63.5213,-116.5451,58.893,-103.583,N,2016,07,18,2016-07-18,301.9,21,3.4,289.4,0,3.9179668,3.1695538,297.37146,293.34607,287.44623,284.58258,279.5957,1.0,0.0,0.20489293,0.2280007,0.22414547,0.22954291
64.3574,-117.9607,58.893,-103.583,N,2016,07,18,2016-07-18,308.0,60,9.7,284.4,0,3.9179668,3.1695538,297.37146,293.34607,287.44623,284.58258,279.5957,1.0,0.0,0.20489293,0.2280007,0.22414547,0.22954291
59.7996,-129.3248,58.893,-103.583,N,2016,07,18,2016-07-18,301.5,4,9.0,284.7,0,3.9179668,3.1695538,297.37146,293.34607,287.44623,284.58258,279.5957,1.0,0.0,0.20489293,0.2280007,0.22414547,0.22954291
59.7974,-129.3486,58.893,-103.583,N,2016,07,18,2016-07-18,336.9,100,62.3,287.2,1,3.9179668,3.1695538,297.37146,293.34607,287.44623,284.58258,279.5957,1.0,0.0,0.20489293,0.2280007,0.22414547,0.22954291
59.8077,-129.3525,58.893,-103.583,N,2016,07,18,2016-07-18,308.0,73,15.4,284.4,0,3.9179668,3.1695538,297.37146,293.34607,287.44623,284.58258,279.5957,1.0,0.0,0.20489293,0.2280007,0.22414547,0.22954291
61.2822,-118.6762,58.893,-103.583,N,2016,07,18,2016-07-18,305.1,63,44.6,289.1,0,3.9179668,3.1695538,297.37146,293.34607,287.44623,284.58258,279.5957,1.0,0.0,0.20489293,0.2280007,0.22414547,0.22954291
59.7952,-129.3539,58.893,-103.583,N,2016,07,18,2016-07-18,325.7,100,42.8,283.2,1,3.9179668,3.1695538,297.37146,293.34607,287.44623,284.58258,279.5957,1.0,0.0,0.20489293,0.2280007,0.22414547,0.22954291
59.8008,-129.3467,58.893,-103.583,N,2016,07,18,2016-07-18,348.9,100,102.1,285.7,1,3.9179668,3.1695538,297.37146,293.34607,287.44623,284.58258,279.5957,1.0,0.0,0.20489293,0.2280007,0.22414547,0.22954291
61.17,-120.7503,58.893,-103.583,N,2016,07,18,2016-07-18,309.1,65,9.5,289.4,0,3.9179668,3.1695538,297.37146,293.34607,287.44623,284.58258,279.5957,1.0,0.0,0.20489293,0.2280007,0.22414547,0.22954291
61.1727,-120.7682,58.893,-103.583,N,2016,07,18,2016-07-18,305.1,48,7.1,287.8,0,3.9179668,3.1695538,297.37146,293.34607,287.44623,284.58258,279.5957,1.0,0.0,0.20489293,0.2280007,0.22414547,0.22954291
61.1729,-120.704,58.893,-103.583,N,2016,07,18,2016-07-18,329.6,99,27.0,291.4,1,3.9179668,3.1695538,297.37146,293.34607,287.44623,284.58258,279.5957,1.0,0.0,0.20489293,0.2280007,0.22414547,0.22954291
61.1756,-120.7219,58.893,-103.583,N,2016,07,18,2016-07-18,321.0,40,16.1,291.6,0,3.9179668,3.1695538,297.37146,293.34607,287.44623,284.58258,279.5957,1.0,0.0,0.20489293,0.2280007,0.22414547,0.22954291
59.793,-129.3296,58.893,-103.583,N,2016,07,18,2016-07-18,321.5,100,35.7,284.1,1,3.9179668,3.1695538,297.37146,293.34607,287.44623,284.58258,279.5957,1.0,0.0,0.20489293,0.2280007,0.22414547,0.22954291
61.181,-120.7577,58.893,-103.583,N,2016,07,18,2016-07-18,330.4,97,28.4,291.6,1,3.9179668,3.1695538,297.37146,293.34607,287.44623,284.58258,279.5957,1.0,0.0,0.20489293,0.2280007,0.22414547,0.22954291
59.7986,-129.3222,58.893,-103.583,N,2016,07,18,2016-07-18,321.7,100,36.0,283.7,1,3.9179668,3.1695538,297.37146,293.34607,287.44623,284.58258,279.5957,1.0,0.0,0.20489293,0.2280007,0.22414547,0.22954291
59.7895,-129.315,58.893,-103.583,N,2016,07,18,2016-07-18,307.9,73,51.4,281.7,0,3.9179668,3.1695538,297.37146,293.34607,287.44623,284.58258,279.5957,1.0,0.0,0.20489293,0.2280007,0.22414547,0.22954291
59.7884,-129.3201,58.893,-103.583,N,2016,07,18,2016-07-18,308.1,73,55.3,281.8,0,3.9179668,3.1695538,297.37146,293.34607,287.44623,284.58258,279.5957,1.0,0.0,0.20489293,0.2280007,0.22414547,0.22954291
58.6239,-107.5742,57.878,-100.11,D,2016,07,18,2016-07-18,352.4,96,58.5,306.0,1,3.7050288,0.6477892,282.16574,280.6862,283.5755,284.28525,278.30457,1.0,0.0,0.17455107,0.1746253,0.13516077,0.20965046
60.6798,-107.5511,57.878,-100.11,D,2016,07,18,2016-07-18,321.7,0,14.6,299.9,0,3.7050288,0.6477892,282.16574,280.6862,283.5755,284.28525,278.30457,1.0,0.0,0.17455107,0.1746253,0.13516077,0.20965046
60.6751,-107.513,57.878,-100.11,D,2016,07,18,2016-07-18,358.4,0,83.2,299.8,0,3.7050288,0.6477892,282.16574,280.6862,283.5755,284.28525,278.30457,1.0,0.0,0.17455107,0.1746253,0.13516077,0.20965046
60.6727,-107.494,57.878,-100.11,D,2016,07,18,2016-07-18,323.2,0,17.8,295.4,0,3.7050288,0.6477892,282.16574,280.6862,283.5755,284.28525,278.30457,1.0,0.0,0.17455107,0.1746253,0.13516077,0.20965046
60.6707,-107.5556,57.878,-100.11,D,2016,07,18,2016-07-18,329.0,0,22.3,300.1,0,3.7050288,0.6477892,282.16574,280.6862,283.5755,284.28525,278.30457,1.0,0.0,0.17455107,0.1746253,0.13516077,0.20965046
59.7862,-106.91,57.878,-100.11,D,2016,07,18,2016-07-18,339.3,0,34.3,297.3,0,3.7050288,0.6477892,282.16574,280.6862,283.5755,284.28525,278.30457,1.0,0.0,0.17455107,0.1746253,0.13516077,0.20965046
59.7839,-106.8922,57.878,-100.11,D,2016,07,18,2016-07-18,429.9,75,494.6,311.5,0,3.7050288,0.6477892,282.16574,280.6862,283.5755,284.28525,278.30457,1.0,0.0,0.17455107,0.1746253,0.13516077,0.20965046
59.7815,-106.8745,57.878,-100.11,D,2016,07,18,2016-07-18,350.3,83,58.4,296.5,0,3.7050288,0.6477892,282.16574,280.6862,283.5755,284.28525,278.30457,1.0,0.0,0.17455107,0.1746253,0.13516077,0.20965046
59.7774,-106.9146,57.878,-100.11,D,2016,07,18,2016-07-18,332.4,64,22.8,298.5,0,3.7050288,0.6477892,282.16574,280.6862,283.5755,284.28525,278.30457,1.0,0.0,0.17455107,0.1746253,0.13516077,0.20965046
59.7709,-106.937,57.878,-100.11,D,2016,07,18,2016-07-18,328.6,50,19.4,298.6,0,3.7050288,0.6477892,282.16574,280.6862,283.5755,284.28525,278.30457,1.0,0.0,0.17455107,0.1746253,0.13516077,0.20965046
59.7419,-106.933,57.878,-100.11,D,2016,07,18,2016-07-18,326.0,25,17.0,295.6,0,3.7050288,0.6477892,282.16574,280.6862,283.5755,284.28525,278.30457,1.0,0.0,0.17455107,0.1746253,0.13516077,0.20965046
59.7395,-106.9152,57.878,-100.11,D,2016,07,18,2016-07-18,324.0,12,14.4,294.6,0,3.7050288,0.6477892,282.16574,280.6862,283.5755,284.28525,278.30457,1.0,0.0,0.17455107,0.1746253,0.13516077,0.20965046
59.7307,-106.9198,57.878,-100.11,D,2016,07,18,2016-07-18,368.9,0,109.8,298.1,0,3.7050288,0.6477892,282.16574,280.6862,283.5755,284.28525,278.30457,1.0,0.0,0.17455107,0.1746253,0.13516077,0.20965046
59.6906,-107.5266,57.878,-100.11,D,2016,07,18,2016-07-18,309.1,53,5.4,295.3,0,3.7050288,0.6477892,282.16574,280.6862,283.5755,284.28525,278.30457,1.0,0.0,0.17455107,0.1746253,0.13516077,0.20965046
59.4505,-105.9752,57.878,-100.11,D,2016,07,18,2016-07-18,321.1,33,10.2,295.5,0,3.7050288,0.6477892,282.16574,280.6862,283.5755,284.28525,278.30457,1.0,0.0,0.17455107,0.1746253,0.13516077,0.20965046
59.448,-105.958,57.878,-100.11,D,2016,07,18,2016-07-18,384.5,87,166.0,299.0,0,3.7050288,0.6477892,282.16574,280.6862,283.5755,284.28525,278.30457,1.0,0.0,0.17455107,0.1746253,0.13516077,0.20965046
59.419,-106.0848,57.878,-100.11,D,2016,07,18,2016-07-18,333.1,76,25.5,300.3,0,3.7050288,0.6477892,282.16574,280.6862,283.5755,284.28525,278.30457,1.0,0.0,0.17455107,0.1746253,0.13516077,0.20965046
60.0388,-119.4558,57.878,-100.11,D,2016,07,18,2016-07-18,313.5,59,30.0,294.8,0,3.7050288,0.6477892,282.16574,280.6862,283.5755,284.28525,278.30457,1.0,0.0,0.17455107,0.1746253,0.13516077,0.20965046
60.0341,-119.4624,57.878,-100.11,D,2016,07,18,2016-07-18,311.5,54,23.4,294.5,0,3.7050288,0.6477892,282.16574,280.6862,283.5755,284.28525,278.30457,1.0,0.0,0.17455107,0.1746253,0.13516077,0.20965046
59.906,-118.0257,57.878,-100.11,D,2016,07,18,2016-07-18,340.6,0,128.9,299.8,0,3.7050288,0.6477892,282.16574,280.6862,283.5755,284.28525,278.30457,1.0,0.0,0.17455107,0.1746253,0.13516077,0.20965046
59.9041,-117.9849,57.878,-100.11,D,2016,07,18,2016-07-18,333.1,82,91.1,297.7,0,3.7050288,0.6477892,282.16574,280.6862,283.5755,284.28525,278.30457,1.0,0.0,0.17455107,0.1746253,0.13516077,0.20965046
59.891,-117.9872,57.878,-100.11,D,2016,07,18,2016-07-18,317.1,55,34.7,297.4,0,3.7050288,0.6477892,282.16574,280.6862,283.5755,284.28525,278.30457,1.0,0.0,0.17455107,0.1746253,0.13516077,0.20965046
59.9029,-118.9283,57.878,-100.11,D,2016,07,18,2016-07-18,309.1,33,15.1,296.0,0,3.7050288,0.6477892,282.16574,280.6862,283.5755,284.28525,278.30457,1.0,0.0,0.17455107,0.1746253,0.13516077,0.20965046
59.8965,-118.937,57.878,-100.11,D,2016,07,18,2016-07-18,329.0,84,85.3,295.9,0,3.7050288,0.6477892,282.16574,280.6862,283.5755,284.28525,278.30457,1.0,0.0,0.17455107,0.1746253,0.13516077,0.20965046
58.8067,-107.5466,57.878,-100.11,D,2016,07,18,2016-07-18,402.3,0,270.3,317.0,0,3.7050288,0.6477892,282.16574,280.6862,283.5755,284.28525,278.30457,1.0,0.0,0.17455107,0.1746253,0.13516077,0.20965046
58.8044,-107.5292,57.878,-100.11,D,2016,07,18,2016-07-18,418.7,75,393.0,316.6,0,3.7050288,0.6477892,282.16574,280.6862,283.5755,284.28525,278.30457,1.0,0.0,0.17455107,0.1746253,0.13516077,0.20965046
58.8021,-107.5119,57.878,-100.11,D,2016,07,18,2016-07-18,326.1,58,17.7,299.9,0,3.7050288,0.6477892,282.16574,280.6862,283.5755,284.28525,278.30457,1.0,0.0,0.17455107,0.1746253,0.13516077,0.20965046
58.8024,-107.5857,57.878,-100.11,D,2016,07,18,2016-07-18,360.5,75,80.9,303.5,0,3.7050288,0.6477892,282.16574,280.6862,283.5755,284.28525,278.30457,1.0,0.0,0.17455107,0.1746253,0.13516077,0.20965046
58.7935,-107.59,57.878,-100.11,D,2016,07,18,2016-07-18,339.9,67,33.4,305.4,0,3.7050288,0.6477892,282.16574,280.6862,283.5755,284.28525,278.30457,1.0,0.0,0.17455107,0.1746253,0.13516077,0.20965046
58.7665,-107.5292,57.878,-100.11,D,2016,07,18,2016-07-18,332.5,78,21.6,299.7,0,3.7050288,0.6477892,282.16574,280.6862,283.5755,284.28525,278.30457,1.0,0.0,0.17455107,0.1746253,0.13516077,0.20965046
58.7645,-107.5738,57.878,-100.11,D,2016,07,18,2016-07-18,339.4,77,33.6,304.8,0,3.7050288,0.6477892,282.16574,280.6862,283.5755,284.28525,278.30457,1.0,0.0,0.17455107,0.1746253,0.13516077,0.20965046
58.7622,-107.5565,57.878,-100.11,D,2016,07,18,2016-07-18,354.5,84,65.3,303.8,0,3.7050288,0.6477892,282.16574,280.6862,283.5755,284.28525,278.30457,1.0,0.0,0.17455107,0.1746253,0.13516077,0.20965046
58.7599,-107.5391,57.878,-100.11,D,2016,07,18,2016-07-18,359.0,94,76.3,305.2,1,3.7050288,0.6477892,282.16574,280.6862,283.5755,284.28525,278.30457,1.0,0.0,0.17455107,0.1746253,0.13516077,0.20965046
58.7576,-107.5218,57.878,-100.11,D,2016,07,18,2016-07-18,336.8,87,28.8,304.0,0,3.7050288,0.6477892,282.16574,280.6862,283.5755,284.28525,278.30457,1.0,0.0,0.17455107,0.1746253,0.13516077,0.20965046
58.758,-107.5955,57.878,-100.11,D,2016,07,18,2016-07-18,342.7,69,40.3,306.3,0,3.7050288,0.6477892,282.16574,280.6862,283.5755,284.28525,278.30457,1.0,0.0,0.17455107,0.1746253,0.13516077,0.20965046
58.7487,-107.5261,57.878,-100.11,D,2016,07,18,2016-07-18,332.9,84,23.3,302.7,0,3.7050288,0.6477892,282.16574,280.6862,283.5755,284.28525,278.30457,1.0,0.0,0.17455107,0.1746253,0.13516077,0.20965046
58.6856,-107.0623,57.878,-100.11,D,2016,07,18,2016-07-18,388.2,100,185.5,306.9,1,3.7050288,0.6477892,282.16574,280.6862,283.5755,284.28525,278.30457,1.0,0.0,0.17455107,0.1746253,0.13516077,0.20965046
58.6832,-107.0452,57.878,-100.11,D,2016,07,18,2016-07-18,320.0,53,10.5,300.6,0,3.7050288,0.6477892,282.16574,280.6862,283.5755,284.28525,278.30457,1.0,0.0,0.17455107,0.1746253,0.13516077,0.20965046
58.6791,-107.0838,57.878,-100.11,D,2016,07,18,2016-07-18,389.8,94,189.9,310.9,1,3.7050288,0.6477892,282.16574,280.6862,283.5755,284.28525,278.30457,1.0,0.0,0.17455107,0.1746253,0.13516077,0.20965046
58.6768,-107.0667,57.878,-100.11,D,2016,07,18,2016-07-18,370.1,100,108.6,306.0,1,3.7050288,0.6477892,282.16574,280.6862,283.5755,284.28525,278.30457,1.0,0.0,0.17455107,0.1746253,0.13516077,0.20965046
58.6744,-107.0496,57.878,-100.11,D,2016,07,18,2016-07-18,419.7,100,391.5,315.2,1,3.7050288,0.6477892,282.16574,280.6862,283.5755,284.28525,278.30457,1.0,0.0,0.17455107,0.1746253,0.13516077,0.20965046
58.672,-107.0326,57.878,-100.11,D,2016,07,18,2016-07-18,372.9,100,121.5,304.0,1,3.7050288,0.6477892,282.16574,280.6862,283.5755,284.28525,278.30457,1.0,0.0,0.17455107,0.1746253,0.13516077,0.20965046
58.6703,-107.0882,57.878,-100.11,D,2016,07,18,2016-07-18,339.7,77,30.4,305.2,0,3.7050288,0.6477892,282.16574,280.6862,283.5755,284.28525,278.30457,1.0,0.0,0.17455107,0.1746253,0.13516077,0.20965046
58.6679,-107.0711,57.878,-100.11,D,2016,07,18,2016-07-18,352.6,96,56.6,306.9,1,3.7050288,0.6477892,282.16574,280.6862,283.5755,284.28525,278.30457,1.0,0.0,0.17455107,0.1746253,0.13516077,0.20965046
58.6656,-107.0541,57.878,-100.11,D,2016,07,18,2016-07-18,328.3,50,16.4,299.0,0,3.7050288,0.6477892,282.16574,280.6862,283.5755,284.28525,278.30457,1.0,0.0,0.17455107,0.1746253,0.13516077,0.20965046
58.6503,-107.0799,57.878,-100.11,D,2016,07,18,2016-07-18,333.3,61,22.3,304.4,0,3.7050288,0.6477892,282.16574,280.6862,283.5755,284.28525,278.30457,1.0,0.0,0.17455107,0.1746253,0.13516077,0.20965046
58.6479,-107.0629,57.878,-100.11,D,2016,07,18,2016-07-18,377.3,100,136.1,309.8,1,3.7050288,0.6477892,282.16574,280.6862,283.5755,284.28525,278.30457,1.0,0.0,0.17455107,0.1746253,0.13516077,0.20965046
58.6456,-107.0458,57.878,-100.11,D,2016,07,18,2016-07-18,333.1,84,24.9,301.0,0,3.7050288,0.6477892,282.16574,280.6862,283.5755,284.28525,278.30457,1.0,0.0,0.17455107,0.1746253,0.13516077,0.20965046
58.6391,-107.0673,57.878,-100.11,D,2016,07,18,2016-07-18,344.6,92,44.0,301.8,1,3.7050288,0.6477892,282.16574,280.6862,283.5755,284.28525,278.30457,1.0,0.0,0.17455107,0.1746253,0.13516077,0.20965046
58.6463,-107.6,57.878,-100.11,D,2016,07,18,2016-07-18,325.4,68,12.7,305.4,0,3.7050288,0.6477892,282.16574,280.6862,283.5755,284.28525,278.30457,1.0,0.0,0.17455107,0.1746253,0.13516077,0.20965046
58.644,-107.5828,57.878,-100.11,D,2016,07,18,2016-07-18,330.6,82,19.1,302.6,0,3.7050288,0.6477892,282.16574,280.6862,283.5755,284.28525,278.30457,1.0,0.0,0.17455107,0.1746253,0.13516077,0.20965046
58.6374,-107.6044,57.878,-100.11,D,2016,07,18,2016-07-18,326.1,57,13.7,305.3,0,3.7050288,0.6477892,282.16574,280.6862,283.5755,284.28525,278.30457,1.0,0.0,0.17455107,0.1746253,0.13516077,0.20965046
58.6351,-107.5871,57.878,-100.11,D,2016,07,18,2016-07-18,362.2,94,84.7,307.6,1,3.7050288,0.6477892,282.16574,280.6862,283.5755,284.28525,278.30457,1.0,0.0,0.17455107,0.1746253,0.13516077,0.20965046
58.6328,-107.5699,57.878,-100.11,D,2016,07,18,2016-07-18,330.8,82,19.8,301.2,0,3.7050288,0.6477892,282.16574,280.6862,283.5755,284.28525,278.30457,1.0,0.0,0.17455107,0.1746253,0.13516077,0.20965046
58.6262,-107.5914,57.878,-100.11,D,2016,07,18,2016-07-18,378.9,87,143.6,308.5,0,3.7050288,0.6477892,282.16574,280.6862,283.5755,284.28525,278.30457,1.0,0.0,0.17455107,0.1746253,0.13516077,0.20965046
59.1108,-111.8994,57.878,-100.11,D,2016,07,18,2016-07-18,320.5,56,16.6,300.3,0,3.7050288,0.6477892,282.16574,280.6862,283.5755,284.28525,278.30457,1.0,0.0,0.17455107,0.1746253,0.13516077,0.20965046
59.1086,-111.8768,57.878,-100.11,D,2016,07,18,2016-07-18,351.7,91,87.5,302.7,1,3.7050288,0.6477892,282.16574,280.6862,283.5755,284.28525,278.30457,1.0,0.0,0.17455107,0.1746253,0.13516077,0.20965046
58.6151,-107.5784,57.878,-100.11,D,2016,07,18,2016-07-18,321.2,35,8.6,304.4,0,3.7050288,0.6477892,282.16574,280.6862,283.5755,284.28525,278.30457,1.0,0.0,0.17455107,0.1746253,0.13516077,0.20965046
58.6468,-107.0565,57.878,-100.11,D,2016,07,18,2016-07-18,338.5,74,190.7,294.6,0,3.7050288,0.6477892,282.16574,280.6862,283.5755,284.28525,278.30457,1.0,0.0,0.17455107,0.1746253,0.13516077,0.20965046
58.6599,-107.0723,57.878,-100.11,D,2016,07,18,2016-07-18,340.8,88,212.0,296.1,0,3.7050288,0.6477892,282.16574,280.6862,283.5755,284.28525,278.30457,1.0,0.0,0.17455107,0.1746253,0.13516077,0.20965046
58.6731,-107.0879,57.878,-100.11,D,2016,07,18,2016-07-18,354.2,97,365.1,297.6,1,3.7050288,0.6477892,282.16574,280.6862,283.5755,284.28525,278.30457,1.0,0.0,0.17455107,0.1746253,0.13516077,0.20965046
58.6848,-107.0439,57.878,-100.11,D,2016,07,18,2016-07-18,328.4,25,109.1,292.5,0,3.7050288,0.6477892,282.16574,280.6862,283.5755,284.28525,278.30457,1.0,0.0,0.17455107,0.1746253,0.13516077,0.20965046
58.6226,-107.5824,57.878,-100.11,D,2016,07,18,2016-07-18,326.3,78,107.0,296.0,0,3.7050288,0.6477892,282.16574,280.6862,283.5755,284.28525,278.30457,1.0,0.0,0.17455107,0.1746253,0.13516077,0.20965046
58.6314,-107.5945,57.878,-100.11,D,2016,07,18,2016-07-18,319.1,57,61.9,296.4,0,3.7050288,0.6477892,282.16574,280.6862,283.5755,284.28525,278.30457,1.0,0.0,0.17455107,0.1746253,0.13516077,0.20965046
58.8017,-107.5226,57.878,-100.11,D,2016,07,18,2016-07-18,342.7,80,250.6,294.9,0,3.7050288,0.6477892,282.16574,280.6862,283.5755,284.28525,278.30457,1.0,0.0,0.17455107,0.1746253,0.13516077,0.20965046
58.7519,-107.6095,57.878,-100.11,D,2016,07,18,2016-07-18,322.8,0,81.1,296.8,0,3.7050288,0.6477892,282.16574,280.6862,283.5755,284.28525,278.30457,1.0,0.0,0.17455107,0.1746253,0.13516077,0.20965046
58.7812,-107.5758,57.878,-100.11,D,2016,07,18,2016-07-18,337.6,68,189.8,297.8,0,3.7050288,0.6477892,282.16574,280.6862,283.5755,284.28525,278.30457,1.0,0.0,0.17455107,0.1746253,0.13516077,0.20965046
59.7233,-106.9269,57.878,-100.11,D,2016,07,18,2016-07-18,324.7,0,96.6,290.4,0,3.7050288,0.6477892,282.16574,280.6862,283.5755,284.28525,278.30457,1.0,0.0,0.17455107,0.1746253,0.13516077,0.20965046
59.7759,-106.8727,57.878,-100.11,D,2016,07,18,2016-07-18,353.4,69,306.9,287.7,0,3.7050288,0.6477892,282.16574,280.6862,283.5755,284.28525,278.30457,1.0,0.0,0.17455107,0.1746253,0.13516077,0.20965046
59.7884,-106.8878,57.878,-100.11,D,2016,07,18,2016-07-18,325.0,44,95.5,287.4,0,3.7050288,0.6477892,282.16574,280.6862,283.5755,284.28525,278.30457,1.0,0.0,0.17455107,0.1746253,0.13516077,0.20965046
59.775,-106.932,57.878,-100.11,D,2016,07,18,2016-07-18,322.6,29,81.7,290.8,0,3.7050288,0.6477892,282.16574,280.6862,283.5755,284.28525,278.30457,1.0,0.0,0.17455107,0.1746253,0.13516077,0.20965046
58.7859,-107.5726,57.878,-100.11,D,2016,07,18,2016-07-18,345.4,71,277.9,298.3,0,3.7050288,0.6477892,282.16574,280.6862,283.5755,284.28525,278.30457,1.0,0.0,0.17455107,0.1746253,0.13516077,0.20965046
58.7401,-107.5198,57.878,-100.11,D,2016,07,18,2016-07-18,316.4,56,67.7,295.0,0,3.7050288,0.6477892,282.16574,280.6862,283.5755,284.28525,278.30457,1.0,0.0,0.17455107,0.1746253,0.13516077,0.20965046
59.9111,-118.0498,57.878,-100.11,D,2016,07,18,2016-07-18,323.8,0,39.5,297.6,0,3.7050288,0.6477892,282.16574,280.6862,283.5755,284.28525,278.30457,1.0,0.0,0.17455107,0.1746253,0.13516077,0.20965046
60.0192,-117.8623,57.878,-100.11,D,2016,07,18,2016-07-18,311.2,63,14.3,296.7,0,3.7050288,0.6477892,282.16574,280.6862,283.5755,284.28525,278.30457,1.0,0.0,0.17455107,0.1746253,0.13516077,0.20965046
59.1112,-111.9013,57.878,-100.11,D,2016,07,18,2016-07-18,323.4,47,80.7,297.0,0,3.7050288,0.6477892,282.16574,280.6862,283.5755,284.28525,278.30457,1.0,0.0,0.17455107,0.1746253,0.13516077,0.20965046
59.1072,-111.8989,57.878,-100.11,D,2016,07,18,2016-07-18,315.6,31,43.6,296.6,0,3.7050288,0.6477892,282.16574,280.6862,283.5755,284.28525,278.30457,1.0,0.0,0.17455107,0.1746253,0.13516077,0.20965046
59.1204,-111.8832,57.878,-100.11,D,2016,07,18,2016-07-18,318.2,75,61.3,297.2,0,3.7050288,0.6477892,282.16574,280.6862,283.5755,284.28525,278.30457,1.0,0.0,0.17455107,0.1746253,0.13516077,0.20965046
59.7101,-113.6954,57.878,-100.11,D,2016,07,18,2016-07-18,340.7,79,166.9,299.3,0,3.7050288,0.6477892,282.16574,280.6862,283.5755,284.28525,278.30457,1.0,0.0,0.17455107,0.1746253,0.13516077,0.20965046
59.7136,-113.6865,57.878,-100.11,D,2016,07,18,2016-07-18,327.1,0,85.6,298.5,0,3.7050288,0.6477892,282.16574,280.6862,283.5755,284.28525,278.30457,1.0,0.0,0.17455107,0.1746253,0.13516077,0.20965046
59.8384,-113.3645,57.878,-100.11,D,2016,07,18,2016-07-18,314.6,59,38.2,297.5,0,3.7050288,0.6477892,282.16574,280.6862,283.5755,284.28525,278.30457,1.0,0.0,0.17455107,0.1746253,0.13516077,0.20965046
59.8291,-113.3706,57.878,-100.11,D,2016,07,18,2016-07-18,317.9,75,49.3,296.0,0,3.7050288,0.6477892,282.16574,280.6862,283.5755,284.28525,278.30457,1.0,0.0,0.17455107,0.1746253,0.13516077,0.20965046
59.8417,-113.4125,57.878,-100.11,D,2016,07,18,2016-07-18,314.1,66,35.6,295.8,0,3.7050288,0.6477892,282.16574,280.6862,283.5755,284.28525,278.30457,1.0,0.0,0.17455107,0.1746253,0.13516077,0.20965046
61.2792,-118.6891,57.878,-100.11,D,2016,07,18,2016-07-18,309.2,21,12.0,288.7,0,3.7050288,0.6477892,282.16574,280.6862,283.5755,284.28525,278.30457,1.0,0.0,0.17455107,0.1746253,0.13516077,0.20965046
58.6295,-107.5792,57.878,-100.11,D,2016,07,18,2016-07-18,329.2,77,213.1,296.1,0,3.7050288,0.6477892,282.16574,280.6862,283.5755,284.28525,278.30457,1.0,0.0,0.17455107,0.1746253,0.13516077,0.20965046
58.6271,-107.575,57.878,-100.11,D,2016,07,18,2016-07-18,331.0,84,231.5,296.0,0,3.7050288,0.6477892,282.16574,280.6862,283.5755,284.28525,278.30457,1.0,0.0,0.17455107,0.1746253,0.13516077,0.20965046
59.8495,-118.1543,57.878,-100.11,D,2016,07,18,2016-07-18,318.3,75,27.1,299.8,0,3.7050288,0.6477892,282.16574,280.6862,283.5755,284.28525,278.30457,1.0,0.0,0.17455107,0.1746253,0.13516077,0.20965046
58.7651,-107.5873,57.878,-100.11,D,2016,07,18,2016-07-18,322.9,76,129.3,294.9,0,3.7050288,0.6477892,282.16574,280.6862,283.5755,284.28525,278.30457,1.0,0.0,0.17455107,0.1746253,0.13516077,0.20965046
58.8087,-107.5261,57.878,-100.11,D,2016,07,18,2016-07-18,320.8,40,113.9,293.8,0,3.7050288,0.6477892,282.16574,280.6862,283.5755,284.28525,278.30457,1.0,0.0,0.17455107,0.1746253,0.13516077,0.20965046
58.7388,-107.5175,57.878,-100.11,D,2016,07,18,2016-07-18,314.3,30,49.4,295.0,0,3.7050288,0.6477892,282.16574,280.6862,283.5755,284.28525,278.30457,1.0,0.0,0.17455107,0.1746253,0.13516077,0.20965046
58.7641,-107.5847,57.878,-100.11,D,2016,07,18,2016-07-18,323.4,76,132.6,294.9,0,3.7050288,0.6477892,282.16574,280.6862,283.5755,284.28525,278.30457,1.0,0.0,0.17455107,0.1746253,0.13516077,0.20965046
58.8078,-107.5238,57.878,-100.11,D,2016,07,18,2016-07-18,322.1,65,135.8,293.7,0,3.7050288,0.6477892,282.16574,280.6862,283.5755,284.28525,278.30457,1.0,0.0,0.17455107,0.1746253,0.13516077,0.20965046
59.8941,-118.9417,57.878,-100.11,D,2016,07,18,2016-07-18,321.6,79,31.3,298.3,0,3.7050288,0.6477892,282.16574,280.6862,283.5755,284.28525,278.30457,1.0,0.0,0.17455107,0.1746253,0.13516077,0.20965046
60.028,-119.4523,57.878,-100.11,D,2016,07,18,2016-07-18,320.2,73,27.0,295.3,0,3.7050288,0.6477892,282.16574,280.6862,283.5755,284.28525,278.30457,1.0,0.0,0.17455107,0.1746253,0.13516077,0.20965046
60.0265,-119.4484,57.878,-100.11,D,2016,07,18,2016-07-18,319.9,77,24.5,294.8,0,3.7050288,0.6477892,282.16574,280.6862,283.5755,284.28525,278.30457,1.0,0.0,0.17455107,0.1746253,0.13516077,0.20965046
59.7943,-129.3465,57.878,-100.11,D,2016,07,18,2016-07-18,407.2,94,295.1,302.3,1,3.7050288,0.6477892,282.16574,280.6862,283.5755,284.28525,278.30457,1.0,0.0,0.17455107,0.1746253,0.13516077,0.20965046
59.8056,-129.3585,57.878,-100.11,D,2016,07,18,2016-07-18,326.5,49,20.5,299.2,0,3.7050288,0.6477892,282.16574,280.6862,283.5755,284.28525,278.30457,1.0,0.0,0.17455107,0.1746253,0.13516077,0.20965046
59.7969,-129.3636,57.878,-100.11,D,2016,07,18,2016-07-18,375.8,100,133.1,299.8,1,3.7050288,0.6477892,282.16574,280.6862,283.5755,284.28525,278.30457,1.0,0.0,0.17455107,0.1746253,0.13516077,0.20965046
59.8004,-129.3241,57.878,-100.11,D,2016,07,18,2016-07-18,316.8,59,11.9,289.1,0,3.7050288,0.6477892,282.16574,280.6862,283.5755,284.28525,278.30457,1.0,0.0,0.17455107,0.1746253,0.13516077,0.20965046
59.803,-129.3413,57.878,-100.11,D,2016,07,18,2016-07-18,343.1,88,45.7,294.9,0,3.7050288,0.6477892,282.16574,280.6862,283.5755,284.28525,278.30457,1.0,0.0,0.17455107,0.1746253,0.13516077,0.20965046
59.7857,-106.885,57.878,-100.11,D,2016,07,18,2016-07-18,363.3,75,150.8,295.9,0,3.7050288,0.6477892,282.16574,280.6862,283.5755,284.28525,278.30457,1.0,0.0,0.17455107,0.1746253,0.13516077,0.20965046
59.7835,-106.91,57.878,-100.11,D,2016,07,18,2016-07-18,359.7,0,135.0,300.0,0,3.7050288,0.6477892,282.16574,280.6862,283.5755,284.28525,278.30457,1.0,0.0,0.17455107,0.1746253,0.13516077,0.20965046
59.7058,-113.7016,57.878,-100.11,D,2016,07,18,2016-07-18,347.6,94,50.7,305.7,1,3.7050288,0.6477892,282.16574,280.6862,283.5755,284.28525,278.30457,1.0,0.0,0.17455107,0.1746253,0.13516077,0.20965046
59.7034,-113.7189,57.878,-100.11,D,2016,07,18,2016-07-18,314.8,66,5.9,303.4,0,3.7050288,0.6477892,282.16574,280.6862,283.5755,284.28525,278.30457,1.0,0.0,0.17455107,0.1746253,0.13516077,0.20965046
59.8335,-113.3829,57.878,-100.11,D,2016,07,18,2016-07-18,328.0,82,21.6,297.6,0,3.7050288,0.6477892,282.16574,280.6862,283.5755,284.28525,278.30457,1.0,0.0,0.17455107,0.1746253,0.13516077,0.20965046
59.8311,-113.4005,57.878,-100.11,D,2016,07,18,2016-07-18,322.7,71,15.5,298.8,0,3.7050288,0.6477892,282.16574,280.6862,283.5755,284.28525,278.30457,1.0,0.0,0.17455107,0.1746253,0.13516077,0.20965046
59.8673,-118.138,57.878,-100.11,D,2016,07,18,2016-07-18,370.1,100,120.7,301.4,1,3.7050288,0.6477892,282.16574,280.6862,283.5755,284.28525,278.30457,1.0,0.0,0.17455107,0.1746253,0.13516077,0.20965046
59.9017,-117.9983,57.878,-100.11,D,2016,07,18,2016-07-18,352.0,0,67.8,292.1,0,3.7050288,0.6477892,282.16574,280.6862,283.5755,284.28525,278.30457,1.0,0.0,0.17455107,0.1746253,0.13516077,0.20965046
59.9073,-118.0227,57.878,-100.11,D,2016,07,18,2016-07-18,323.3,32,17.4,294.1,0,3.7050288,0.6477892,282.16574,280.6862,283.5755,284.28525,278.30457,1.0,0.0,0.17455107,0.1746253,0.13516077,0.20965046
59.7225,-109.5202,57.878,-100.11,D,2016,07,18,2016-07-18,328.0,0,19.3,304.9,0,3.7050288,0.6477892,282.16574,280.6862,283.5755,284.28525,278.30457,1.0,0.0,0.17455107,0.1746253,0.13516077,0.20965046
58.1205,-106.5461,57.878,-100.11,D,2016,07,18,2016-07-18,323.5,74,23.2,298.1,0,3.7050288,0.6477892,282.16574,280.6862,283.5755,284.28525,278.30457,1.0,0.0,0.17455107,0.1746253,0.13516077,0.20965046
58.1185,-106.5694,57.878,-100.11,D,2016,07,18,2016-07-18,330.7,78,34.4,301.6,0,3.7050288,0.6477892,282.16574,280.6862,283.5755,284.28525,278.30457,1.0,0.0,0.17455107,0.1746253,0.13516077,0.20965046
58.6443,-107.0432,57.878,-100.11,D,2016,07,18,2016-07-18,354.3,97,97.6,301.5,1,3.7050288,0.6477892,282.16574,280.6862,283.5755,284.28525,278.30457,1.0,0.0,0.17455107,0.1746253,0.13516077,0.20965046
58.6422,-107.0661,57.878,-100.11,D,2016,07,18,2016-07-18,394.0,100,323.8,309.9,1,3.7050288,0.6477892,282.16574,280.6862,283.5755,284.28525,278.30457,1.0,0.0,0.17455107,0.1746253,0.13516077,0.20965046
58.6401,-107.0892,57.878,-100.11,D,2016,07,18,2016-07-18,327.4,72,22.2,302.9,0,3.7050288,0.6477892,282.16574,280.6862,283.5755,284.28525,278.30457,1.0,0.0,0.17455107,0.1746253,0.13516077,0.20965046
58.6546,-107.0466,57.878,-100.11,D,2016,07,18,2016-07-18,373.6,100,186.1,302.2,1,3.7050288,0.6477892,282.16574,280.6862,283.5755,284.28525,278.30457,1.0,0.0,0.17455107,0.1746253,0.13516077,0.20965046
58.6525,-107.0696,57.878,-100.11,D,2016,07,18,2016-07-18,376.6,100,200.6,307.8,1,3.7050288,0.6477892,282.16574,280.6862,283.5755,284.28525,278.30457,1.0,0.0,0.17455107,0.1746253,0.13516077,0.20965046
58.667,-107.0269,57.878,-100.11,D,2016,07,18,2016-07-18,337.9,88,53.5,299.3,0,3.7050288,0.6477892,282.16574,280.6862,283.5755,284.28525,278.30457,1.0,0.0,0.17455107,0.1746253,0.13516077,0.20965046
58.6648,-107.0499,57.878,-100.11,D,2016,07,18,2016-07-18,413.1,100,515.7,312.0,1,3.7050288,0.6477892,282.16574,280.6862,283.5755,284.28525,278.30457,1.0,0.0,0.17455107,0.1746253,0.13516077,0.20965046
58.6627,-107.073,57.878,-100.11,D,2016,07,18,2016-07-18,354.1,97,94.0,307.3,1,3.7050288,0.6477892,282.16574,280.6862,283.5755,284.28525,278.30457,1.0,0.0,0.17455107,0.1746253,0.13516077,0.20965046
58.6606,-107.096,57.878,-100.11,D,2016,07,18,2016-07-18,321.7,50,12.4,305.2,0,3.7050288,0.6477892,282.16574,280.6862,283.5755,284.28525,278.30457,1.0,0.0,0.17455107,0.1746253,0.13516077,0.20965046
58.6137,-107.5912,57.878,-100.11,D,2016,07,18,2016-07-18,327.6,0,21.9,304.6,0,3.7050288,0.6477892,282.16574,280.6862,283.5755,284.28525,278.30457,1.0,0.0,0.17455107,0.1746253,0.13516077,0.20965046
58.6772,-107.0305,57.878,-100.11,D,2016,07,18,2016-07-18,338.3,88,54.3,298.9,0,3.7050288,0.6477892,282.16574,280.6862,283.5755,284.28525,278.30457,1.0,0.0,0.17455107,0.1746253,0.13516077,0.20965046
58.6751,-107.0535,57.878,-100.11,D,2016,07,18,2016-07-18,414.8,94,535.5,315.5,1,3.7050288,0.6477892,282.16574,280.6862,283.5755,284.28525,278.30457,1.0,0.0,0.17455107,0.1746253,0.13516077,0.20965046
58.673,-107.0764,57.878,-100.11,D,2016,07,18,2016-07-18,417.6,87,564.3,321.5,0,3.7050288,0.6477892,282.16574,280.6862,283.5755,284.28525,278.30457,1.0,0.0,0.17455107,0.1746253,0.13516077,0.20965046
58.6708,-107.0994,57.878,-100.11,D,2016,07,18,2016-07-18,343.0,69,57.5,308.1,0,3.7050288,0.6477892,282.16574,280.6862,283.5755,284.28525,278.30457,1.0,0.0,0.17455107,0.1746253,0.13516077,0.20965046
58.6259,-107.5726,57.878,-100.11,D,2016,07,18,2016-07-18,347.1,88,64.7,304.1,0,3.7050288,0.6477892,282.16574,280.6862,283.5755,284.28525,278.30457,1.0,0.0,0.17455107,0.1746253,0.13516077,0.20965046
58.6853,-107.0569,57.878,-100.11,D,2016,07,18,2016-07-18,368.5,94,161.6,302.3,1,3.7050288,0.6477892,282.16574,280.6862,283.5755,284.28525,278.30457,1.0,0.0,0.17455107,0.1746253,0.13516077,0.20965046
58.636,-107.5761,57.878,-100.11,D,2016,07,18,2016-07-18,337.5,82,39.5,303.6,0,3.7050288,0.6477892,282.16574,280.6862,283.5755,284.28525,278.30457,1.0,0.0,0.17455107,0.1746253,0.13516077,0.20965046
58.6338,-107.5983,57.878,-100.11,D,2016,07,18,2016-07-18,330.2,60,25.0,305.7,0,3.7050288,0.6477892,282.16574,280.6862,283.5755,284.28525,278.30457,1.0,0.0,0.17455107,0.1746253,0.13516077,0.20965046
58.742,-107.5266,57.878,-100.11,D,2016,07,18,2016-07-18,319.3,49,7.7,303.7,0,3.7050288,0.6477892,282.16574,280.6862,283.5755,284.28525,278.30457,1.0,0.0,0.17455107,0.1746253,0.13516077,0.20965046
58.75,-107.5366,57.878,-100.11,D,2016,07,18,2016-07-18,341.8,85,50.6,302.2,0,3.7050288,0.6477892,282.16574,280.6862,283.5755,284.28525,278.30457,1.0,0.0,0.17455107,0.1746253,0.13516077,0.20965046
58.7601,-107.5402,57.878,-100.11,D,2016,07,18,2016-07-18,333.8,80,32.7,301.1,0,3.7050288,0.6477892,282.16574,280.6862,283.5755,284.28525,278.30457,1.0,0.0,0.17455107,0.1746253,0.13516077,0.20965046
58.758,-107.5626,57.878,-100.11,D,2016,07,18,2016-07-18,336.5,66,37.5,303.5,0,3.7050288,0.6477892,282.16574,280.6862,283.5755,284.28525,278.30457,1.0,0.0,0.17455107,0.1746253,0.13516077,0.20965046
58.7537,-107.6071,57.878,-100.11,D,2016,07,18,2016-07-18,327.8,0,21.3,305.5,0,3.7050288,0.6477892,282.16574,280.6862,283.5755,284.28525,278.30457,1.0,0.0,0.17455107,0.1746253,0.13516077,0.20965046
58.8046,-107.5096,57.878,-100.11,D,2016,07,18,2016-07-18,329.8,71,30.0,302.3,0,3.7050288,0.6477892,282.16574,280.6862,283.5755,284.28525,278.30457,1.0,0.0,0.17455107,0.1746253,0.13516077,0.20965046
58.8025,-107.5321,57.878,-100.11,D,2016,07,18,2016-07-18,372.5,0,172.3,308.9,0,3.7050288,0.6477892,282.16574,280.6862,283.5755,284.28525,278.30457,1.0,0.0,0.17455107,0.1746253,0.13516077,0.20965046
58.7961,-107.5991,57.878,-100.11,D,2016,07,18,2016-07-18,365.9,75,136.9,306.3,0,3.7050288,0.6477892,282.16574,280.6862,283.5755,284.28525,278.30457,1.0,0.0,0.17455107,0.1746253,0.13516077,0.20965046
59.4247,-105.9212,57.878,-100.11,D,2016,07,18,2016-07-18,323.9,48,24.8,295.3,0,3.7050288,0.6477892,282.16574,280.6862,283.5755,284.28525,278.30457,1.0,0.0,0.17455107,0.1746253,0.13516077,0.20965046
59.4355,-105.9246,57.878,-100.11,D,2016,07,18,2016-07-18,398.9,0,434.1,297.6,0,3.7050288,0.6477892,282.16574,280.6862,283.5755,284.28525,278.30457,1.0,0.0,0.17455107,0.1746253,0.13516077,0.20965046
59.4229,-106.0836,57.878,-100.11,D,2016,07,18,2016-07-18,320.7,55,20.7,293.9,0,3.7050288,0.6477892,282.16574,280.6862,283.5755,284.28525,278.30457,1.0,0.0,0.17455107,0.1746253,0.13516077,0.20965046
59.4464,-105.9279,57.878,-100.11,D,2016,07,18,2016-07-18,333.5,0,41.3,292.2,0,3.7050288,0.6477892,282.16574,280.6862,283.5755,284.28525,278.30457,1.0,0.0,0.17455107,0.1746253,0.13516077,0.20965046
59.4421,-105.9812,57.878,-100.11,D,2016,07,18,2016-07-18,331.4,0,37.6,290.8,0,3.7050288,0.6477892,282.16574,280.6862,283.5755,284.28525,278.30457,1.0,0.0,0.17455107,0.1746253,0.13516077,0.20965046
59.4572,-105.9315,57.878,-100.11,D,2016,07,18,2016-07-18,331.9,75,41.4,291.8,0,3.7050288,0.6477892,282.16574,280.6862,283.5755,284.28525,278.30457,1.0,0.0,0.17455107,0.1746253,0.13516077,0.20965046
59.4551,-105.9581,57.878,-100.11,D,2016,07,18,2016-07-18,372.0,87,208.6,295.1,0,3.7050288,0.6477892,282.16574,280.6862,283.5755,284.28525,278.30457,1.0,0.0,0.17455107,0.1746253,0.13516077,0.20965046
59.4681,-105.9347,57.878,-100.11,D,2016,07,18,2016-07-18,338.3,78,60.5,294.0,0,3.7050288,0.6477892,282.16574,280.6862,283.5755,284.28525,278.30457,1.0,0.0,0.17455107,0.1746253,0.13516077,0.20965046
59.4659,-105.9616,57.878,-100.11,D,2016,07,18,2016-07-18,377.9,87,250.8,299.1,0,3.7050288,0.6477892,282.16574,280.6862,283.5755,284.28525,278.30457,1.0,0.0,0.17455107,0.1746253,0.13516077,0.20965046
59.4638,-105.9884,57.878,-100.11,D,2016,07,18,2016-07-18,327.2,47,31.6,299.6,0,3.7050288,0.6477892,282.16574,280.6862,283.5755,284.28525,278.30457,1.0,0.0,0.17455107,0.1746253,0.13516077,0.20965046
59.4767,-105.9651,57.878,-100.11,D,2016,07,18,2016-07-18,410.4,0,574.9,300.8,0,3.7050288,0.6477892,282.16574,280.6862,283.5755,284.28525,278.30457,1.0,0.0,0.17455107,0.1746253,0.13516077,0.20965046
59.036,-111.7983,57.878,-100.11,D,2016,07,18,2016-07-18,321.4,66,11.2,303.1,0,3.7050288,0.6477892,282.16574,280.6862,283.5755,284.28525,278.30457,1.0,0.0,0.17455107,0.1746253,0.13516077,0.20965046
59.0999,-111.8722,57.878,-100.11,D,2016,07,18,2016-07-18,318.6,62,8.8,302.6,0,3.7050288,0.6477892,282.16574,280.6862,283.5755,284.28525,278.30457,1.0,0.0,0.17455107,0.1746253,0.13516077,0.20965046
59.1089,-111.8766,57.878,-100.11,D,2016,07,18,2016-07-18,373.7,94,127.5,307.5,1,3.7050288,0.6477892,282.16574,280.6862,283.5755,284.28525,278.30457,1.0,0.0,0.17455107,0.1746253,0.13516077,0.20965046
59.1066,-111.8943,57.878,-100.11,D,2016,07,18,2016-07-18,361.8,75,87.0,308.4,0,3.7050288,0.6477892,282.16574,280.6862,283.5755,284.28525,278.30457,1.0,0.0,0.17455107,0.1746253,0.13516077,0.20965046
59.1178,-111.8809,57.878,-100.11,D,2016,07,18,2016-07-18,337.4,88,32.8,302.3,0,3.7050288,0.6477892,282.16574,280.6862,283.5755,284.28525,278.30457,1.0,0.0,0.17455107,0.1746253,0.13516077,0.20965046
59.1155,-111.8987,57.878,-100.11,D,2016,07,18,2016-07-18,367.6,94,105.6,305.3,1,3.7050288,0.6477892,282.16574,280.6862,283.5755,284.28525,278.30457,1.0,0.0,0.17455107,0.1746253,0.13516077,0.20965046
59.729,-106.9171,57.878,-100.11,D,2016,07,18,2016-07-18,356.6,74,121.1,296.8,0,3.7050288,0.6477892,282.16574,280.6862,283.5755,284.28525,278.30457,1.0,0.0,0.17455107,0.1746253,0.13516077,0.20965046
59.7268,-106.942,57.878,-100.11,D,2016,07,18,2016-07-18,322.9,0,25.6,297.5,0,3.7050288,0.6477892,282.16574,280.6862,283.5755,284.28525,278.30457,1.0,0.0,0.17455107,0.1746253,0.13516077,0.20965046
59.7416,-106.8956,57.878,-100.11,D,2016,07,18,2016-07-18,361.7,0,139.4,293.6,0,3.7050288,0.6477892,282.16574,280.6862,283.5755,284.28525,278.30457,1.0,0.0,0.17455107,0.1746253,0.13516077,0.20965046
59.7394,-106.9207,57.878,-100.11,D,2016,07,18,2016-07-18,361.2,87,140.1,297.4,0,3.7050288,0.6477892,282.16574,280.6862,283.5755,284.28525,278.30457,1.0,0.0,0.17455107,0.1746253,0.13516077,0.20965046
59.7521,-106.8992,57.878,-100.11,D,2016,07,18,2016-07-18,338.6,61,54.6,295.4,0,3.7050288,0.6477892,282.16574,280.6862,283.5755,284.28525,278.30457,1.0,0.0,0.17455107,0.1746253,0.13516077,0.20965046
59.7647,-106.8779,57.878,-100.11,D,2016,07,18,2016-07-18,332.9,0,44.0,294.5,0,3.7050288,0.6477892,282.16574,280.6862,283.5755,284.28525,278.30457,1.0,0.0,0.17455107,0.1746253,0.13516077,0.20965046
59.7626,-106.9029,57.878,-100.11,D,2016,07,18,2016-07-18,334.7,39,46.0,297.1,0,3.7050288,0.6477892,282.16574,280.6862,283.5755,284.28525,278.30457,1.0,0.0,0.17455107,0.1746253,0.13516077,0.20965046
59.7774,-106.8565,57.878,-100.11,D,2016,07,18,2016-07-18,357.9,0,129.7,292.2,0,3.7050288,0.6477892,282.16574,280.6862,283.5755,284.28525,278.30457,1.0,0.0,0.17455107,0.1746253,0.13516077,0.20965046
59.7879,-106.86,57.878,-100.11,D,2016,07,18,2016-07-18,309.5,50,11.5,286.3,0,3.7050288,0.6477892,282.16574,280.6862,283.5755,284.28525,278.30457,1.0,0.0,0.17455107,0.1746253,0.13516077,0.20965046
59.8941,-118.9456,57.878,-100.11,D,2016,07,18,2016-07-18,327.2,46,19.7,301.5,0,3.7050288,0.6477892,282.16574,280.6862,283.5755,284.28525,278.30457,1.0,0.0,0.17455107,0.1746253,0.13516077,0.20965046
59.9134,-118.8955,57.878,-100.11,D,2016,07,18,2016-07-18,314.7,43,7.8,299.5,0,3.7050288,0.6477892,282.16574,280.6862,283.5755,284.28525,278.30457,1.0,0.0,0.17455107,0.1746253,0.13516077,0.20965046
59.903,-118.9521,57.878,-100.11,D,2016,07,18,2016-07-18,320.0,32,12.1,301.1,0,3.7050288,0.6477892,282.16574,280.6862,283.5755,284.28525,278.30457,1.0,0.0,0.17455107,0.1746253,0.13516077,0.20965046
60.0342,-119.4523,57.878,-100.11,D,2016,07,18,2016-07-18,319.0,71,13.6,298.0,0,3.7050288,0.6477892,282.16574,280.6862,283.5755,284.28525,278.30457,1.0,0.0,0.17455107,0.1746253,0.13516077,0.20965046
60.0126,-117.8582,57.878,-100.11,D,2016,07,18,2016-07-18,321.3,72,14.0,302.1,0,3.7050288,0.6477892,282.16574,280.6862,283.5755,284.28525,278.30457,1.0,0.0,0.17455107,0.1746253,0.13516077,0.20965046
60.0306,-119.4717,57.878,-100.11,D,2016,07,18,2016-07-18,312.4,45,6.9,296.8,0,3.7050288,0.6477892,282.16574,280.6862,283.5755,284.28525,278.30457,1.0,0.0,0.17455107,0.1746253,0.13516077,0.20965046
61.2852,-118.706,57.878,-100.11,D,2016,07,18,2016-07-18,321.7,14,16.6,297.2,0,3.7050288,0.6477892,282.16574,280.6862,283.5755,284.28525,278.30457,1.0,0.0,0.17455107,0.1746253,0.13516077,0.20965046
59.7929,-129.3175,57.878,-100.11,D,2016,07,18,2016-07-18,323.2,82,64.2,292.0,0,3.7050288,0.6477892,282.16574,280.6862,283.5755,284.28525,278.30457,1.0,0.0,0.17455107,0.1746253,0.13516077,0.20965046
59.7823,-129.3556,57.878,-100.11,D,2016,07,18,2016-07-18,344.8,94,181.3,293.8,1,3.7050288,0.6477892,282.16574,280.6862,283.5755,284.28525,278.30457,1.0,0.0,0.17455107,0.1746253,0.13516077,0.20965046
59.8048,-129.33,57.878,-100.11,D,2016,07,18,2016-07-18,331.5,87,95.0,285.6,0,3.7050288,0.6477892,282.16574,280.6862,283.5755,284.28525,278.30457,1.0,0.0,0.17455107,0.1746253,0.13516077,0.20965046
59.7943,-129.3679,57.878,-100.11,D,2016,07,18,2016-07-18,359.1,99,291.0,294.3,1,3.7050288,0.6477892,282.16574,280.6862,283.5755,284.28525,278.30457,1.0,0.0,0.17455107,0.1746253,0.13516077,0.20965046
59.7879,-129.3202,57.878,-100.11,D,2016,07,18,2016-07-18,323.1,82,64.8,290.8,0,3.7050288,0.6477892,282.16574,280.6862,283.5755,284.28525,278.30457,1.0,0.0,0.17455107,0.1746253,0.13516077,0.20965046
59.7773,-129.3577,57.878,-100.11,D,2016,07,18,2016-07-18,325.6,84,77.8,291.0,0,3.7050288,0.6477892,282.16574,280.6862,283.5755,284.28525,278.30457,1.0,0.0,0.17455107,0.1746253,0.13516077,0.20965046
59.7999,-129.3327,57.878,-100.11,D,2016,07,18,2016-07-18,345.0,94,175.3,288.8,1,3.7050288,0.6477892,282.16574,280.6862,283.5755,284.28525,278.30457,1.0,0.0,0.17455107,0.1746253,0.13516077,0.20965046
59.7893,-129.3701,57.878,-100.11,D,2016,07,18,2016-07-18,356.4,98,268.1,296.1,1,3.7050288,0.6477892,282.16574,280.6862,283.5755,284.28525,278.30457,1.0,0.0,0.17455107,0.1746253,0.13516077,0.20965046
60.0695,-126.8062,57.878,-100.11,D,2016,07,18,2016-07-18,305.6,0,15.0,279.4,0,3.7050288,0.6477892,282.16574,280.6862,283.5755,284.28525,278.30457,1.0,0.0,0.17455107,0.1746253,0.13516077,0.20965046
61.1608,-120.7809,57.878,-100.11,D,2016,07,18,2016-07-18,318.7,74,99.6,289.6,0,3.7050288,0.6477892,282.16574,280.6862,283.5755,284.28525,278.30457,1.0,0.0,0.17455107,0.1746253,0.13516077,0.20965046
61.168,-120.7895,57.878,-100.11,D,2016,07,18,2016-07-18,320.4,74,105.7,288.6,0,3.7050288,0.6477892,282.16574,280.6862,283.5755,284.28525,278.30457,1.0,0.0,0.17455107,0.1746253,0.13516077,0.20965046
59.7909,-129.3252,59.352,-114.477,N,2016,07,19,2016-07-19,317.8,92,25.1,281.3,1,0.43174034,-3.020992,289.10327,290.74902,289.3741,283.98944,276.05374,6.0,0.0013128347,0.6353471,0.6102332,0.6276616,0.61554354
59.7865,-129.3469,59.352,-114.477,N,2016,07,19,2016-07-19,316.7,85,23.7,281.3,0,0.43174034,-3.020992,289.10327,290.74902,289.3741,283.98944,276.05374,6.0,0.0013128347,0.6353471,0.6102332,0.6276616,0.61554354
59.7885,-129.3283,59.352,-114.477,N,2016,07,19,2016-07-19,317.2,95,24.8,281.9,1,0.43174034,-3.020992,289.10327,290.74902,289.3741,283.98944,276.05374,6.0,0.0013128347,0.6353471,0.6102332,0.6276616,0.61554354
59.784,-129.3499,59.352,-114.477,N,2016,07,19,2016-07-19,308.9,39,14.8,280.7,0,0.43174034,-3.020992,289.10327,290.74902,289.3741,283.98944,276.05374,6.0,0.0013128347,0.6353471,0.6102332,0.6276616,0.61554354
59.7935,-129.3574,59.352,-114.477,N,2016,07,19,2016-07-19,304.0,11,10.5,280.9,0,0.43174034,-3.020992,289.10327,290.74902,289.3741,283.98944,276.05374,6.0,0.0013128347,0.6353471,0.6102332,0.6276616,0.61554354
59.803,-129.365,59.352,-114.477,N,2016,07,19,2016-07-19,317.2,88,24.3,280.8,0,0.43174034,-3.020992,289.10327,290.74902,289.3741,283.98944,276.05374,6.0,0.0013128347,0.6353471,0.6102332,0.6276616,0.61554354
58.8158,-107.5341,58.433,-107.42,D,2016,07,19,2016-07-19,389.3,75,953.1,304.9,0,2.4110305,2.82347,288.68457,288.31512,289.88315,286.37753,281.18677,1.0,0.0,0.13777381,0.17422652,0.16900522,0.21834913
58.8147,-107.4808,58.433,-107.42,D,2016,07,19,2016-07-19,342.9,69,201.4,300.1,0,2.4110305,2.82347,288.68457,288.31512,289.88315,286.37753,281.18677,1.0,0.0,0.13777381,0.17422652,0.16900522,0.21834913
58.7996,-107.482,58.433,-107.42,D,2016,07,19,2016-07-19,328.0,50,84.7,299.9,0,2.4110305,2.82347,288.68457,288.31512,289.88315,286.37753,281.18677,1.0,0.0,0.13777381,0.17422652,0.16900522,0.21834913
58.8174,-107.54,58.433,-107.42,D,2016,07,19,2016-07-19,380.3,75,753.3,304.3,0,2.4110305,2.82347,288.68457,288.31512,289.88315,286.37753,281.18677,1.0,0.0,0.13777381,0.17422652,0.16900522,0.21834913
58.8161,-107.4865,58.433,-107.42,D,2016,07,19,2016-07-19,350.5,90,287.4,300.6,1,2.4110305,2.82347,288.68457,288.31512,289.88315,286.37753,281.18677,1.0,0.0,0.13777381,0.17422652,0.16900522,0.21834913
58.8011,-107.4878,58.433,-107.42,D,2016,07,19,2016-07-19,328.9,62,101.3,300.0,0,2.4110305,2.82347,288.68457,288.31512,289.88315,286.37753,281.18677,1.0,0.0,0.13777381,0.17422652,0.16900522,0.21834913
58.5976,-107.6759,58.433,-107.42,D,2016,07,19,2016-07-19,318.0,62,48.8,295.4,0,2.4110305,2.82347,288.68457,288.31512,289.88315,286.37753,281.18677,1.0,0.0,0.13777381,0.17422652,0.16900522,0.21834913
58.8103,-107.5005,58.433,-107.42,D,2016,07,19,2016-07-19,397.6,100,431.1,310.9,1,2.4110305,2.82347,288.68457,288.31512,289.88315,286.37753,281.18677,1.0,0.0,0.13777381,0.17422652,0.16900522,0.21834913
58.8168,-107.5825,58.433,-107.42,D,2016,07,19,2016-07-19,343.7,80,73.3,303.5,0,2.4110305,2.82347,288.68457,288.31512,289.88315,286.37753,281.18677,1.0,0.0,0.13777381,0.17422652,0.16900522,0.21834913
58.8113,-107.5582,58.433,-107.42,D,2016,07,19,2016-07-19,342.6,80,69.3,305.0,0,2.4110305,2.82347,288.68457,288.31512,289.88315,286.37753,281.18677,1.0,0.0,0.13777381,0.17422652,0.16900522,0.21834913
58.8057,-107.5337,58.433,-107.42,D,2016,07,19,2016-07-19,344.4,70,72.6,306.1,0,2.4110305,2.82347,288.68457,288.31512,289.88315,286.37753,281.18677,1.0,0.0,0.13777381,0.17422652,0.16900522,0.21834913
58.8001,-107.509,58.433,-107.42,D,2016,07,19,2016-07-19,374.8,75,225.6,307.5,0,2.4110305,2.82347,288.68457,288.31512,289.88315,286.37753,281.18677,1.0,0.0,0.13777381,0.17422652,0.16900522,0.21834913
58.7945,-107.4843,58.433,-107.42,D,2016,07,19,2016-07-19,338.9,78,53.4,304.3,0,2.4110305,2.82347,288.68457,288.31512,289.88315,286.37753,281.18677,1.0,0.0,0.13777381,0.17422652,0.16900522,0.21834913
58.8159,-107.5252,58.433,-107.42,D,2016,07,19,2016-07-19,441.5,100,1123.9,330.6,1,2.4110305,2.82347,288.68457,288.31512,289.88315,286.37753,281.18677,1.0,0.0,0.13777381,0.17422652,0.16900522,0.21834913
58.8067,-107.5911,58.433,-107.42,D,2016,07,19,2016-07-19,322.2,66,17.8,302.7,0,2.4110305,2.82347,288.68457,288.31512,289.88315,286.37753,281.18677,1.0,0.0,0.13777381,0.17422652,0.16900522,0.21834913
58.6105,-107.6507,58.433,-107.42,D,2016,07,19,2016-07-19,348.4,82,93.5,302.2,0,2.4110305,2.82347,288.68457,288.31512,289.88315,286.37753,281.18677,1.0,0.0,0.13777381,0.17422652,0.16900522,0.21834913
58.6049,-107.6263,58.433,-107.42,D,2016,07,19,2016-07-19,392.8,87,384.5,304.4,0,2.4110305,2.82347,288.68457,288.31512,289.88315,286.37753,281.18677,1.0,0.0,0.13777381,0.17422652,0.16900522,0.21834913
58.6047,-107.6333,58.433,-107.42,D,2016,07,19,2016-07-19,399.5,75,457.8,306.7,0,2.4110305,2.82347,288.68457,288.31512,289.88315,286.37753,281.18677,1.0,0.0,0.13777381,0.17422652,0.16900522,0.21834913
58.6,-107.6662,58.433,-107.42,D,2016,07,19,2016-07-19,322.6,69,23.6,298.9,0,2.4110305,2.82347,288.68457,288.31512,289.88315,286.37753,281.18677,1.0,0.0,0.13777381,0.17422652,0.16900522,0.21834913
58.5945,-107.6418,58.433,-107.42,D,2016,07,19,2016-07-19,342.3,86,75.8,301.4,0,2.4110305,2.82347,288.68457,288.31512,289.88315,286.37753,281.18677,1.0,0.0,0.13777381,0.17422652,0.16900522,0.21834913
58.8205,-107.4921,58.433,-107.42,D,2016,07,19,2016-07-19,426.2,100,831.2,314.2,1,2.4110305,2.82347,288.68457,288.31512,289.88315,286.37753,281.18677,1.0,0.0,0.13777381,0.17422652,0.16900522,0.21834913
58.826,-107.5166,58.433,-107.42,D,2016,07,19,2016-07-19,388.0,100,339.3,309.6,1,2.4110305,2.82347,288.68457,288.31512,289.88315,286.37753,281.18677,1.0,0.0,0.13777381,0.17422652,0.16900522,0.21834913
58.8371,-107.5657,58.433,-107.42,D,2016,07,19,2016-07-19,312.0,33,5.4,296.7,0,2.4110305,2.82347,288.68457,288.31512,289.88315,286.37753,281.18677,1.0,0.0,0.13777381,0.17422652,0.16900522,0.21834913
58.8214,-107.5496,58.433,-107.42,D,2016,07,19,2016-07-19,345.5,93,81.4,304.6,1,2.4110305,2.82347,288.68457,288.31512,289.88315,286.37753,281.18677,1.0,0.0,0.13777381,0.17422652,0.16900522,0.21834913
58.5895,-107.6241,58.433,-107.42,D,2016,07,19,2016-07-19,346.6,88,69.9,299.1,0,2.4110305,2.82347,288.68457,288.31512,289.88315,286.37753,281.18677,1.0,0.0,0.13777381,0.17422652,0.16900522,0.21834913
58.6042,-107.6091,58.433,-107.42,D,2016,07,19,2016-07-19,376.3,87,209.0,299.6,0,2.4110305,2.82347,288.68457,288.31512,289.88315,286.37753,281.18677,1.0,0.0,0.13777381,0.17422652,0.16900522,0.21834913
58.5993,-107.632,58.433,-107.42,D,2016,07,19,2016-07-19,485.4,94,2119.4,331.9,1,2.4110305,2.82347,288.68457,288.31512,289.88315,286.37753,281.18677,1.0,0.0,0.13777381,0.17422652,0.16900522,0.21834913
58.5945,-107.6546,58.433,-107.42,D,2016,07,19,2016-07-19,389.1,94,304.3,310.4,1,2.4110305,2.82347,288.68457,288.31512,289.88315,286.37753,281.18677,1.0,0.0,0.13777381,0.17422652,0.16900522,0.21834913
58.8118,-107.4976,58.433,-107.42,D,2016,07,19,2016-07-19,360.6,94,124.7,311.3,1,2.4110305,2.82347,288.68457,288.31512,289.88315,286.37753,281.18677,1.0,0.0,0.13777381,0.17422652,0.16900522,0.21834913
58.8072,-107.5199,58.433,-107.42,D,2016,07,19,2016-07-19,370.3,87,168.6,314.8,0,2.4110305,2.82347,288.68457,288.31512,289.88315,286.37753,281.18677,1.0,0.0,0.13777381,0.17422652,0.16900522,0.21834913
58.8024,-107.5422,58.433,-107.42,D,2016,07,19,2016-07-19,341.0,0,51.0,310.7,0,2.4110305,2.82347,288.68457,288.31512,289.88315,286.37753,281.18677,1.0,0.0,0.13777381,0.17422652,0.16900522,0.21834913
58.8262,-107.483,58.433,-107.42,D,2016,07,19,2016-07-19,342.8,86,63.3,297.4,0,2.4110305,2.82347,288.68457,288.31512,289.88315,286.37753,281.18677,1.0,0.0,0.13777381,0.17422652,0.16900522,0.21834913
58.8216,-107.5053,58.433,-107.42,D,2016,07,19,2016-07-19,436.2,100,864.8,314.5,1,2.4110305,2.82347,288.68457,288.31512,289.88315,286.37753,281.18677,1.0,0.0,0.13777381,0.17422652,0.16900522,0.21834913
58.8169,-107.5276,58.433,-107.42,D,2016,07,19,2016-07-19,388.6,100,290.5,315.7,1,2.4110305,2.82347,288.68457,288.31512,289.88315,286.37753,281.18677,1.0,0.0,0.13777381,0.17422652,0.16900522,0.21834913
58.8122,-107.55,58.433,-107.42,D,2016,07,19,2016-07-19,366.5,87,149.4,310.4,0,2.4110305,2.82347,288.68457,288.31512,289.88315,286.37753,281.18677,1.0,0.0,0.13777381,0.17422652,0.16900522,0.21834913
58.8027,-107.5948,58.433,-107.42,D,2016,07,19,2016-07-19,343.9,80,62.3,304.8,0,2.4110305,2.82347,288.68457,288.31512,289.88315,286.37753,281.18677,1.0,0.0,0.13777381,0.17422652,0.16900522,0.21834913
58.8219,-107.5578,58.433,-107.42,D,2016,07,19,2016-07-19,350.3,90,83.3,299.7,1,2.4110305,2.82347,288.68457,288.31512,289.88315,286.37753,281.18677,1.0,0.0,0.13777381,0.17422652,0.16900522,0.21834913
58.8172,-107.5802,58.433,-107.42,D,2016,07,19,2016-07-19,337.7,83,45.3,300.4,0,2.4110305,2.82347,288.68457,288.31512,289.88315,286.37753,281.18677,1.0,0.0,0.13777381,0.17422652,0.16900522,0.21834913
58.5908,-107.682,58.433,-107.42,D,2016,07,19,2016-07-19,324.3,57,92.0,296.8,0,2.4110305,2.82347,288.68457,288.31512,289.88315,286.37753,281.18677,1.0,0.0,0.13777381,0.17422652,0.16900522,0.21834913
58.5989,-107.6858,58.433,-107.42,D,2016,07,19,2016-07-19,325.0,69,101.5,294.8,0,2.4110305,2.82347,288.68457,288.31512,289.88315,286.37753,281.18677,1.0,0.0,0.13777381,0.17422652,0.16900522,0.21834913
57.3836,-107.9939,53.799,-107.726,N,2016,07,20,2016-07-20,306.9,69,9.3,284.8,0,3.2278805,-0.7340596,294.4676,294.0763,291.47476,286.9061,281.1516,3.0,0.00062805833,0.32057202,0.2958001,0.28235438,0.32075077
56.2246,-110.7479,56.331,-107.526,D,2016,07,20,2016-07-20,304.2,0,3.2,287.5,0,1.7762423,-0.89154106,289.94553,289.3933,291.06885,287.00372,280.05838,1.0,0.0,0.16322857,0.18372025,0.19474639,0.19970894
63.5539,-116.4318,58.95,-107.321,D,2016,07,22,2016-07-22,333.6,60,32.3,295.3,0,2.174202,1.4208637,280.62115,280.8445,286.43002,287.44333,281.83475,1.0,3.4286586e-06,0.17391384,0.124378614,0.13787657,0.20145178
63.3033,-115.976,58.95,-107.321,D,2016,07,22,2016-07-22,324.6,68,25.6,291.0,0,2.174202,1.4208637,280.62115,280.8445,286.43002,287.44333,281.83475,1.0,3.4286586e-06,0.17391384,0.124378614,0.13787657,0.20145178
55.4078,-117.1385,55.308,-116.281,N,2016,07,23,2016-07-23,326.6,100,31.6,284.5,1,5.386862,0.1970005,292.48892,290.4405,288.46655,286.57935,281.67822,2.0,5.668739e-05,0.3790365,0.38854408,0.3653679,0.33068925
55.4049,-117.1552,55.308,-116.281,N,2016,07,23,2016-07-23,321.8,100,25.7,284.0,1,5.386862,0.1970005,292.48892,290.4405,288.46655,286.57935,281.67822,2.0,5.668739e-05,0.3790365,0.38854408,0.3653679,0.33068925
55.7808,-117.7133,55.308,-116.281,N,2016,07,23,2016-07-23,304.3,60,10.7,281.8,0,5.386862,0.1970005,292.48892,290.4405,288.46655,286.57935,281.67822,2.0,5.668739e-05,0.3790365,0.38854408,0.3653679,0.33068925
63.3437,-116.128,58.955,-107.11,D,2016,07,24,2016-07-24,335.8,0,38.6,276.2,0,0.35167515,3.2227893,286.58038,286.3294,287.96805,286.81198,282.00696,1.0,0.0,0.18285783,0.14195961,0.15047956,0.20631367
63.3851,-116.2035,58.955,-107.11,D,2016,07,24,2016-07-24,305.3,0,7.1,270.4,0,0.35167515,3.2227893,286.58038,286.3294,287.96805,286.81198,282.00696,1.0,0.0,0.18285783,0.14195961,0.15047956,0.20631367
63.3698,-115.9325,58.955,-107.11,D,2016,07,24,2016-07-24,313.9,0,11.6,284.6,0,0.35167515,3.2227893,286.58038,286.3294,287.96805,286.81198,282.00696,1.0,0.0,0.18285783,0.14195961,0.15047956,0.20631367
63.2882,-115.9622,58.955,-107.11,D,2016,07,24,2016-07-24,322.3,21,18.6,279.6,0,0.35167515,3.2227893,286.58038,286.3294,287.96805,286.81198,282.00696,1.0,0.0,0.18285783,0.14195961,0.15047956,0.20631367
63.4142,-115.9124,58.955,-107.11,D,2016,07,24,2016-07-24,308.1,0,7.4,281.0,0,0.35167515,3.2227893,286.58038,286.3294,287.96805,286.81198,282.00696,1.0,0.0,0.18285783,0.14195961,0.15047956,0.20631367
63.4174,-115.9317,58.955,-107.11,D,2016,07,24,2016-07-24,317.8,0,15.0,283.2,0,0.35167515,3.2227893,286.58038,286.3294,287.96805,286.81198,282.00696,1.0,0.0,0.18285783,0.14195961,0.15047956,0.20631367
63.4211,-115.9623,58.955,-107.11,D,2016,07,24,2016-07-24,323.9,0,31.3,287.0,0,0.35167515,3.2227893,286.58038,286.3294,287.96805,286.81198,282.00696,1.0,0.0,0.18285783,0.14195961,0.15047956,0.20631367
63.5222,-116.5331,58.955,-107.11,D,2016,07,24,2016-07-24,314.9,0,22.8,279.9,0,0.35167515,3.2227893,286.58038,286.3294,287.96805,286.81198,282.00696,1.0,0.0,0.18285783,0.14195961,0.15047956,0.20631367
63.3307,-116.153,63.346,-116.177,N,2016,07,25,2016-07-25,309.4,66,11.2,282.1,0,-0.35756472,-2.0044212,289.8022,289.7231,287.73334,286.96786,281.6171,2.0,0.00012086518,0.18593758,0.22057684,0.25383994,0.31973165
63.3411,-116.145,63.346,-116.177,N,2016,07,25,2016-07-25,301.5,41,7.4,281.3,0,-0.35756472,-2.0044212,289.8022,289.7231,287.73334,286.96786,281.6171,2.0,0.00012086518,0.18593758,0.22057684,0.25383994,0.31973165
63.4811,-116.4785,63.346,-116.177,N,2016,07,25,2016-07-25,306.0,67,11.1,279.2,0,-0.35756472,-2.0044212,289.8022,289.7231,287.73334,286.96786,281.6171,2.0,0.00012086518,0.18593758,0.22057684,0.25383994,0.31973165
55.7654,-119.1818,55.39,-118.111,N,2016,07,26,2016-07-26,319.1,98,21.6,281.5,1,2.987073,0.114406526,298.5781,295.61435,290.21237,287.74774,283.28583,2.9999847,0.0,0.32995087,0.35514852,0.34766972,0.34697226
55.7633,-119.1983,55.39,-118.111,N,2016,07,26,2016-07-26,375.7,100,150.0,288.5,1,2.987073,0.114406526,298.5781,295.61435,290.21237,287.74774,283.28583,2.9999847,0.0,0.32995087,0.35514852,0.34766972,0.34697226
55.7613,-119.2147,55.39,-118.111,N,2016,07,26,2016-07-26,323.6,100,26.1,280.6,1,2.987073,0.114406526,298.5781,295.61435,290.21237,287.74774,283.28583,2.9999847,0.0,0.32995087,0.35514852,0.34766972,0.34697226
55.7625,-119.1983,55.39,-118.111,N,2016,07,26,2016-07-26,306.7,69,17.9,282.0,0,2.987073,0.114406526,298.5781,295.61435,290.21237,287.74774,283.28583,2.9999847,0.0,0.32995087,0.35514852,0.34766972,0.34697226
55.7697,-119.1796,55.39,-118.111,N,2016,07,26,2016-07-26,301.5,42,12.4,283.3,0,2.987073,0.114406526,298.5781,295.61435,290.21237,287.74774,283.28583,2.9999847,0.0,0.32995087,0.35514852,0.34766972,0.34697226
58.8494,-107.4422,58.259,-107.433,D,2016,07,26,2016-07-26,360.2,94,183.2,300.8,1,-1.834183,1.8066967,281.0562,279.6846,285.4988,286.58063,282.15753,1.0,0.0,0.21046257,0.1864003,0.18022391,0.21966338
58.8388,-107.4518,58.259,-107.433,D,2016,07,26,2016-07-26,344.6,88,101.2,299.5,0,-1.834183,1.8066967,281.0562,279.6846,285.4988,286.58063,282.15753,1.0,0.0,0.21046257,0.1864003,0.18022391,0.21966338
58.832,-107.4239,58.259,-107.433,D,2016,07,26,2016-07-26,321.0,27,25.3,298.6,0,-1.834183,1.8066967,281.0562,279.6846,285.4988,286.58063,282.15753,1.0,0.0,0.21046257,0.1864003,0.18022391,0.21966338
59.1174,-111.9151,58.259,-107.433,D,2016,07,26,2016-07-26,334.1,66,38.7,300.9,0,-1.834183,1.8066967,281.0562,279.6846,285.4988,286.58063,282.15753,1.0,0.0,0.21046257,0.1864003,0.18022391,0.21966338
59.1222,-111.9261,58.259,-107.433,D,2016,07,26,2016-07-26,315.4,55,19.6,297.1,0,-1.834183,1.8066967,281.0562,279.6846,285.4988,286.58063,282.15753,1.0,0.0,0.21046257,0.1864003,0.18022391,0.21966338
58.8192,-107.4258,58.259,-107.433,D,2016,07,26,2016-07-26,325.7,54,17.3,301.0,0,-1.834183,1.8066967,281.0562,279.6846,285.4988,286.58063,282.15753,1.0,0.0,0.21046257,0.1864003,0.18022391,0.21966338
58.8378,-107.4395,58.259,-107.433,D,2016,07,26,2016-07-26,355.8,80,89.2,302.3,0,-1.834183,1.8066967,281.0562,279.6846,285.4988,286.58063,282.15753,1.0,0.0,0.21046257,0.1864003,0.18022391,0.21966338
58.8339,-107.4595,58.259,-107.433,D,2016,07,26,2016-07-26,327.2,41,21.0,299.9,0,-1.834183,1.8066967,281.0562,279.6846,285.4988,286.58063,282.15753,1.0,0.0,0.21046257,0.1864003,0.18022391,0.21966338
58.8471,-107.4464,58.259,-107.433,D,2016,07,26,2016-07-26,355.6,80,92.5,293.2,0,-1.834183,1.8066967,281.0562,279.6846,285.4988,286.58063,282.15753,1.0,0.0,0.21046257,0.1864003,0.18022391,0.21966338
58.8432,-107.4664,58.259,-107.433,D,2016,07,26,2016-07-26,323.7,57,18.8,298.2,0,-1.834183,1.8066967,281.0562,279.6846,285.4988,286.58063,282.15753,1.0,0.0,0.21046257,0.1864003,0.18022391,0.21966338
58.8426,-107.4088,58.259,-107.433,D,2016,07,26,2016-07-26,324.6,81,138.3,286.5,0,-1.834183,1.8066967,281.0562,279.6846,285.4988,286.58063,282.15753,1.0,0.0,0.21046257,0.1864003,0.18022391,0.21966338
58.8425,-107.4811,58.259,-107.433,D,2016,07,26,2016-07-26,332.4,82,212.3,293.2,0,-1.834183,1.8066967,281.0562,279.6846,285.4988,286.58063,282.15753,1.0,0.0,0.21046257,0.1864003,0.18022391,0.21966338
58.8301,-107.4184,58.259,-107.433,D,2016,07,26,2016-07-26,316.4,28,69.7,289.1,0,-1.834183,1.8066967,281.0562,279.6846,285.4988,286.58063,282.15753,1.0,0.0,0.21046257,0.1864003,0.18022391,0.21966338
58.8472,-107.4902,58.259,-107.433,D,2016,07,26,2016-07-26,324.3,55,132.2,290.9,0,-1.834183,1.8066967,281.0562,279.6846,285.4988,286.58063,282.15753,1.0,0.0,0.21046257,0.1864003,0.18022391,0.21966338
59.1176,-111.9145,58.259,-107.433,D,2016,07,26,2016-07-26,322.3,60,69.1,297.8,0,-1.834183,1.8066967,281.0562,279.6846,285.4988,286.58063,282.15753,1.0,0.0,0.21046257,0.1864003,0.18022391,0.21966338
59.1221,-111.9242,58.259,-107.433,D,2016,07,26,2016-07-26,316.9,65,47.8,296.5,0,-1.834183,1.8066967,281.0562,279.6846,285.4988,286.58063,282.15753,1.0,0.0,0.21046257,0.1864003,0.18022391,0.21966338
55.7574,-119.1771,54.196,-111.38,N,2016,07,27,2016-07-27,306.7,69,31.5,276.5,0,1.7436346,-1.6177864,299.5804,298.91202,293.48935,289.59055,284.58047,2.0,2.085294e-07,0.28934216,0.22675212,0.19653547,0.23388813
55.7497,-119.2078,54.196,-111.38,N,2016,07,27,2016-07-27,306.8,69,31.3,277.1,0,1.7436346,-1.6177864,299.5804,298.91202,293.48935,289.59055,284.58047,2.0,2.085294e-07,0.28934216,0.22675212,0.19653547,0.23388813
55.769,-119.1864,54.196,-111.38,N,2016,07,27,2016-07-27,323.6,100,70.6,277.4,1,1.7436346,-1.6177864,299.5804,298.91202,293.48935,289.59055,284.58047,2.0,2.085294e-07,0.28934216,0.22675212,0.19653547,0.23388813
55.7613,-119.2172,54.196,-111.38,N,2016,07,27,2016-07-27,328.9,100,89.2,278.4,1,1.7436346,-1.6177864,299.5804,298.91202,293.48935,289.59055,284.58047,2.0,2.085294e-07,0.28934216,0.22675212,0.19653547,0.23388813
55.7687,-119.1928,54.196,-111.38,N,2016,07,27,2016-07-27,328.1,100,85.4,277.9,1,1.7436346,-1.6177864,299.5804,298.91202,293.48935,289.59055,284.58047,2.0,2.085294e-07,0.28934216,0.22675212,0.19653547,0.23388813
55.7609,-119.2234,54.196,-111.38,N,2016,07,27,2016-07-27,318.4,97,54.6,278.3,1,1.7436346,-1.6177864,299.5804,298.91202,293.48935,289.59055,284.58047,2.0,2.085294e-07,0.28934216,0.22675212,0.19653547,0.23388813
63.3267,-116.0986,54.196,-111.38,N,2016,07,27,2016-07-27,308.0,73,11.4,283.8,0,1.7436346,-1.6177864,299.5804,298.91202,293.48935,289.59055,284.58047,2.0,2.085294e-07,0.28934216,0.22675212,0.19653547,0.23388813
63.4373,-115.9212,54.196,-111.38,N,2016,07,27,2016-07-27,305.7,65,10.1,285.0,0,1.7436346,-1.6177864,299.5804,298.91202,293.48935,289.59055,284.58047,2.0,2.085294e-07,0.28934216,0.22675212,0.19653547,0.23388813
55.7663,-119.2037,54.196,-111.38,N,2016,07,27,2016-07-27,328.9,100,129.6,280.2,1,1.7436346,-1.6177864,299.5804,298.91202,293.48935,289.59055,284.58047,2.0,2.085294e-07,0.28934216,0.22675212,0.19653547,0.23388813
55.7626,-119.1965,54.196,-111.38,N,2016,07,27,2016-07-27,329.0,100,130.1,280.9,1,1.7436346,-1.6177864,299.5804,298.91202,293.48935,289.59055,284.58047,2.0,2.085294e-07,0.28934216,0.22675212,0.19653547,0.23388813
55.758,-119.1838,54.196,-111.38,N,2016,07,27,2016-07-27,302.1,47,8.5,282.6,0,1.7436346,-1.6177864,299.5804,298.91202,293.48935,289.59055,284.58047,2.0,2.085294e-07,0.28934216,0.22675212,0.19653547,0.23388813
55.761,-119.2007,54.196,-111.38,N,2016,07,27,2016-07-27,306.9,69,11.9,282.3,0,1.7436346,-1.6177864,299.5804,298.91202,293.48935,289.59055,284.58047,2.0,2.085294e-07,0.28934216,0.22675212,0.19653547,0.23388813
59.8612,-118.1725,58.15,-107.563,D,2016,07,27,2016-07-27,303.1,0,17.7,288.3,0,1.4179013,1.5185204,287.5969,287.35272,288.31512,286.55075,282.21887,1.0,0.0,0.19365174,0.18834522,0.16455273,0.21504928
59.8575,-118.1807,58.15,-107.563,D,2016,07,27,2016-07-27,302.8,39,16.6,288.5,0,1.4179013,1.5185204,287.5969,287.35272,288.31512,286.55075,282.21887,1.0,0.0,0.19365174,0.18834522,0.16455273,0.21504928
59.8558,-118.1336,58.15,-107.563,D,2016,07,27,2016-07-27,303.5,0,18.2,289.6,0,1.4179013,1.5185204,287.5969,287.35272,288.31512,286.55075,282.21887,1.0,0.0,0.19365174,0.18834522,0.16455273,0.21504928
63.2823,-116.0041,58.15,-107.563,D,2016,07,27,2016-07-27,305.8,29,7.3,293.4,0,1.4179013,1.5185204,287.5969,287.35272,288.31512,286.55075,282.21887,1.0,0.0,0.19365174,0.18834522,0.16455273,0.21504928
63.6414,-116.5433,58.15,-107.563,D,2016,07,27,2016-07-27,315.2,0,18.7,293.3,0,1.4179013,1.5185204,287.5969,287.35272,288.31512,286.55075,282.21887,1.0,0.0,0.19365174,0.18834522,0.16455273,0.21504928
63.4243,-115.8953,58.15,-107.563,D,2016,07,27,2016-07-27,309.5,0,13.2,290.1,0,1.4179013,1.5185204,287.5969,287.35272,288.31512,286.55075,282.21887,1.0,0.0,0.19365174,0.18834522,0.16455273,0.21504928
63.5057,-116.5455,58.15,-107.563,D,2016,07,27,2016-07-27,314.9,0,13.4,295.3,0,1.4179013,1.5185204,287.5969,287.35272,288.31512,286.55075,282.21887,1.0,0.0,0.19365174,0.18834522,0.16455273,0.21504928
63.4907,-116.531,58.15,-107.563,D,2016,07,27,2016-07-27,327.0,0,32.2,296.8,0,1.4179013,1.5185204,287.5969,287.35272,288.31512,286.55075,282.21887,1.0,0.0,0.19365174,0.18834522,0.16455273,0.21504928
63.3341,-116.1026,58.15,-107.563,D,2016,07,27,2016-07-27,312.4,0,13.9,295.6,0,1.4179013,1.5185204,287.5969,287.35272,288.31512,286.55075,282.21887,1.0,0.0,0.19365174,0.18834522,0.16455273,0.21504928
63.3282,-116.077,58.15,-107.563,D,2016,07,27,2016-07-27,321.9,0,28.0,292.9,0,1.4179013,1.5185204,287.5969,287.35272,288.31512,286.55075,282.21887,1.0,0.0,0.19365174,0.18834522,0.16455273,0.21504928
63.3251,-116.0862,58.15,-107.563,D,2016,07,27,2016-07-27,329.0,0,42.3,295.0,0,1.4179013,1.5185204,287.5969,287.35272,288.31512,286.55075,282.21887,1.0,0.0,0.19365174,0.18834522,0.16455273,0.21504928
63.2764,-115.9781,58.15,-107.563,D,2016,07,27,2016-07-27,313.7,63,16.1,295.6,0,1.4179013,1.5185204,287.5969,287.35272,288.31512,286.55075,282.21887,1.0,0.0,0.19365174,0.18834522,0.16455273,0.21504928
59.1305,-111.9202,58.15,-107.563,D,2016,07,27,2016-07-27,309.2,58,28.0,292.5,0,1.4179013,1.5185204,287.5969,287.35272,288.31512,286.55075,282.21887,1.0,0.0,0.19365174,0.18834522,0.16455273,0.21504928
59.1189,-111.9287,58.15,-107.563,D,2016,07,27,2016-07-27,308.4,41,22.5,291.5,0,1.4179013,1.5185204,287.5969,287.35272,288.31512,286.55075,282.21887,1.0,0.0,0.19365174,0.18834522,0.16455273,0.21504928
58.6987,-107.6598,58.15,-107.563,D,2016,07,27,2016-07-27,327.8,81,19.7,300.2,0,1.4179013,1.5185204,287.5969,287.35272,288.31512,286.55075,282.21887,1.0,0.0,0.19365174,0.18834522,0.16455273,0.21504928
59.1173,-111.9274,58.15,-107.563,D,2016,07,27,2016-07-27,328.7,0,20.3,297.8,0,1.4179013,1.5185204,287.5969,287.35272,288.31512,286.55075,282.21887,1.0,0.0,0.19365174,0.18834522,0.16455273,0.21504928
59.1284,-111.9151,58.15,-107.563,D,2016,07,27,2016-07-27,320.0,74,11.1,297.7,0,1.4179013,1.5185204,287.5969,287.35272,288.31512,286.55075,282.21887,1.0,0.0,0.19365174,0.18834522,0.16455273,0.21504928
59.126,-111.9322,58.15,-107.563,D,2016,07,27,2016-07-27,341.9,87,40.6,299.6,0,1.4179013,1.5185204,287.5969,287.35272,288.31512,286.55075,282.21887,1.0,0.0,0.19365174,0.18834522,0.16455273,0.21504928
63.316,-116.0805,58.15,-107.563,D,2016,07,27,2016-07-27,333.1,0,29.0,296.0,0,1.4179013,1.5185204,287.5969,287.35272,288.31512,286.55075,282.21887,1.0,0.0,0.19365174,0.18834522,0.16455273,0.21504928
63.3246,-116.087,58.15,-107.563,D,2016,07,27,2016-07-27,336.8,0,33.5,297.1,0,1.4179013,1.5185204,287.5969,287.35272,288.31512,286.55075,282.21887,1.0,0.0,0.19365174,0.18834522,0.16455273,0.21504928
63.3621,-115.9024,58.15,-107.563,D,2016,07,27,2016-07-27,313.9,0,8.9,293.4,0,1.4179013,1.5185204,287.5969,287.35272,288.31512,286.55075,282.21887,1.0,0.0,0.19365174,0.18834522,0.16455273,0.21504928
63.3245,-116.1508,58.15,-107.563,D,2016,07,27,2016-07-27,321.6,0,15.2,297.8,0,1.4179013,1.5185204,287.5969,287.35272,288.31512,286.55075,282.21887,1.0,0.0,0.19365174,0.18834522,0.16455273,0.21504928
63.3839,-116.2029,58.15,-107.563,D,2016,07,27,2016-07-27,314.1,0,8.3,297.9,0,1.4179013,1.5185204,287.5969,287.35272,288.31512,286.55075,282.21887,1.0,0.0,0.19365174,0.18834522,0.16455273,0.21504928
63.4728,-116.4911,58.15,-107.563,D,2016,07,27,2016-07-27,317.8,0,10.5,298.5,0,1.4179013,1.5185204,287.5969,287.35272,288.31512,286.55075,282.21887,1.0,0.0,0.19365174,0.18834522,0.16455273,0.21504928
63.4843,-116.4786,58.15,-107.563,D,2016,07,27,2016-07-27,338.4,68,34.6,297.4,0,1.4179013,1.5185204,287.5969,287.35272,288.31512,286.55075,282.21887,1.0,0.0,0.19365174,0.18834522,0.16455273,0.21504928
63.5097,-116.5629,58.15,-107.563,D,2016,07,27,2016-07-27,379.1,0,146.2,300.1,0,1.4179013,1.5185204,287.5969,287.35272,288.31512,286.55075,282.21887,1.0,0.0,0.19365174,0.18834522,0.16455273,0.21504928
63.5402,-116.6153,58.15,-107.563,D,2016,07,27,2016-07-27,364.8,0,97.8,296.7,0,1.4179013,1.5185204,287.5969,287.35272,288.31512,286.55075,282.21887,1.0,0.0,0.19365174,0.18834522,0.16455273,0.21504928
63.645,-116.5517,58.15,-107.563,D,2016,07,27,2016-07-27,318.0,0,14.3,292.7,0,1.4179013,1.5185204,287.5969,287.35272,288.31512,286.55075,282.21887,1.0,0.0,0.19365174,0.18834522,0.16455273,0.21504928
63.3481,-116.1313,58.983,-112.792,N,2016,07,28,2016-07-28,300.4,27,24.5,284.8,0,0.2702036,0.2950968,299.61096,295.9199,290.33423,286.03885,278.1204,6.0,0.0,0.46545583,0.45397398,0.40790427,0.4421378
63.5418,-116.626,58.983,-112.792,N,2016,07,28,2016-07-28,309.7,78,45.8,284.0,0,0.2702036,0.2950968,299.61096,295.9199,290.33423,286.03885,278.1204,6.0,0.0,0.46545583,0.45397398,0.40790427,0.4421378
63.3947,-116.2042,58.983,-112.792,N,2016,07,28,2016-07-28,340.0,100,64.3,290.1,1,0.2702036,0.2950968,299.61096,295.9199,290.33423,286.03885,278.1204,6.0,0.0,0.46545583,0.45397398,0.40790427,0.4421378
63.4047,-116.209,58.983,-112.792,N,2016,07,28,2016-07-28,317.8,90,24.6,286.7,1,0.2702036,0.2950968,299.61096,295.9199,290.33423,286.03885,278.1204,6.0,0.0,0.46545583,0.45397398,0.40790427,0.4421378
63.4147,-116.2133,58.983,-112.792,N,2016,07,28,2016-07-28,308.7,75,16.6,285.8,0,0.2702036,0.2950968,299.61096,295.9199,290.33423,286.03885,278.1204,6.0,0.0,0.46545583,0.45397398,0.40790427,0.4421378
63.5401,-116.6229,58.983,-112.792,N,2016,07,28,2016-07-28,301.1,19,10.0,282.9,0,0.2702036,0.2950968,299.61096,295.9199,290.33423,286.03885,278.1204,6.0,0.0,0.46545583,0.45397398,0.40790427,0.4421378
63.5753,-116.5677,58.983,-112.792,N,2016,07,28,2016-07-28,317.4,95,25.7,281.6,1,0.2702036,0.2950968,299.61096,295.9199,290.33423,286.03885,278.1204,6.0,0.0,0.46545583,0.45397398,0.40790427,0.4421378
63.2819,-116.0057,58.983,-112.792,N,2016,07,28,2016-07-28,324.2,100,36.9,284.8,1,0.2702036,0.2950968,299.61096,295.9199,290.33423,286.03885,278.1204,6.0,0.0,0.46545583,0.45397398,0.40790427,0.4421378
63.3245,-116.0847,58.983,-112.792,N,2016,07,28,2016-07-28,309.7,34,14.4,286.1,0,0.2702036,0.2950968,299.61096,295.9199,290.33423,286.03885,278.1204,6.0,0.0,0.46545583,0.45397398,0.40790427,0.4421378
63.6477,-116.5557,58.983,-112.792,N,2016,07,28,2016-07-28,304.6,61,11.9,284.9,0,0.2702036,0.2950968,299.61096,295.9199,290.33423,286.03885,278.1204,6.0,0.0,0.46545583,0.45397398,0.40790427,0.4421378
63.5123,-116.547,60.589,-115.453,D,2016,07,28,2016-07-28,313.2,0,5.7,298.0,0,-1.7540627,1.991233,285.0685,284.74844,288.89053,287.32523,282.74127,2.0,0.0,0.31886435,0.32732585,0.28138918,0.29892498
63.481,-116.477,60.589,-115.453,D,2016,07,28,2016-07-28,325.8,0,22.0,298.6,0,-1.7540627,1.991233,285.0685,284.74844,288.89053,287.32523,282.74127,2.0,0.0,0.31886435,0.32732585,0.28138918,0.29892498
63.4742,-116.5044,60.589,-115.453,D,2016,07,28,2016-07-28,315.4,0,9.4,298.1,0,-1.7540627,1.991233,285.0685,284.74844,288.89053,287.32523,282.74127,2.0,0.0,0.31886435,0.32732585,0.28138918,0.29892498
63.4108,-116.2111,60.589,-115.453,D,2016,07,28,2016-07-28,328.2,0,22.9,297.5,0,-1.7540627,1.991233,285.0685,284.74844,288.89053,287.32523,282.74127,2.0,0.0,0.31886435,0.32732585,0.28138918,0.29892498
63.3728,-115.887,60.589,-115.453,D,2016,07,28,2016-07-28,317.1,0,11.0,295.0,0,-1.7540627,1.991233,285.0685,284.74844,288.89053,287.32523,282.74127,2.0,0.0,0.31886435,0.32732585,0.28138918,0.29892498
63.4016,-116.2163,60.589,-115.453,D,2016,07,28,2016-07-28,356.3,0,80.0,302.3,0,-1.7540627,1.991233,285.0685,284.74844,288.89053,287.32523,282.74127,2.0,0.0,0.31886435,0.32732585,0.28138918,0.29892498
63.3662,-115.9137,60.589,-115.453,D,2016,07,28,2016-07-28,326.2,35,18.8,296.1,0,-1.7540627,1.991233,285.0685,284.74844,288.89053,287.32523,282.74127,2.0,0.0,0.31886435,0.32732585,0.28138918,0.29892498
63.3637,-115.8923,60.589,-115.453,D,2016,07,28,2016-07-28,328.5,0,22.6,294.9,0,-1.7540627,1.991233,285.0685,284.74844,288.89053,287.32523,282.74127,2.0,0.0,0.31886435,0.32732585,0.28138918,0.29892498
63.3898,-116.1996,60.589,-115.453,D,2016,07,28,2016-07-28,321.2,0,13.1,299.0,0,-1.7540627,1.991233,285.0685,284.74844,288.89053,287.32523,282.74127,2.0,0.0,0.31886435,0.32732585,0.28138918,0.29892498
63.3362,-115.9082,60.589,-115.453,D,2016,07,28,2016-07-28,337.5,0,37.7,296.9,0,-1.7540627,1.991233,285.0685,284.74844,288.89053,287.32523,282.74127,2.0,0.0,0.31886435,0.32732585,0.28138918,0.29892498
63.3336,-115.8868,60.589,-115.453,D,2016,07,28,2016-07-28,321.6,0,14.9,295.5,0,-1.7540627,1.991233,285.0685,284.74844,288.89053,287.32523,282.74127,2.0,0.0,0.31886435,0.32732585,0.28138918,0.29892498
63.3576,-116.1316,60.589,-115.453,D,2016,07,28,2016-07-28,320.2,58,12.4,298.3,0,-1.7540627,1.991233,285.0685,284.74844,288.89053,287.32523,282.74127,2.0,0.0,0.31886435,0.32732585,0.28138918,0.29892498
63.3484,-116.1369,60.589,-115.453,D,2016,07,28,2016-07-28,345.9,0,53.3,300.9,0,-1.7540627,1.991233,285.0685,284.74844,288.89053,287.32523,282.74127,2.0,0.0,0.31886435,0.32732585,0.28138918,0.29892498
63.334,-116.0985,60.589,-115.453,D,2016,07,28,2016-07-28,315.5,0,8.8,298.6,0,-1.7540627,1.991233,285.0685,284.74844,288.89053,287.32523,282.74127,2.0,0.0,0.31886435,0.32732585,0.28138918,0.29892498
63.3299,-116.1473,60.589,-115.453,D,2016,07,28,2016-07-28,328.0,0,24.5,299.0,0,-1.7540627,1.991233,285.0685,284.74844,288.89053,287.32523,282.74127,2.0,0.0,0.31886435,0.32732585,0.28138918,0.29892498
63.3222,-116.0821,60.589,-115.453,D,2016,07,28,2016-07-28,334.3,0,33.4,298.0,0,-1.7540627,1.991233,285.0685,284.74844,288.89053,287.32523,282.74127,2.0,0.0,0.31886435,0.32732585,0.28138918,0.29892498
63.3095,-115.9747,60.589,-115.453,D,2016,07,28,2016-07-28,325.9,0,17.4,298.4,0,-1.7540627,1.991233,285.0685,284.74844,288.89053,287.32523,282.74127,2.0,0.0,0.31886435,0.32732585,0.28138918,0.29892498
63.2861,-115.9426,60.589,-115.453,D,2016,07,28,2016-07-28,317.9,44,9.3,298.3,0,-1.7540627,1.991233,285.0685,284.74844,288.89053,287.32523,282.74127,2.0,0.0,0.31886435,0.32732585,0.28138918,0.29892498
63.2836,-115.9215,60.589,-115.453,D,2016,07,28,2016-07-28,323.4,0,15.5,298.3,0,-1.7540627,1.991233,285.0685,284.74844,288.89053,287.32523,282.74127,2.0,0.0,0.31886435,0.32732585,0.28138918,0.29892498
63.282,-115.9903,60.589,-115.453,D,2016,07,28,2016-07-28,334.1,82,31.7,298.8,0,-1.7540627,1.991233,285.0685,284.74844,288.89053,287.32523,282.74127,2.0,0.0,0.31886435,0.32732585,0.28138918,0.29892498
63.6441,-116.539,60.589,-115.453,D,2016,07,28,2016-07-28,349.1,72,69.8,298.7,0,-1.7540627,1.991233,285.0685,284.74844,288.89053,287.32523,282.74127,2.0,0.0,0.31886435,0.32732585,0.28138918,0.29892498
63.6535,-116.5339,60.589,-115.453,D,2016,07,28,2016-07-28,330.3,74,31.3,295.7,0,-1.7540627,1.991233,285.0685,284.74844,288.89053,287.32523,282.74127,2.0,0.0,0.31886435,0.32732585,0.28138918,0.29892498
63.5823,-116.4307,60.589,-115.453,D,2016,07,28,2016-07-28,325.9,0,19.8,295.2,0,-1.7540627,1.991233,285.0685,284.74844,288.89053,287.32523,282.74127,2.0,0.0,0.31886435,0.32732585,0.28138918,0.29892498
63.57,-116.4435,60.589,-115.453,D,2016,07,28,2016-07-28,332.3,75,31.1,297.5,0,-1.7540627,1.991233,285.0685,284.74844,288.89053,287.32523,282.74127,2.0,0.0,0.31886435,0.32732585,0.28138918,0.29892498
63.5582,-116.4266,60.589,-115.453,D,2016,07,28,2016-07-28,326.5,42,18.6,298.3,0,-1.7540627,1.991233,285.0685,284.74844,288.89053,287.32523,282.74127,2.0,0.0,0.31886435,0.32732585,0.28138918,0.29892498
63.5403,-116.5313,60.589,-115.453,D,2016,07,28,2016-07-28,324.4,0,16.4,298.9,0,-1.7540627,1.991233,285.0685,284.74844,288.89053,287.32523,282.74127,2.0,0.0,0.31886435,0.32732585,0.28138918,0.29892498
63.5065,-116.4083,60.589,-115.453,D,2016,07,28,2016-07-28,310.7,0,5.7,298.5,0,-1.7540627,1.991233,285.0685,284.74844,288.89053,287.32523,282.74127,2.0,0.0,0.31886435,0.32732585,0.28138918,0.29892498
63.4535,-115.9482,60.589,-115.453,D,2016,07,28,2016-07-28,352.2,0,71.8,297.7,0,-1.7540627,1.991233,285.0685,284.74844,288.89053,287.32523,282.74127,2.0,0.0,0.31886435,0.32732585,0.28138918,0.29892498
63.5528,-116.6348,60.589,-115.453,D,2016,07,28,2016-07-28,325.7,0,56.5,293.6,0,-1.7540627,1.991233,285.0685,284.74844,288.89053,287.32523,282.74127,2.0,0.0,0.31886435,0.32732585,0.28138918,0.29892498
63.654,-116.5344,60.589,-115.453,D,2016,07,28,2016-07-28,313.4,0,26.1,292.2,0,-1.7540627,1.991233,285.0685,284.74844,288.89053,287.32523,282.74127,2.0,0.0,0.31886435,0.32732585,0.28138918,0.29892498
63.5091,-116.5709,60.589,-115.453,D,2016,07,28,2016-07-28,344.9,0,133.2,297.3,0,-1.7540627,1.991233,285.0685,284.74844,288.89053,287.32523,282.74127,2.0,0.0,0.31886435,0.32732585,0.28138918,0.29892498
63.558,-116.4461,60.589,-115.453,D,2016,07,28,2016-07-28,310.7,0,17.7,294.3,0,-1.7540627,1.991233,285.0685,284.74844,288.89053,287.32523,282.74127,2.0,0.0,0.31886435,0.32732585,0.28138918,0.29892498
63.5793,-116.4755,60.589,-115.453,D,2016,07,28,2016-07-28,348.5,0,152.9,296.2,0,-1.7540627,1.991233,285.0685,284.74844,288.89053,287.32523,282.74127,2.0,0.0,0.31886435,0.32732585,0.28138918,0.29892498
63.6434,-116.5195,60.589,-115.453,D,2016,07,28,2016-07-28,312.5,0,24.1,293.2,0,-1.7540627,1.991233,285.0685,284.74844,288.89053,287.32523,282.74127,2.0,0.0,0.31886435,0.32732585,0.28138918,0.29892498
63.2853,-116.0001,60.589,-115.453,D,2016,07,28,2016-07-28,313.9,0,25.8,295.0,0,-1.7540627,1.991233,285.0685,284.74844,288.89053,287.32523,282.74127,2.0,0.0,0.31886435,0.32732585,0.28138918,0.29892498
63.3325,-115.8785,60.589,-115.453,D,2016,07,28,2016-07-28,326.9,0,56.6,293.5,0,-1.7540627,1.991233,285.0685,284.74844,288.89053,287.32523,282.74127,2.0,0.0,0.31886435,0.32732585,0.28138918,0.29892498
63.3316,-116.1628,60.589,-115.453,D,2016,07,28,2016-07-28,321.2,0,41.9,294.9,0,-1.7540627,1.991233,285.0685,284.74844,288.89053,287.32523,282.74127,2.0,0.0,0.31886435,0.32732585,0.28138918,0.29892498
63.4868,-116.5317,60.589,-115.453,D,2016,07,28,2016-07-28,311.3,0,15.1,296.7,0,-1.7540627,1.991233,285.0685,284.74844,288.89053,287.32523,282.74127,2.0,0.0,0.31886435,0.32732585,0.28138918,0.29892498
63.4774,-116.5665,60.589,-115.453,D,2016,07,28,2016-07-28,314.5,0,23.2,295.0,0,-1.7540627,1.991233,285.0685,284.74844,288.89053,287.32523,282.74127,2.0,0.0,0.31886435,0.32732585,0.28138918,0.29892498
63.5188,-116.5357,60.589,-115.453,D,2016,07,28,2016-07-28,324.2,0,45.8,297.2,0,-1.7540627,1.991233,285.0685,284.74844,288.89053,287.32523,282.74127,2.0,0.0,0.31886435,0.32732585,0.28138918,0.29892498
65.2194,-116.2749,60.589,-115.453,D,2016,07,28,2016-07-28,302.0,13,4.9,288.1,0,-1.7540627,1.991233,285.0685,284.74844,288.89053,287.32523,282.74127,2.0,0.0,0.31886435,0.32732585,0.28138918,0.29892498
68.1924,-129.8004,60.589,-115.453,D,2016,07,28,2016-07-28,334.3,82,29.7,302.6,0,-1.7540627,1.991233,285.0685,284.74844,288.89053,287.32523,282.74127,2.0,0.0,0.31886435,0.32732585,0.28138918,0.29892498
68.1886,-129.7779,60.589,-115.453,D,2016,07,28,2016-07-28,323.1,68,15.6,300.1,0,-1.7540627,1.991233,285.0685,284.74844,288.89053,287.32523,282.74127,2.0,0.0,0.31886435,0.32732585,0.28138918,0.29892498
63.589,-116.4306,60.589,-115.453,D,2016,07,28,2016-07-28,373.7,0,579.0,296.7,0,-1.7540627,1.991233,285.0685,284.74844,288.89053,287.32523,282.74127,2.0,0.0,0.31886435,0.32732585,0.28138918,0.29892498
63.4916,-116.5198,60.589,-115.453,D,2016,07,28,2016-07-28,310.8,0,29.0,295.4,0,-1.7540627,1.991233,285.0685,284.74844,288.89053,287.32523,282.74127,2.0,0.0,0.31886435,0.32732585,0.28138918,0.29892498
63.6516,-116.5404,60.589,-115.453,D,2016,07,28,2016-07-28,351.3,0,119.0,294.6,0,-1.7540627,1.991233,285.0685,284.74844,288.89053,287.32523,282.74127,2.0,0.0,0.31886435,0.32732585,0.28138918,0.29892498
63.2848,-115.9517,60.589,-115.453,D,2016,07,28,2016-07-28,333.8,0,56.2,298.6,0,-1.7540627,1.991233,285.0685,284.74844,288.89053,287.32523,282.74127,2.0,0.0,0.31886435,0.32732585,0.28138918,0.29892498
63.2803,-116.0152,60.589,-115.453,D,2016,07,28,2016-07-28,326.8,62,37.9,297.6,0,-1.7540627,1.991233,285.0685,284.74844,288.89053,287.32523,282.74127,2.0,0.0,0.31886435,0.32732585,0.28138918,0.29892498
63.3367,-115.8696,60.589,-115.453,D,2016,07,28,2016-07-28,345.1,0,96.2,295.2,0,-1.7540627,1.991233,285.0685,284.74844,288.89053,287.32523,282.74127,2.0,0.0,0.31886435,0.32732585,0.28138918,0.29892498
63.3344,-115.9019,60.589,-115.453,D,2016,07,28,2016-07-28,407.6,0,600.5,306.0,0,-1.7540627,1.991233,285.0685,284.74844,288.89053,287.32523,282.74127,2.0,0.0,0.31886435,0.32732585,0.28138918,0.29892498
63.3335,-115.9096,60.589,-115.453,D,2016,07,28,2016-07-28,396.3,0,458.3,306.5,0,-1.7540627,1.991233,285.0685,284.74844,288.89053,287.32523,282.74127,2.0,0.0,0.31886435,0.32732585,0.28138918,0.29892498
63.3265,-116.169,60.589,-115.453,D,2016,07,28,2016-07-28,343.4,0,81.6,299.1,0,-1.7540627,1.991233,285.0685,284.74844,288.89053,287.32523,282.74127,2.0,0.0,0.31886435,0.32732585,0.28138918,0.29892498
63.3444,-116.0794,60.589,-115.453,D,2016,07,28,2016-07-28,323.2,0,25.7,295.4,0,-1.7540627,1.991233,285.0685,284.74844,288.89053,287.32523,282.74127,2.0,0.0,0.31886435,0.32732585,0.28138918,0.29892498
63.3671,-115.9216,60.589,-115.453,D,2016,07,28,2016-07-28,314.3,0,17.8,295.1,0,-1.7540627,1.991233,285.0685,284.74844,288.89053,287.32523,282.74127,2.0,0.0,0.31886435,0.32732585,0.28138918,0.29892498
63.3796,-116.2211,60.589,-115.453,D,2016,07,28,2016-07-28,322.5,0,25.4,298.5,0,-1.7540627,1.991233,285.0685,284.74844,288.89053,287.32523,282.74127,2.0,0.0,0.31886435,0.32732585,0.28138918,0.29892498
63.4119,-115.9374,60.589,-115.453,D,2016,07,28,2016-07-28,325.4,0,36.9,296.8,0,-1.7540627,1.991233,285.0685,284.74844,288.89053,287.32523,282.74127,2.0,0.0,0.31886435,0.32732585,0.28138918,0.29892498
63.4119,-115.909,60.589,-115.453,D,2016,07,28,2016-07-28,340.0,0,81.1,296.7,0,-1.7540627,1.991233,285.0685,284.74844,288.89053,287.32523,282.74127,2.0,0.0,0.31886435,0.32732585,0.28138918,0.29892498
63.4209,-115.9453,60.589,-115.453,D,2016,07,28,2016-07-28,309.2,0,9.8,295.8,0,-1.7540627,1.991233,285.0685,284.74844,288.89053,287.32523,282.74127,2.0,0.0,0.31886435,0.32732585,0.28138918,0.29892498
63.4137,-116.2065,60.589,-115.453,D,2016,07,28,2016-07-28,325.8,0,37.5,298.1,0,-1.7540627,1.991233,285.0685,284.74844,288.89053,287.32523,282.74127,2.0,0.0,0.31886435,0.32732585,0.28138918,0.29892498
63.5148,-116.5412,60.589,-115.453,D,2016,07,28,2016-07-28,316.8,0,13.1,299.8,0,-1.7540627,1.991233,285.0685,284.74844,288.89053,287.32523,282.74127,2.0,0.0,0.31886435,0.32732585,0.28138918,0.29892498
63.5573,-116.4281,60.589,-115.453,D,2016,07,28,2016-07-28,357.3,74,138.8,301.9,0,-1.7540627,1.991233,285.0685,284.74844,288.89053,287.32523,282.74127,2.0,0.0,0.31886435,0.32732585,0.28138918,0.29892498
63.5707,-116.4007,60.589,-115.453,D,2016,07,28,2016-07-28,407.0,0,563.8,305.2,0,-1.7540627,1.991233,285.0685,284.74844,288.89053,287.32523,282.74127,2.0,0.0,0.31886435,0.32732585,0.28138918,0.29892498
63.5683,-116.4323,60.589,-115.453,D,2016,07,28,2016-07-28,390.7,75,373.5,305.3,0,-1.7540627,1.991233,285.0685,284.74844,288.89053,287.32523,282.74127,2.0,0.0,0.31886435,0.32732585,0.28138918,0.29892498
63.5659,-116.4638,60.589,-115.453,D,2016,07,28,2016-07-28,328.8,59,34.6,299.3,0,-1.7540627,1.991233,285.0685,284.74844,288.89053,287.32523,282.74127,2.0,0.0,0.31886435,0.32732585,0.28138918,0.29892498
63.5564,-116.4327,60.589,-115.453,D,2016,07,28,2016-07-28,339.8,0,64.8,300.7,0,-1.7540627,1.991233,285.0685,284.74844,288.89053,287.32523,282.74127,2.0,0.0,0.31886435,0.32732585,0.28138918,0.29892498
63.5426,-116.6204,60.589,-115.453,D,2016,07,28,2016-07-28,318.8,0,18.2,297.4,0,-1.7540627,1.991233,285.0685,284.74844,288.89053,287.32523,282.74127,2.0,0.0,0.31886435,0.32732585,0.28138918,0.29892498
63.5651,-116.4685,60.589,-115.453,D,2016,07,28,2016-07-28,321.1,67,20.6,299.0,0,-1.7540627,1.991233,285.0685,284.74844,288.89053,287.32523,282.74127,2.0,0.0,0.31886435,0.32732585,0.28138918,0.29892498
63.5536,-116.6245,60.589,-115.453,D,2016,07,28,2016-07-28,333.2,0,49.8,297.6,0,-1.7540627,1.991233,285.0685,284.74844,288.89053,287.32523,282.74127,2.0,0.0,0.31886435,0.32732585,0.28138918,0.29892498
63.5807,-116.4095,60.589,-115.453,D,2016,07,28,2016-07-28,335.8,0,62.4,294.0,0,-1.7540627,1.991233,285.0685,284.74844,288.89053,287.32523,282.74127,2.0,0.0,0.31886435,0.32732585,0.28138918,0.29892498
63.5784,-116.4412,60.589,-115.453,D,2016,07,28,2016-07-28,377.6,0,261.6,301.8,0,-1.7540627,1.991233,285.0685,284.74844,288.89053,287.32523,282.74127,2.0,0.0,0.31886435,0.32732585,0.28138918,0.29892498
63.5761,-116.4727,60.589,-115.453,D,2016,07,28,2016-07-28,359.7,0,149.4,303.4,0,-1.7540627,1.991233,285.0685,284.74844,288.89053,287.32523,282.74127,2.0,0.0,0.31886435,0.32732585,0.28138918,0.29892498
63.5622,-116.6598,60.589,-115.453,D,2016,07,28,2016-07-28,321.5,0,25.1,297.2,0,-1.7540627,1.991233,285.0685,284.74844,288.89053,287.32523,282.74127,2.0,0.0,0.31886435,0.32732585,0.28138918,0.29892498
63.6397,-116.5292,60.589,-115.453,D,2016,07,28,2016-07-28,308.8,0,12.1,293.0,0,-1.7540627,1.991233,285.0685,284.74844,288.89053,287.32523,282.74127,2.0,0.0,0.31886435,0.32732585,0.28138918,0.29892498
63.6508,-116.533,60.589,-115.453,D,2016,07,28,2016-07-28,343.5,70,90.5,294.3,0,-1.7540627,1.991233,285.0685,284.74844,288.89053,287.32523,282.74127,2.0,0.0,0.31886435,0.32732585,0.28138918,0.29892498
63.6406,-116.5367,60.589,-115.453,D,2016,07,28,2016-07-28,313.2,0,17.5,293.4,0,-1.7540627,1.991233,285.0685,284.74844,288.89053,287.32523,282.74127,2.0,0.0,0.31886435,0.32732585,0.28138918,0.29892498
68.1908,-129.8079,60.589,-115.453,D,2016,07,28,2016-07-28,328.9,84,21.8,302.6,0,-1.7540627,1.991233,285.0685,284.74844,288.89053,287.32523,282.74127,2.0,0.0,0.31886435,0.32732585,0.28138918,0.29892498
68.1941,-129.785,60.589,-115.453,D,2016,07,28,2016-07-28,322.9,79,14.8,300.2,0,-1.7540627,1.991233,285.0685,284.74844,288.89053,287.32523,282.74127,2.0,0.0,0.31886435,0.32732585,0.28138918,0.29892498
68.2003,-129.7858,60.589,-115.453,D,2016,07,28,2016-07-28,310.1,57,30.8,293.3,0,-1.7540627,1.991233,285.0685,284.74844,288.89053,287.32523,282.74127,2.0,0.0,0.31886435,0.32732585,0.28138918,0.29892498
68.1991,-129.7799,60.589,-115.453,D,2016,07,28,2016-07-28,309.9,57,29.9,292.8,0,-1.7540627,1.991233,285.0685,284.74844,288.89053,287.32523,282.74127,2.0,0.0,0.31886435,0.32732585,0.28138918,0.29892498
68.1915,-129.7937,60.589,-115.453,D,2016,07,28,2016-07-28,319.2,79,99.8,293.0,0,-1.7540627,1.991233,285.0685,284.74844,288.89053,287.32523,282.74127,2.0,0.0,0.31886435,0.32732585,0.28138918,0.29892498
68.1805,-129.8044,60.589,-115.453,D,2016,07,28,2016-07-28,309.5,41,39.2,294.0,0,-1.7540627,1.991233,285.0685,284.74844,288.89053,287.32523,282.74127,2.0,0.0,0.31886435,0.32732585,0.28138918,0.29892498
68.1972,-129.8029,60.589,-115.453,D,2016,07,28,2016-07-28,315.4,75,75.6,293.4,0,-1.7540627,1.991233,285.0685,284.74844,288.89053,287.32523,282.74127,2.0,0.0,0.31886435,0.32732585,0.28138918,0.29892498
58.1735,-115.7364,55.424,-107.557,N,2016,07,29,2016-07-29,303.0,53,14.3,284.8,0,0.3542514,0.34914082,297.78455,296.38428,292.4974,288.8163,283.36737,1.0,0.00013948663,0.20366254,0.18078329,0.14900252,0.18950719
57.9452,-117.0961,55.424,-107.557,N,2016,07,29,2016-07-29,308.3,64,29.8,278.0,0,0.3542514,0.34914082,297.78455,296.38428,292.4974,288.8163,283.36737,1.0,0.00013948663,0.20366254,0.18078329,0.14900252,0.18950719
63.5594,-112.3062,55.424,-107.557,N,2016,07,29,2016-07-29,302.9,51,7.7,284.3,0,0.3542514,0.34914082,297.78455,296.38428,292.4974,288.8163,283.36737,1.0,0.00013948663,0.20366254,0.18078329,0.14900252,0.18950719
63.5713,-112.2939,55.424,-107.557,N,2016,07,29,2016-07-29,300.9,33,6.5,283.2,0,0.3542514,0.34914082,297.78455,296.38428,292.4974,288.8163,283.36737,1.0,0.00013948663,0.20366254,0.18078329,0.14900252,0.18950719
63.568,-112.3136,55.424,-107.557,N,2016,07,29,2016-07-29,316.8,94,17.9,284.6,1,0.3542514,0.34914082,297.78455,296.38428,292.4974,288.8163,283.36737,1.0,0.00013948663,0.20366254,0.18078329,0.14900252,0.18950719
63.5825,-116.4264,55.424,-107.557,N,2016,07,29,2016-07-29,307.0,70,10.7,282.8,0,0.3542514,0.34914082,297.78455,296.38428,292.4974,288.8163,283.36737,1.0,0.00013948663,0.20366254,0.18078329,0.14900252,0.18950719
63.6088,-116.4086,55.424,-107.557,N,2016,07,29,2016-07-29,322.2,92,0.0,289.4,1,0.3542514,0.34914082,297.78455,296.38428,292.4974,288.8163,283.36737,1.0,0.00013948663,0.20366254,0.18078329,0.14900252,0.18950719
63.5967,-116.4602,55.424,-107.557,N,2016,07,29,2016-07-29,320.2,0,17.3,288.3,0,0.3542514,0.34914082,297.78455,296.38428,292.4974,288.8163,283.36737,1.0,0.00013948663,0.20366254,0.18078329,0.14900252,0.18950719
63.5886,-116.4007,55.424,-107.557,N,2016,07,29,2016-07-29,322.1,100,22.9,289.4,1,0.3542514,0.34914082,297.78455,296.38428,292.4974,288.8163,283.36737,1.0,0.00013948663,0.20366254,0.18078329,0.14900252,0.18950719
63.5852,-116.4463,55.424,-107.557,N,2016,07,29,2016-07-29,301.2,38,7.2,281.6,0,0.3542514,0.34914082,297.78455,296.38428,292.4974,288.8163,283.36737,1.0,0.00013948663,0.20366254,0.18078329,0.14900252,0.18950719
63.5799,-116.4066,55.424,-107.557,N,2016,07,29,2016-07-29,309.3,29,10.9,284.1,0,0.3542514,0.34914082,297.78455,296.38428,292.4974,288.8163,283.36737,1.0,0.00013948663,0.20366254,0.18078329,0.14900252,0.18950719
59.8383,-106.8122,58.028,-106.675,D,2016,07,29,2016-07-29,329.1,0,26.3,296.5,0,-1.3719262,0.3868978,286.67465,284.91873,288.77344,286.98102,282.02643,1.0,5.684342e-14,0.2005418,0.19212586,0.16088319,0.20510918
58.6323,-107.0838,58.028,-106.675,D,2016,07,29,2016-07-29,326.4,61,20.9,301.5,0,-1.3719262,0.3868978,286.67465,284.91873,288.77344,286.98102,282.02643,1.0,5.684342e-14,0.2005418,0.19212586,0.16088319,0.20510918
58.6302,-107.062,58.028,-106.675,D,2016,07,29,2016-07-29,327.0,70,24.0,301.3,0,-1.3719262,0.3868978,286.67465,284.91873,288.77344,286.98102,282.02643,1.0,5.684342e-14,0.2005418,0.19212586,0.16088319,0.20510918
58.6943,-106.7878,58.028,-106.675,D,2016,07,29,2016-07-29,339.7,90,47.1,301.7,1,-1.3719262,0.3868978,286.67465,284.91873,288.77344,286.98102,282.02643,1.0,5.684342e-14,0.2005418,0.19212586,0.16088319,0.20510918
58.6866,-106.8127,58.028,-106.675,D,2016,07,29,2016-07-29,334.3,86,34.4,303.8,0,-1.3719262,0.3868978,286.67465,284.91873,288.77344,286.98102,282.02643,1.0,5.684342e-14,0.2005418,0.19212586,0.16088319,0.20510918
58.6844,-106.7914,58.028,-106.675,D,2016,07,29,2016-07-29,327.6,78,22.9,299.8,0,-1.3719262,0.3868978,286.67465,284.91873,288.77344,286.98102,282.02643,1.0,5.684342e-14,0.2005418,0.19212586,0.16088319,0.20510918
58.658,-106.8291,58.028,-106.675,D,2016,07,29,2016-07-29,338.3,0,42.3,301.5,0,-1.3719262,0.3868978,286.67465,284.91873,288.77344,286.98102,282.02643,1.0,5.684342e-14,0.2005418,0.19212586,0.16088319,0.20510918
58.6404,-106.8576,58.028,-106.675,D,2016,07,29,2016-07-29,328.3,0,24.7,301.6,0,-1.3719262,0.3868978,286.67465,284.91873,288.77344,286.98102,282.02643,1.0,5.684342e-14,0.2005418,0.19212586,0.16088319,0.20510918
58.6314,-106.972,58.028,-106.675,D,2016,07,29,2016-07-29,343.9,92,59.1,299.0,1,-1.3719262,0.3868978,286.67465,284.91873,288.77344,286.98102,282.02643,1.0,5.684342e-14,0.2005418,0.19212586,0.16088319,0.20510918
58.847,-107.4072,58.028,-106.675,D,2016,07,29,2016-07-29,331.1,31,30.2,299.1,0,-1.3719262,0.3868978,286.67465,284.91873,288.77344,286.98102,282.02643,1.0,5.684342e-14,0.2005418,0.19212586,0.16088319,0.20510918
58.8267,-107.4143,58.028,-106.675,D,2016,07,29,2016-07-29,324.4,54,23.6,298.6,0,-1.3719262,0.3868978,286.67465,284.91873,288.77344,286.98102,282.02643,1.0,5.684342e-14,0.2005418,0.19212586,0.16088319,0.20510918
58.8246,-107.3917,58.028,-106.675,D,2016,07,29,2016-07-29,371.6,0,169.6,304.9,0,-1.3719262,0.3868978,286.67465,284.91873,288.77344,286.98102,282.02643,1.0,5.684342e-14,0.2005418,0.19212586,0.16088319,0.20510918
58.747,-106.9019,58.028,-106.675,D,2016,07,29,2016-07-29,320.3,50,9.7,302.5,0,-1.3719262,0.3868978,286.67465,284.91873,288.77344,286.98102,282.02643,1.0,5.684342e-14,0.2005418,0.19212586,0.16088319,0.20510918
58.6964,-106.8091,58.028,-106.675,D,2016,07,29,2016-07-29,339.0,89,44.3,301.5,0,-1.3719262,0.3868978,286.67465,284.91873,288.77344,286.98102,282.02643,1.0,5.684342e-14,0.2005418,0.19212586,0.16088319,0.20510918
58.7218,-107.08,58.028,-106.675,D,2016,07,29,2016-07-29,317.4,0,101.2,294.3,0,-1.3719262,0.3868978,286.67465,284.91873,288.77344,286.98102,282.02643,1.0,5.684342e-14,0.2005418,0.19212586,0.16088319,0.20510918
58.646,-106.8656,58.028,-106.675,D,2016,07,29,2016-07-29,313.6,0,71.3,292.3,0,-1.3719262,0.3868978,286.67465,284.91873,288.77344,286.98102,282.02643,1.0,5.684342e-14,0.2005418,0.19212586,0.16088319,0.20510918
58.6458,-106.8663,58.028,-106.675,D,2016,07,29,2016-07-29,313.5,0,70.1,292.3,0,-1.3719262,0.3868978,286.67465,284.91873,288.77344,286.98102,282.02643,1.0,5.684342e-14,0.2005418,0.19212586,0.16088319,0.20510918
59.725,-106.8168,58.028,-106.675,D,2016,07,29,2016-07-29,312.0,0,71.8,287.3,0,-1.3719262,0.3868978,286.67465,284.91873,288.77344,286.98102,282.02643,1.0,5.684342e-14,0.2005418,0.19212586,0.16088319,0.20510918
59.7213,-106.8117,58.028,-106.675,D,2016,07,29,2016-07-29,312.7,0,77.7,289.1,0,-1.3719262,0.3868978,286.67465,284.91873,288.77344,286.98102,282.02643,1.0,5.684342e-14,0.2005418,0.19212586,0.16088319,0.20510918
58.8495,-107.5089,58.028,-106.675,D,2016,07,29,2016-07-29,327.1,73,124.0,291.8,0,-1.3719262,0.3868978,286.67465,284.91873,288.77344,286.98102,282.02643,1.0,5.684342e-14,0.2005418,0.19212586,0.16088319,0.20510918
58.6371,-106.8551,58.028,-106.675,D,2016,07,29,2016-07-29,326.7,79,122.3,295.4,0,-1.3719262,0.3868978,286.67465,284.91873,288.77344,286.98102,282.02643,1.0,5.684342e-14,0.2005418,0.19212586,0.16088319,0.20510918
58.721,-107.111,58.028,-106.675,D,2016,07,29,2016-07-29,350.3,79,351.6,294.8,0,-1.3719262,0.3868978,286.67465,284.91873,288.77344,286.98102,282.02643,1.0,5.684342e-14,0.2005418,0.19212586,0.16088319,0.20510918
58.6911,-107.0769,58.028,-106.675,D,2016,07,29,2016-07-29,333.3,65,169.5,299.5,0,-1.3719262,0.3868978,286.67465,284.91873,288.77344,286.98102,282.02643,1.0,5.684342e-14,0.2005418,0.19212586,0.16088319,0.20510918
58.8537,-107.5115,58.028,-106.675,D,2016,07,29,2016-07-29,319.2,57,74.6,288.9,0,-1.3719262,0.3868978,286.67465,284.91873,288.77344,286.98102,282.02643,1.0,5.684342e-14,0.2005418,0.19212586,0.16088319,0.20510918
58.6439,-106.8546,58.028,-106.675,D,2016,07,29,2016-07-29,328.4,74,135.5,296.0,0,-1.3719262,0.3868978,286.67465,284.91873,288.77344,286.98102,282.02643,1.0,5.684342e-14,0.2005418,0.19212586,0.16088319,0.20510918
58.6971,-107.0772,58.028,-106.675,D,2016,07,29,2016-07-29,348.1,63,318.5,298.5,0,-1.3719262,0.3868978,286.67465,284.91873,288.77344,286.98102,282.02643,1.0,5.684342e-14,0.2005418,0.19212586,0.16088319,0.20510918
63.6534,-116.5335,58.028,-106.675,D,2016,07,29,2016-07-29,311.7,52,9.2,293.8,0,-1.3719262,0.3868978,286.67465,284.91873,288.77344,286.98102,282.02643,1.0,5.684342e-14,0.2005418,0.19212586,0.16088319,0.20510918
63.5759,-116.6421,58.028,-106.675,D,2016,07,29,2016-07-29,311.7,0,10.1,294.1,0,-1.3719262,0.3868978,286.67465,284.91873,288.77344,286.98102,282.02643,1.0,5.684342e-14,0.2005418,0.19212586,0.16088319,0.20510918
59.8173,-106.8705,58.028,-106.675,D,2016,07,29,2016-07-29,315.0,0,58.7,289.1,0,-1.3719262,0.3868978,286.67465,284.91873,288.77344,286.98102,282.02643,1.0,5.684342e-14,0.2005418,0.19212586,0.16088319,0.20510918
61.1676,-120.7907,58.028,-106.675,D,2016,07,29,2016-07-29,319.9,72,14.5,298.1,0,-1.3719262,0.3868978,286.67465,284.91873,288.77344,286.98102,282.02643,1.0,5.684342e-14,0.2005418,0.19212586,0.16088319,0.20510918
61.1643,-120.7719,58.028,-106.675,D,2016,07,29,2016-07-29,322.4,74,16.4,299.6,0,-1.3719262,0.3868978,286.67465,284.91873,288.77344,286.98102,282.02643,1.0,5.684342e-14,0.2005418,0.19212586,0.16088319,0.20510918
58.6441,-106.8971,58.028,-106.675,D,2016,07,29,2016-07-29,325.8,40,11.1,307.2,0,-1.3719262,0.3868978,286.67465,284.91873,288.77344,286.98102,282.02643,1.0,5.684342e-14,0.2005418,0.19212586,0.16088319,0.20510918
58.6463,-106.8796,58.028,-106.675,D,2016,07,29,2016-07-29,386.0,94,175.9,310.3,1,-1.3719262,0.3868978,286.67465,284.91873,288.77344,286.98102,282.02643,1.0,5.684342e-14,0.2005418,0.19212586,0.16088319,0.20510918
58.6485,-106.862,58.028,-106.675,D,2016,07,29,2016-07-29,352.4,84,57.7,306.2,0,-1.3719262,0.3868978,286.67465,284.91873,288.77344,286.98102,282.02643,1.0,5.684342e-14,0.2005418,0.19212586,0.16088319,0.20510918
58.698,-107.1335,58.028,-106.675,D,2016,07,29,2016-07-29,350.6,0,56.3,305.8,0,-1.3719262,0.3868978,286.67465,284.91873,288.77344,286.98102,282.02643,1.0,5.684342e-14,0.2005418,0.19212586,0.16088319,0.20510918
58.7114,-107.1029,58.028,-106.675,D,2016,07,29,2016-07-29,382.3,71,158.3,301.6,0,-1.3719262,0.3868978,286.67465,284.91873,288.77344,286.98102,282.02643,1.0,5.684342e-14,0.2005418,0.19212586,0.16088319,0.20510918
58.718,-107.1246,58.028,-106.675,D,2016,07,29,2016-07-29,366.6,65,99.9,291.8,0,-1.3719262,0.3868978,286.67465,284.91873,288.77344,286.98102,282.02643,1.0,5.684342e-14,0.2005418,0.19212586,0.16088319,0.20510918
58.8354,-107.5082,58.028,-106.675,D,2016,07,29,2016-07-29,348.1,94,50.6,306.0,1,-1.3719262,0.3868978,286.67465,284.91873,288.77344,286.98102,282.02643,1.0,5.684342e-14,0.2005418,0.19212586,0.16088319,0.20510918
58.8465,-107.4952,58.028,-106.675,D,2016,07,29,2016-07-29,386.3,75,177.7,297.8,0,-1.3719262,0.3868978,286.67465,284.91873,288.77344,286.98102,282.02643,1.0,5.684342e-14,0.2005418,0.19212586,0.16088319,0.20510918
58.7024,-107.0986,58.028,-106.675,D,2016,07,29,2016-07-29,359.7,89,78.0,309.6,0,-1.3719262,0.3868978,286.67465,284.91873,288.77344,286.98102,282.02643,1.0,5.684342e-14,0.2005418,0.19212586,0.16088319,0.20510918
58.8443,-107.5126,58.028,-106.675,D,2016,07,29,2016-07-29,380.5,94,152.4,311.2,1,-1.3719262,0.3868978,286.67465,284.91873,288.77344,286.98102,282.02643,1.0,5.684342e-14,0.2005418,0.19212586,0.16088319,0.20510918
58.6933,-106.8083,58.028,-106.675,D,2016,07,29,2016-07-29,351.9,91,58.6,303.8,1,-1.3719262,0.3868978,286.67465,284.91873,288.77344,286.98102,282.02643,1.0,5.684342e-14,0.2005418,0.19212586,0.16088319,0.20510918
58.7002,-107.1161,58.028,-106.675,D,2016,07,29,2016-07-29,364.1,75,92.0,315.9,0,-1.3719262,0.3868978,286.67465,284.91873,288.77344,286.98102,282.02643,1.0,5.684342e-14,0.2005418,0.19212586,0.16088319,0.20510918
58.6955,-106.7907,58.028,-106.675,D,2016,07,29,2016-07-29,358.6,99,77.7,308.1,1,-1.3719262,0.3868978,286.67465,284.91873,288.77344,286.98102,282.02643,1.0,5.684342e-14,0.2005418,0.19212586,0.16088319,0.20510918
58.615,-107.1239,58.028,-106.675,D,2016,07,29,2016-07-29,330.1,74,19.3,305.9,0,-1.3719262,0.3868978,286.67465,284.91873,288.77344,286.98102,282.02643,1.0,5.684342e-14,0.2005418,0.19212586,0.16088319,0.20510918
59.7589,-106.9712,58.028,-106.675,D,2016,07,29,2016-07-29,335.0,70,28.1,301.3,0,-1.3719262,0.3868978,286.67465,284.91873,288.77344,286.98102,282.02643,1.0,5.684342e-14,0.2005418,0.19212586,0.16088319,0.20510918
63.3305,-116.1576,58.028,-106.675,D,2016,07,29,2016-07-29,310.1,0,6.0,295.5,0,-1.3719262,0.3868978,286.67465,284.91873,288.77344,286.98102,282.02643,1.0,5.684342e-14,0.2005418,0.19212586,0.16088319,0.20510918
63.4543,-115.9522,58.028,-106.675,D,2016,07,29,2016-07-29,311.7,0,8.0,293.8,0,-1.3719262,0.3868978,286.67465,284.91873,288.77344,286.98102,282.02643,1.0,5.684342e-14,0.2005418,0.19212586,0.16088319,0.20510918
63.6521,-116.5397,58.028,-106.675,D,2016,07,29,2016-07-29,310.9,27,7.6,294.6,0,-1.3719262,0.3868978,286.67465,284.91873,288.77344,286.98102,282.02643,1.0,5.684342e-14,0.2005418,0.19212586,0.16088319,0.20510918
63.6485,-116.5598,58.028,-106.675,D,2016,07,29,2016-07-29,313.0,0,9.3,294.3,0,-1.3719262,0.3868978,286.67465,284.91873,288.77344,286.98102,282.02643,1.0,5.684342e-14,0.2005418,0.19212586,0.16088319,0.20510918
60.1746,-123.8855,58.028,-106.675,D,2016,07,29,2016-07-29,306.8,64,16.4,292.9,0,-1.3719262,0.3868978,286.67465,284.91873,288.77344,286.98102,282.02643,1.0,5.684342e-14,0.2005418,0.19212586,0.16088319,0.20510918
60.1725,-123.9189,58.028,-106.675,D,2016,07,29,2016-07-29,309.9,55,23.4,291.6,0,-1.3719262,0.3868978,286.67465,284.91873,288.77344,286.98102,282.02643,1.0,5.684342e-14,0.2005418,0.19212586,0.16088319,0.20510918
60.1783,-123.8911,58.028,-106.675,D,2016,07,29,2016-07-29,308.7,33,17.8,293.1,0,-1.3719262,0.3868978,286.67465,284.91873,288.77344,286.98102,282.02643,1.0,5.684342e-14,0.2005418,0.19212586,0.16088319,0.20510918
59.8303,-106.8932,59.63,-106.611,N,2016,07,30,2016-07-30,325.5,100,79.5,285.5,1,-1.7937009,2.2875757,294.84485,294.09702,290.642,286.88852,281.9832,1.0,0.0,0.1596996,0.17129809,0.18229496,0.2238985
59.847,-106.8278,59.63,-106.611,N,2016,07,30,2016-07-30,311.7,56,37.8,284.8,0,-1.7937009,2.2875757,294.84485,294.09702,290.642,286.88852,281.9832,1.0,0.0,0.1596996,0.17129809,0.18229496,0.2238985
59.8585,-106.8401,59.63,-106.611,N,2016,07,30,2016-07-30,315.0,34,41.4,282.1,0,-1.7937009,2.2875757,294.84485,294.09702,290.642,286.88852,281.9832,1.0,0.0,0.1596996,0.17129809,0.18229496,0.2238985
59.8491,-106.875,59.63,-106.611,N,2016,07,30,2016-07-30,329.5,99,88.0,285.3,1,-1.7937009,2.2875757,294.84485,294.09702,290.642,286.88852,281.9832,1.0,0.0,0.1596996,0.17129809,0.18229496,0.2238985
59.6959,-106.7751,59.63,-106.611,N,2016,07,30,2016-07-30,301.2,39,7.6,284.3,0,-1.7937009,2.2875757,294.84485,294.09702,290.642,286.88852,281.9832,1.0,0.0,0.1596996,0.17129809,0.18229496,0.2238985
59.8563,-106.9677,59.63,-106.611,N,2016,07,30,2016-07-30,308.2,56,10.7,286.3,0,-1.7937009,2.2875757,294.84485,294.09702,290.642,286.88852,281.9832,1.0,0.0,0.1596996,0.17129809,0.18229496,0.2238985
59.7182,-106.6781,59.63,-106.611,N,2016,07,30,2016-07-30,301.9,45,7.2,286.4,0,-1.7937009,2.2875757,294.84485,294.09702,290.642,286.88852,281.9832,1.0,0.0,0.1596996,0.17129809,0.18229496,0.2238985
58.9356,-131.98,58.964,-124.044,N,2016,08,02,2016-08-02,308.9,76,17.0,286.9,0,-0.27435446,-0.6666869,295.79855,291.43198,287.68842,286.1872,282.04556,2.0,2.318597e-05,0.30832127,0.27941996,0.31185058,0.32078022
61.1637,-120.807,60.582,-113.524,N,2016,08,03,2016-08-03,322.1,100,35.9,287.9,1,-1.2432818,-0.23609304,295.8374,293.67065,289.9212,287.73172,282.61777,4.0,4.899901e-06,0.3284707,0.3270791,0.3242393,0.35084838
64.3492,-117.99,60.582,-113.524,N,2016,08,03,2016-08-03,315.1,48,16.0,285.2,0,-1.2432818,-0.23609304,295.8374,293.67065,289.9212,287.73172,282.61777,4.0,4.899901e-06,0.3284707,0.3270791,0.3242393,0.35084838
63.548,-116.6521,60.582,-113.524,N,2016,08,03,2016-08-03,315.4,91,16.2,289.8,1,-1.2432818,-0.23609304,295.8374,293.67065,289.9212,287.73172,282.61777,4.0,4.899901e-06,0.3284707,0.3270791,0.3242393,0.35084838
63.5447,-116.6716,60.582,-113.524,N,2016,08,03,2016-08-03,323.8,100,24.9,290.5,1,-1.2432818,-0.23609304,295.8374,293.67065,289.9212,287.73172,282.61777,4.0,4.899901e-06,0.3284707,0.3270791,0.3242393,0.35084838
63.5533,-116.6788,60.582,-113.524,N,2016,08,03,2016-08-03,323.3,100,23.9,290.2,1,-1.2432818,-0.23609304,295.8374,293.67065,289.9212,287.73172,282.61777,4.0,4.899901e-06,0.3284707,0.3270791,0.3242393,0.35084838
63.5651,-116.6666,60.582,-113.524,N,2016,08,03,2016-08-03,330.2,100,32.3,290.6,1,-1.2432818,-0.23609304,295.8374,293.67065,289.9212,287.73172,282.61777,4.0,4.899901e-06,0.3284707,0.3270791,0.3242393,0.35084838
63.6349,-116.6588,60.582,-113.524,N,2016,08,03,2016-08-03,308.1,60,10.0,287.2,0,-1.2432818,-0.23609304,295.8374,293.67065,289.9212,287.73172,282.61777,4.0,4.899901e-06,0.3284707,0.3270791,0.3242393,0.35084838
63.6447,-116.6512,60.582,-113.524,N,2016,08,03,2016-08-03,301.4,41,6.7,286.5,0,-1.2432818,-0.23609304,295.8374,293.67065,289.9212,287.73172,282.61777,4.0,4.899901e-06,0.3284707,0.3270791,0.3242393,0.35084838
64.3527,-117.9699,60.582,-113.524,N,2016,08,03,2016-08-03,316.4,52,17.2,286.9,0,-1.2432818,-0.23609304,295.8374,293.67065,289.9212,287.73172,282.61777,4.0,4.899901e-06,0.3284707,0.3270791,0.3242393,0.35084838
64.3578,-117.998,60.582,-113.524,N,2016,08,03,2016-08-03,301.0,29,7.2,282.0,0,-1.2432818,-0.23609304,295.8374,293.67065,289.9212,287.73172,282.61777,4.0,4.899901e-06,0.3284707,0.3270791,0.3242393,0.35084838
64.3515,-117.9673,60.582,-113.524,N,2016,08,03,2016-08-03,308.7,75,12.1,283.1,0,-1.2432818,-0.23609304,295.8374,293.67065,289.9212,287.73172,282.61777,4.0,4.899901e-06,0.3284707,0.3270791,0.3242393,0.35084838
61.1648,-120.8009,60.582,-113.524,N,2016,08,03,2016-08-03,304.8,62,10.2,280.5,0,-1.2432818,-0.23609304,295.8374,293.67065,289.9212,287.73172,282.61777,4.0,4.899901e-06,0.3284707,0.3270791,0.3242393,0.35084838
64.3286,-117.9378,60.565,-117.546,N,2016,08,04,2016-08-04,301.4,17,17.4,286.4,0,-1.8939445,-0.32210064,295.49887,293.4859,289.26718,286.75848,281.01236,5.0,8.588833e-08,0.3969288,0.44878227,0.44664443,0.46857244
64.3366,-117.9569,60.565,-117.546,N,2016,08,04,2016-08-04,305.8,23,24.2,287.3,0,-1.8939445,-0.32210064,295.49887,293.4859,289.26718,286.75848,281.01236,5.0,8.588833e-08,0.3969288,0.44878227,0.44664443,0.46857244
64.3475,-117.9742,60.565,-117.546,N,2016,08,04,2016-08-04,307.2,47,27.7,287.5,0,-1.8939445,-0.32210064,295.49887,293.4859,289.26718,286.75848,281.01236,5.0,8.588833e-08,0.3969288,0.44878227,0.44664443,0.46857244
64.3611,-117.9774,61.984,-116.572,D,2016,08,04,2016-08-04,352.6,97,76.6,296.9,1,1.0894,-0.6367082,286.53558,284.3902,289.78705,288.32715,283.20944,2.0,0.0,0.25975242,0.25725934,0.20997487,0.25953895
64.3636,-118.0009,61.984,-116.572,D,2016,08,04,2016-08-04,339.7,91,47.0,293.6,1,1.0894,-0.6367082,286.53558,284.3902,289.78705,288.32715,283.20944,2.0,0.0,0.25975242,0.25725934,0.20997487,0.25953895
64.3577,-118.0002,61.984,-116.572,D,2016,08,04,2016-08-04,341.9,93,107.0,292.7,1,1.0894,-0.6367082,286.53558,284.3902,289.78705,288.32715,283.20944,2.0,0.0,0.25975242,0.25725934,0.20997487,0.25953895
64.3229,-117.943,61.984,-116.572,D,2016,08,04,2016-08-04,308.0,22,12.4,294.7,0,1.0894,-0.6367082,286.53558,284.3902,289.78705,288.32715,283.20944,2.0,0.0,0.25975242,0.25725934,0.20997487,0.25953895
64.3268,-117.9567,61.984,-116.572,D,2016,08,04,2016-08-04,312.6,15,17.8,295.7,0,1.0894,-0.6367082,286.53558,284.3902,289.78705,288.32715,283.20944,2.0,0.0,0.25975242,0.25725934,0.20997487,0.25953895
64.3374,-117.9848,61.984,-116.572,D,2016,08,04,2016-08-04,313.7,16,33.6,292.0,0,1.0894,-0.6367082,286.53558,284.3902,289.78705,288.32715,283.20944,2.0,0.0,0.25975242,0.25725934,0.20997487,0.25953895
64.3626,-118.0091,61.984,-116.572,D,2016,08,04,2016-08-04,327.3,80,87.6,291.2,0,1.0894,-0.6367082,286.53558,284.3902,289.78705,288.32715,283.20944,2.0,0.0,0.25975242,0.25725934,0.20997487,0.25953895
64.3487,-117.9654,61.984,-116.572,D,2016,08,04,2016-08-04,324.3,77,75.1,293.0,0,1.0894,-0.6367082,286.53558,284.3902,289.78705,288.32715,283.20944,2.0,0.0,0.25975242,0.25725934,0.20997487,0.25953895
64.3667,-117.9974,61.984,-116.572,D,2016,08,04,2016-08-04,327.4,68,84.9,291.4,0,1.0894,-0.6367082,286.53558,284.3902,289.78705,288.32715,283.20944,2.0,0.0,0.25975242,0.25725934,0.20997487,0.25953895
64.3527,-117.9541,61.984,-116.572,D,2016,08,04,2016-08-04,320.1,35,53.4,293.8,0,1.0894,-0.6367082,286.53558,284.3902,289.78705,288.32715,283.20944,2.0,0.0,0.25975242,0.25725934,0.20997487,0.25953895
63.562,-116.6916,61.984,-116.572,D,2016,08,04,2016-08-04,314.7,0,18.4,292.6,0,1.0894,-0.6367082,286.53558,284.3902,289.78705,288.32715,283.20944,2.0,0.0,0.25975242,0.25725934,0.20997487,0.25953895
63.6401,-116.6859,61.984,-116.572,D,2016,08,04,2016-08-04,329.6,0,52.1,292.9,0,1.0894,-0.6367082,286.53558,284.3902,289.78705,288.32715,283.20944,2.0,0.0,0.25975242,0.25725934,0.20997487,0.25953895
63.6679,-118.0978,61.984,-116.572,D,2016,08,04,2016-08-04,332.7,76,50.0,298.5,0,1.0894,-0.6367082,286.53558,284.3902,289.78705,288.32715,283.20944,2.0,0.0,0.25975242,0.25725934,0.20997487,0.25953895
63.6655,-118.1293,61.984,-116.572,D,2016,08,04,2016-08-04,320.7,60,23.2,297.3,0,1.0894,-0.6367082,286.53558,284.3902,289.78705,288.32715,283.20944,2.0,0.0,0.25975242,0.25725934,0.20997487,0.25953895
64.3578,-117.9782,61.984,-116.572,D,2016,08,04,2016-08-04,370.8,94,227.4,297.2,1,1.0894,-0.6367082,286.53558,284.3902,289.78705,288.32715,283.20944,2.0,0.0,0.25975242,0.25725934,0.20997487,0.25953895
64.3555,-118.0119,61.984,-116.572,D,2016,08,04,2016-08-04,352.5,97,125.2,296.9,1,1.0894,-0.6367082,286.53558,284.3902,289.78705,288.32715,283.20944,2.0,0.0,0.25975242,0.25725934,0.20997487,0.25953895
63.6001,-116.7943,63.041,-116.883,N,2016,08,05,2016-08-05,300.5,10,28.5,285.3,0,0.47014916,-4.255276,286.73438,290.39297,290.56992,287.34998,279.90756,6.0,0.00013317534,0.45176053,0.44344658,0.47678322,0.52442485
59.8144,-129.3622,59.881,-125.027,D,2016,08,05,2016-08-05,376.9,100,145.0,301.1,1,0.5959749,-0.1439072,284.10062,283.73975,286.6198,285.94318,282.3463,1.0,0.0,0.26265326,0.25429344,0.2554278,0.25054204
59.8121,-129.3439,59.881,-125.027,D,2016,08,05,2016-08-05,410.6,100,340.1,312.0,1,0.5959749,-0.1439072,284.10062,283.73975,286.6198,285.94318,282.3463,1.0,0.0,0.26265326,0.25429344,0.2554278,0.25054204
59.8054,-129.3667,59.881,-125.027,D,2016,08,05,2016-08-05,322.6,39,15.7,300.8,0,0.5959749,-0.1439072,284.10062,283.73975,286.6198,285.94318,282.3463,1.0,0.0,0.26265326,0.25429344,0.2554278,0.25054204
59.8013,-129.3689,59.881,-125.027,D,2016,08,05,2016-08-05,359.7,99,428.4,296.6,1,0.5959749,-0.1439072,284.10062,283.73975,286.6198,285.94318,282.3463,1.0,0.0,0.26265326,0.25429344,0.2554278,0.25054204
59.8175,-129.3191,59.881,-125.027,D,2016,08,05,2016-08-05,323.4,82,97.0,293.6,0,0.5959749,-0.1439072,284.10062,283.73975,286.6198,285.94318,282.3463,1.0,0.0,0.26265326,0.25429344,0.2554278,0.25054204
59.8026,-129.3672,59.881,-125.027,D,2016,08,05,2016-08-05,363.4,100,482.0,296.3,1,0.5959749,-0.1439072,284.10062,283.73975,286.6198,285.94318,282.3463,1.0,0.0,0.26265326,0.25429344,0.2554278,0.25054204
59.8164,-129.3212,59.881,-125.027,D,2016,08,05,2016-08-05,331.8,88,146.8,293.6,0,0.5959749,-0.1439072,284.10062,283.73975,286.6198,285.94318,282.3463,1.0,0.0,0.26265326,0.25429344,0.2554278,0.25054204
59.8016,-129.3421,59.881,-125.027,D,2016,08,05,2016-08-05,360.2,100,687.7,292.8,1,0.5959749,-0.1439072,284.10062,283.73975,286.6198,285.94318,282.3463,1.0,0.0,0.26265326,0.25429344,0.2554278,0.25054204
59.8241,-129.405,59.881,-125.027,D,2016,08,05,2016-08-05,319.6,79,132.8,283.5,0,0.5959749,-0.1439072,284.10062,283.73975,286.6198,285.94318,282.3463,1.0,0.0,0.26265326,0.25429344,0.2554278,0.25054204
59.8258,-129.394,59.881,-125.027,D,2016,08,05,2016-08-05,328.1,85,202.7,284.7,0,0.5959749,-0.1439072,284.10062,283.73975,286.6198,285.94318,282.3463,1.0,0.0,0.26265326,0.25429344,0.2554278,0.25054204
59.8033,-129.3319,59.881,-125.027,D,2016,08,05,2016-08-05,358.5,99,649.5,292.5,1,0.5959749,-0.1439072,284.10062,283.73975,286.6198,285.94318,282.3463,1.0,0.0,0.26265326,0.25429344,0.2554278,0.25054204
59.7804,-129.2688,59.881,-125.027,D,2016,08,05,2016-08-05,308.7,42,60.3,288.6,0,0.5959749,-0.1439072,284.10062,283.73975,286.6198,285.94318,282.3463,1.0,0.0,0.26265326,0.25429344,0.2554278,0.25054204
59.8045,-129.3502,59.881,-125.027,D,2016,08,05,2016-08-05,408.2,100,457.2,301.5,1,0.5959749,-0.1439072,284.10062,283.73975,286.6198,285.94318,282.3463,1.0,0.0,0.26265326,0.25429344,0.2554278,0.25054204
59.8067,-129.3269,59.881,-125.027,D,2016,08,05,2016-08-05,325.3,70,25.6,288.4,0,0.5959749,-0.1439072,284.10062,283.73975,286.6198,285.94318,282.3463,1.0,0.0,0.26265326,0.25429344,0.2554278,0.25054204
59.8024,-129.3739,59.881,-125.027,D,2016,08,05,2016-08-05,352.2,97,94.7,294.5,1,0.5959749,-0.1439072,284.10062,283.73975,286.6198,285.94318,282.3463,1.0,0.0,0.26265326,0.25429344,0.2554278,0.25054204
59.8147,-129.3541,59.881,-125.027,D,2016,08,05,2016-08-05,385.6,94,264.9,294.0,1,0.5959749,-0.1439072,284.10062,283.73975,286.6198,285.94318,282.3463,1.0,0.0,0.26265326,0.25429344,0.2554278,0.25054204
59.8125,-129.3775,59.881,-125.027,D,2016,08,05,2016-08-05,347.1,95,79.9,291.3,1,0.5959749,-0.1439072,284.10062,283.73975,286.6198,285.94318,282.3463,1.0,0.0,0.26265326,0.25429344,0.2554278,0.25054204
59.1321,-111.9293,55.72,-100.525,N,2016,08,06,2016-08-06,313.0,86,74.6,287.8,0,2.7309308,-1.459528,295.7041,293.7548,288.2889,286.5169,279.39658,6.0,0.0,0.6276865,0.6422285,0.5758498,0.60886955
57.0056,-117.3117,55.72,-100.525,N,2016,08,06,2016-08-06,300.3,24,6.0,279.9,0,2.7309308,-1.459528,295.7041,293.7548,288.2889,286.5169,279.39658,6.0,0.0,0.6276865,0.6422285,0.5758498,0.60886955
58.1692,-115.7226,55.72,-100.525,N,2016,08,06,2016-08-06,304.0,58,8.5,284.5,0,2.7309308,-1.459528,295.7041,293.7548,288.2889,286.5169,279.39658,6.0,0.0,0.6276865,0.6422285,0.5758498,0.60886955
58.1782,-115.7267,55.72,-100.525,N,2016,08,06,2016-08-06,300.3,24,6.3,283.8,0,2.7309308,-1.459528,295.7041,293.7548,288.2889,286.5169,279.39658,6.0,0.0,0.6276865,0.6422285,0.5758498,0.60886955
59.1227,-111.942,55.72,-100.525,N,2016,08,06,2016-08-06,338.0,100,66.2,289.1,1,2.7309308,-1.459528,295.7041,293.7548,288.2889,286.5169,279.39658,6.0,0.0,0.6276865,0.6422285,0.5758498,0.60886955
59.1205,-111.9653,55.72,-100.525,N,2016,08,06,2016-08-06,310.0,79,17.7,285.9,0,2.7309308,-1.459528,295.7041,293.7548,288.2889,286.5169,279.39658,6.0,0.0,0.6276865,0.6422285,0.5758498,0.60886955
59.1329,-111.9457,55.72,-100.525,N,2016,08,06,2016-08-06,326.9,100,42.1,289.7,1,2.7309308,-1.459528,295.7041,293.7548,288.2889,286.5169,279.39658,6.0,0.0,0.6276865,0.6422285,0.5758498,0.60886955
59.1308,-111.9691,55.72,-100.525,N,2016,08,06,2016-08-06,320.2,100,30.6,286.0,1,2.7309308,-1.459528,295.7041,293.7548,288.2889,286.5169,279.39658,6.0,0.0,0.6276865,0.6422285,0.5758498,0.60886955
59.8161,-129.3503,55.72,-100.525,N,2016,08,06,2016-08-06,308.4,31,24.1,282.7,0,2.7309308,-1.459528,295.7041,293.7548,288.2889,286.5169,279.39658,6.0,0.0,0.6276865,0.6422285,0.5758498,0.60886955
59.1204,-111.9253,55.72,-100.525,N,2016,08,06,2016-08-06,306.8,69,15.2,283.3,0,2.7309308,-1.459528,295.7041,293.7548,288.2889,286.5169,279.39658,6.0,0.0,0.6276865,0.6422285,0.5758498,0.60886955
59.1226,-111.9482,55.72,-100.525,N,2016,08,06,2016-08-06,307.8,72,16.1,283.2,0,2.7309308,-1.459528,295.7041,293.7548,288.2889,286.5169,279.39658,6.0,0.0,0.6276865,0.6422285,0.5758498,0.60886955
59.1327,-111.9445,55.72,-100.525,N,2016,08,06,2016-08-06,331.6,100,50.5,287.0,1,2.7309308,-1.459528,295.7041,293.7548,288.2889,286.5169,279.39658,6.0,0.0,0.6276865,0.6422285,0.5758498,0.60886955
59.1136,-111.9169,55.72,-100.525,N,2016,08,06,2016-08-06,303.6,56,50.3,283.4,0,2.7309308,-1.459528,295.7041,293.7548,288.2889,286.5169,279.39658,6.0,0.0,0.6276865,0.6422285,0.5758498,0.60886955
59.8061,-129.339,59.235,-115.082,D,2016,08,06,2016-08-06,314.1,74,18.2,283.9,0,-1.144741,-3.3194897,282.66605,283.14825,285.95486,283.24915,276.39966,6.0,1.8085833e-05,0.6680674,0.68024236,0.6784642,0.65879864
59.8043,-129.3341,59.235,-115.082,D,2016,08,06,2016-08-06,326.4,84,33.6,288.3,0,-1.144741,-3.3194897,282.66605,283.14825,285.95486,283.24915,276.39966,6.0,1.8085833e-05,0.6680674,0.68024236,0.6784642,0.65879864
59.1259,-111.9782,58.57,-111.773,N,2016,08,07,2016-08-07,327.0,100,43.7,283.7,1,-0.5596266,-0.0051603913,294.40823,294.97635,292.72003,291.86768,288.83484,0.0,0.0,0.1159606,0.121572554,0.094953895,0.13139462
59.1208,-111.9492,58.57,-111.773,N,2016,08,07,2016-08-07,320.9,100,33.8,285.0,1,-0.5596266,-0.0051603913,294.40823,294.97635,292.72003,291.86768,288.83484,0.0,0.0,0.1159606,0.121572554,0.094953895,0.13139462
59.1304,-111.9566,58.57,-111.773,N,2016,08,07,2016-08-07,343.2,100,80.2,285.9,1,-0.5596266,-0.0051603913,294.40823,294.97635,292.72003,291.86768,288.83484,0.0,0.0,0.1159606,0.121572554,0.094953895,0.13139462
59.1296,-111.9748,58.57,-111.773,N,2016,08,07,2016-08-07,302.9,52,60.8,279.6,0,-0.5596266,-0.0051603913,294.40823,294.97635,292.72003,291.86768,288.83484,0.0,0.0,0.1159606,0.121572554,0.094953895,0.13139462
59.1351,-111.9432,58.57,-111.773,N,2016,08,07,2016-08-07,300.4,28,9.9,277.5,0,-0.5596266,-0.0051603913,294.40823,294.97635,292.72003,291.86768,288.83484,0.0,0.0,0.1159606,0.121572554,0.094953895,0.13139462
59.1261,-111.9494,58.57,-111.773,N,2016,08,07,2016-08-07,324.1,100,29.9,282.7,1,-0.5596266,-0.0051603913,294.40823,294.97635,292.72003,291.86768,288.83484,0.0,0.0,0.1159606,0.121572554,0.094953895,0.13139462
59.1295,-111.968,58.57,-111.773,N,2016,08,07,2016-08-07,315.7,92,20.4,279.9,1,-0.5596266,-0.0051603913,294.40823,294.97635,292.72003,291.86768,288.83484,0.0,0.0,0.1159606,0.121572554,0.094953895,0.13139462
59.1385,-111.9617,58.57,-111.773,N,2016,08,07,2016-08-07,302.8,51,11.3,276.3,0,-0.5596266,-0.0051603913,294.40823,294.97635,292.72003,291.86768,288.83484,0.0,0.0,0.1159606,0.121572554,0.094953895,0.13139462
59.1216,-111.9367,56.45,-107.488,D,2016,08,07,2016-08-07,310.6,19,25.2,290.1,0,-2.7771988,-0.6266051,283.0402,282.90225,288.1359,287.00235,282.3866,1.0,0.0,0.22148676,0.23650703,0.21913095,0.2000287
59.1356,-111.9525,56.45,-107.488,D,2016,08,07,2016-08-07,312.5,68,22.8,291.8,0,-2.7771988,-0.6266051,283.0402,282.90225,288.1359,287.00235,282.3866,1.0,0.0,0.22148676,0.23650703,0.21913095,0.2000287
59.1225,-111.9718,56.45,-107.488,D,2016,08,07,2016-08-07,329.0,58,62.1,290.9,0,-2.7771988,-0.6266051,283.0402,282.90225,288.1359,287.00235,282.3866,1.0,0.0,0.22148676,0.23650703,0.21913095,0.2000287
59.1245,-111.963,56.45,-107.488,D,2016,08,07,2016-08-07,335.5,77,89.4,292.1,0,-2.7771988,-0.6266051,283.0402,282.90225,288.1359,287.00235,282.3866,1.0,0.0,0.22148676,0.23650703,0.21913095,0.2000287
59.1336,-111.9614,56.45,-107.488,D,2016,08,07,2016-08-07,322.3,76,44.5,292.4,0,-2.7771988,-0.6266051,283.0402,282.90225,288.1359,287.00235,282.3866,1.0,0.0,0.22148676,0.23650703,0.21913095,0.2000287
60.0243,-119.4555,56.45,-107.488,D,2016,08,07,2016-08-07,322.8,80,18.8,294.9,0,-2.7771988,-0.6266051,283.0402,282.90225,288.1359,287.00235,282.3866,1.0,0.0,0.22148676,0.23650703,0.21913095,0.2000287
59.805,-129.3464,56.45,-107.488,D,2016,08,07,2016-08-07,317.3,35,12.9,303.2,0,-2.7771988,-0.6266051,283.0402,282.90225,288.1359,287.00235,282.3866,1.0,0.0,0.22148676,0.23650703,0.21913095,0.2000287
59.1224,-111.9484,56.45,-107.488,D,2016,08,07,2016-08-07,315.4,55,10.4,296.9,0,-2.7771988,-0.6266051,283.0402,282.90225,288.1359,287.00235,282.3866,1.0,0.0,0.22148676,0.23650703,0.21913095,0.2000287
59.1314,-111.9545,56.45,-107.488,D,2016,08,07,2016-08-07,327.4,84,24.2,293.6,0,-2.7771988,-0.6266051,283.0402,282.90225,288.1359,287.00235,282.3866,1.0,0.0,0.22148676,0.23650703,0.21913095,0.2000287
59.1281,-111.9728,56.45,-107.488,D,2016,08,07,2016-08-07,354.0,97,77.6,296.5,1,-2.7771988,-0.6266051,283.0402,282.90225,288.1359,287.00235,282.3866,1.0,0.0,0.22148676,0.23650703,0.21913095,0.2000287
59.8092,-129.354,56.45,-107.488,D,2016,08,07,2016-08-07,309.6,26,36.8,292.7,0,-2.7771988,-0.6266051,283.0402,282.90225,288.1359,287.00235,282.3866,1.0,0.0,0.22148676,0.23650703,0.21913095,0.2000287
59.1271,-111.9612,56.45,-107.488,D,2016,08,07,2016-08-07,336.7,64,340.6,287.7,0,-2.7771988,-0.6266051,283.0402,282.90225,288.1359,287.00235,282.3866,1.0,0.0,0.22148676,0.23650703,0.21913095,0.2000287
59.128,-112.0456,56.45,-107.488,D,2016,08,07,2016-08-07,321.6,66,161.1,288.1,0,-2.7771988,-0.6266051,283.0402,282.90225,288.1359,287.00235,282.3866,1.0,0.0,0.22148676,0.23650703,0.21913095,0.2000287
59.1231,-111.9644,56.45,-107.488,D,2016,08,07,2016-08-07,338.2,79,374.9,287.7,0,-2.7771988,-0.6266051,283.0402,282.90225,288.1359,287.00235,282.3866,1.0,0.0,0.22148676,0.23650703,0.21913095,0.2000287
59.1243,-112.0487,56.45,-107.488,D,2016,08,07,2016-08-07,318.6,67,141.9,288.4,0,-2.7771988,-0.6266051,283.0402,282.90225,288.1359,287.00235,282.3866,1.0,0.0,0.22148676,0.23650703,0.21913095,0.2000287
59.8118,-129.3425,56.45,-107.488,D,2016,08,07,2016-08-07,331.0,71,24.1,305.1,0,-2.7771988,-0.6266051,283.0402,282.90225,288.1359,287.00235,282.3866,1.0,0.0,0.22148676,0.23650703,0.21913095,0.2000287
59.8073,-129.3809,56.45,-107.488,D,2016,08,07,2016-08-07,324.7,37,17.4,301.1,0,-2.7771988,-0.6266051,283.0402,282.90225,288.1359,287.00235,282.3866,1.0,0.0,0.22148676,0.23650703,0.21913095,0.2000287
59.8012,-129.373,59.469,-114.404,N,2016,08,08,2016-08-08,316.5,93,47.2,287.0,1,-2.0592024,0.14735019,291.11957,290.68872,286.76395,284.8816,278.8414,6.0,0.00026728646,0.5769739,0.57089615,0.5796581,0.58189046
59.81,-129.3393,59.469,-114.404,N,2016,08,08,2016-08-08,301.9,44,17.1,286.0,0,-2.0592024,0.14735019,291.11957,290.68872,286.76395,284.8816,278.8414,6.0,0.00026728646,0.5769739,0.57089615,0.5796581,0.58189046
65.3201,-119.5883,59.469,-114.404,N,2016,08,08,2016-08-08,307.4,71,11.1,283.8,0,-2.0592024,0.14735019,291.11957,290.68872,286.76395,284.8816,278.8414,6.0,0.00026728646,0.5769739,0.57089615,0.5796581,0.58189046
63.4333,-115.8808,51.583,-92.618,D,2016,08,08,2016-08-08,306.2,0,8.1,292.7,0,0.91805303,3.296152,288.71222,287.4586,289.00607,288.6733,284.22946,1.0,0.0,0.23996681,0.24645996,0.17271568,0.23018976
63.2578,-115.9651,51.583,-92.618,D,2016,08,08,2016-08-08,306.1,0,7.4,295.4,0,0.91805303,3.296152,288.71222,287.4586,289.00607,288.6733,284.22946,1.0,0.0,0.23996681,0.24645996,0.17271568,0.23018976
63.2602,-115.9943,51.583,-92.618,D,2016,08,08,2016-08-08,305.3,0,7.2,294.1,0,0.91805303,3.296152,288.71222,287.4586,289.00607,288.6733,284.22946,1.0,0.0,0.23996681,0.24645996,0.17271568,0.23018976
56.7605,-121.1762,51.583,-92.618,D,2016,08,08,2016-08-08,310.2,70,18.5,292.8,0,0.91805303,3.296152,288.71222,287.4586,289.00607,288.6733,284.22946,1.0,0.0,0.23996681,0.24645996,0.17271568,0.23018976
56.7659,-121.1692,51.583,-92.618,D,2016,08,08,2016-08-08,306.5,64,12.0,292.2,0,0.91805303,3.296152,288.71222,287.4586,289.00607,288.6733,284.22946,1.0,0.0,0.23996681,0.24645996,0.17271568,0.23018976
53.465,-111.191,51.583,-92.618,D,2016,08,08,2016-08-08,308.9,68,9.4,281.7,0,0.91805303,3.296152,288.71222,287.4586,289.00607,288.6733,284.22946,1.0,0.0,0.23996681,0.24645996,0.17271568,0.23018976
65.3131,-119.5837,51.583,-92.618,D,2016,08,08,2016-08-08,311.7,0,41.5,289.8,0,0.91805303,3.296152,288.71222,287.4586,289.00607,288.6733,284.22946,1.0,0.0,0.23996681,0.24645996,0.17271568,0.23018976
63.5831,-116.7348,51.583,-92.618,D,2016,08,08,2016-08-08,318.3,54,36.9,294.7,0,0.91805303,3.296152,288.71222,287.4586,289.00607,288.6733,284.22946,1.0,0.0,0.23996681,0.24645996,0.17271568,0.23018976
65.3057,-119.5021,51.583,-92.618,D,2016,08,08,2016-08-08,314.9,55,16.1,297.1,0,0.91805303,3.296152,288.71222,287.4586,289.00607,288.6733,284.22946,1.0,0.0,0.23996681,0.24645996,0.17271568,0.23018976
65.2797,-119.393,51.583,-92.618,D,2016,08,08,2016-08-08,307.9,54,9.3,295.3,0,0.91805303,3.296152,288.71222,287.4586,289.00607,288.6733,284.22946,1.0,0.0,0.23996681,0.24645996,0.17271568,0.23018976
65.2703,-119.4056,51.583,-92.618,D,2016,08,08,2016-08-08,307.7,47,8.9,294.8,0,0.91805303,3.296152,288.71222,287.4586,289.00607,288.6733,284.22946,1.0,0.0,0.23996681,0.24645996,0.17271568,0.23018976
65.3034,-119.5122,51.583,-92.618,D,2016,08,08,2016-08-08,317.0,54,16.8,298.1,0,0.91805303,3.296152,288.71222,287.4586,289.00607,288.6733,284.22946,1.0,0.0,0.23996681,0.24645996,0.17271568,0.23018976
65.2777,-119.4026,51.583,-92.618,D,2016,08,08,2016-08-08,313.1,69,15.5,296.7,0,0.91805303,3.296152,288.71222,287.4586,289.00607,288.6733,284.22946,1.0,0.0,0.23996681,0.24645996,0.17271568,0.23018976
63.4242,-115.898,51.583,-92.618,D,2016,08,08,2016-08-08,304.4,0,11.4,294.0,0,0.91805303,3.296152,288.71222,287.4586,289.00607,288.6733,284.22946,1.0,0.0,0.23996681,0.24645996,0.17271568,0.23018976
56.7591,-121.1753,51.583,-92.618,D,2016,08,08,2016-08-08,312.4,72,9.5,294.0,0,0.91805303,3.296152,288.71222,287.4586,289.00607,288.6733,284.22946,1.0,0.0,0.23996681,0.24645996,0.17271568,0.23018976
57.2101,-117.5143,51.583,-92.618,D,2016,08,08,2016-08-08,313.2,51,8.4,290.0,0,0.91805303,3.296152,288.71222,287.4586,289.00607,288.6733,284.22946,1.0,0.0,0.23996681,0.24645996,0.17271568,0.23018976
56.7559,-121.1928,51.583,-92.618,D,2016,08,08,2016-08-08,312.7,73,9.8,296.0,0,0.91805303,3.296152,288.71222,287.4586,289.00607,288.6733,284.22946,1.0,0.0,0.23996681,0.24645996,0.17271568,0.23018976
57.7557,-117.756,51.583,-92.618,D,2016,08,08,2016-08-08,304.6,52,3.4,291.3,0,0.91805303,3.296152,288.71222,287.4586,289.00607,288.6733,284.22946,1.0,0.0,0.23996681,0.24645996,0.17271568,0.23018976
58.2404,-118.3511,51.583,-92.618,D,2016,08,08,2016-08-08,305.6,44,4.6,292.6,0,0.91805303,3.296152,288.71222,287.4586,289.00607,288.6733,284.22946,1.0,0.0,0.23996681,0.24645996,0.17271568,0.23018976
65.3012,-119.5228,51.583,-92.618,D,2016,08,08,2016-08-08,321.8,20,14.0,300.6,0,0.91805303,3.296152,288.71222,287.4586,289.00607,288.6733,284.22946,1.0,0.0,0.23996681,0.24645996,0.17271568,0.23018976
63.6534,-118.1262,51.583,-92.618,D,2016,08,08,2016-08-08,310.0,42,6.4,298.6,0,0.91805303,3.296152,288.71222,287.4586,289.00607,288.6733,284.22946,1.0,0.0,0.23996681,0.24645996,0.17271568,0.23018976
63.7236,-118.1513,51.583,-92.618,D,2016,08,08,2016-08-08,309.2,0,6.2,294.7,0,0.91805303,3.296152,288.71222,287.4586,289.00607,288.6733,284.22946,1.0,0.0,0.23996681,0.24645996,0.17271568,0.23018976
65.2759,-119.4087,51.583,-92.618,D,2016,08,08,2016-08-08,318.4,58,13.9,298.7,0,0.91805303,3.296152,288.71222,287.4586,289.00607,288.6733,284.22946,1.0,0.0,0.23996681,0.24645996,0.17271568,0.23018976
65.2805,-119.5328,51.583,-92.618,D,2016,08,08,2016-08-08,321.7,39,14.1,297.9,0,0.91805303,3.296152,288.71222,287.4586,289.00607,288.6733,284.22946,1.0,0.0,0.23996681,0.24645996,0.17271568,0.23018976
65.3192,-119.5906,51.583,-92.618,D,2016,08,08,2016-08-08,378.9,0,160.5,302.3,0,0.91805303,3.296152,288.71222,287.4586,289.00607,288.6733,284.22946,1.0,0.0,0.23996681,0.24645996,0.17271568,0.23018976
63.5859,-116.7411,51.583,-92.618,D,2016,08,08,2016-08-08,323.7,64,21.1,297.5,0,0.91805303,3.296152,288.71222,287.4586,289.00607,288.6733,284.22946,1.0,0.0,0.23996681,0.24645996,0.17271568,0.23018976
63.2668,-115.8583,51.583,-92.618,D,2016,08,08,2016-08-08,308.1,0,6.7,295.6,0,0.91805303,3.296152,288.71222,287.4586,289.00607,288.6733,284.22946,1.0,0.0,0.23996681,0.24645996,0.17271568,0.23018976
63.245,-115.9697,51.583,-92.618,D,2016,08,08,2016-08-08,316.9,0,14.6,296.8,0,0.91805303,3.296152,288.71222,287.4586,289.00607,288.6733,284.22946,1.0,0.0,0.23996681,0.24645996,0.17271568,0.23018976
60.5455,-127.1425,51.583,-92.618,D,2016,08,08,2016-08-08,360.7,90,0.0,271.5,1,0.91805303,3.296152,288.71222,287.4586,289.00607,288.6733,284.22946,1.0,0.0,0.23996681,0.24645996,0.17271568,0.23018976
59.1389,-111.9526,57.477,-106.708,N,2016,08,09,2016-08-09,315.9,92,36.1,282.3,1,-1.4935789,0.24817145,292.0,292.86002,290.4827,289.9117,288.10745,0.0,0.0,0.10307492,0.12618789,0.1241233,0.12604491
59.1327,-111.9795,57.477,-106.708,N,2016,08,09,2016-08-09,350.3,100,139.5,290.7,1,-1.4935789,0.24817145,292.0,292.86002,290.4827,289.9117,288.10745,0.0,0.0,0.10307492,0.12618789,0.1241233,0.12604491
59.1264,-112.0066,57.477,-106.708,N,2016,08,09,2016-08-09,355.9,100,165.5,293.5,1,-1.4935789,0.24817145,292.0,292.86002,290.4827,289.9117,288.10745,0.0,0.0,0.10307492,0.12618789,0.1241233,0.12604491
59.1364,-111.9556,57.477,-106.708,N,2016,08,09,2016-08-09,317.5,95,38.2,283.0,1,-1.4935789,0.24817145,292.0,292.86002,290.4827,289.9117,288.10745,0.0,0.0,0.10307492,0.12618789,0.1241233,0.12604491
59.13,-111.9825,57.477,-106.708,N,2016,08,09,2016-08-09,322.5,100,47.7,287.3,1,-1.4935789,0.24817145,292.0,292.86002,290.4827,289.9117,288.10745,0.0,0.0,0.10307492,0.12618789,0.1241233,0.12604491
59.1236,-112.0095,57.477,-106.708,N,2016,08,09,2016-08-09,312.1,84,26.2,286.5,0,-1.4935789,0.24817145,292.0,292.86002,290.4827,289.9117,288.10745,0.0,0.0,0.10307492,0.12618789,0.1241233,0.12604491
59.1405,-111.9919,57.477,-106.708,N,2016,08,09,2016-08-09,407.5,100,652.4,296.8,1,-1.4935789,0.24817145,292.0,292.86002,290.4827,289.9117,288.10745,0.0,0.0,0.10307492,0.12618789,0.1241233,0.12604491
59.1341,-112.0188,57.477,-106.708,N,2016,08,09,2016-08-09,414.5,100,762.1,295.9,1,-1.4935789,0.24817145,292.0,292.86002,290.4827,289.9117,288.10745,0.0,0.0,0.10307492,0.12618789,0.1241233,0.12604491
57.8683,-116.91,57.477,-106.708,N,2016,08,09,2016-08-09,316.9,94,75.2,285.6,1,-1.4935789,0.24817145,292.0,292.86002,290.4827,289.9117,288.10745,0.0,0.0,0.10307492,0.12618789,0.1241233,0.12604491
63.264,-115.9849,57.477,-106.708,N,2016,08,09,2016-08-09,303.0,53,14.6,286.1,0,-1.4935789,0.24817145,292.0,292.86002,290.4827,289.9117,288.10745,0.0,0.0,0.10307492,0.12618789,0.1241233,0.12604491
63.304,-116.032,57.477,-106.708,N,2016,08,09,2016-08-09,305.5,65,18.1,285.1,0,-1.4935789,0.24817145,292.0,292.86002,290.4827,289.9117,288.10745,0.0,0.0,0.10307492,0.12618789,0.1241233,0.12604491
63.3027,-116.0373,57.477,-106.708,N,2016,08,09,2016-08-09,301.8,34,12.4,284.8,0,-1.4935789,0.24817145,292.0,292.86002,290.4827,289.9117,288.10745,0.0,0.0,0.10307492,0.12618789,0.1241233,0.12604491
65.2825,-119.5515,57.477,-106.708,N,2016,08,09,2016-08-09,307.7,72,20.6,287.2,0,-1.4935789,0.24817145,292.0,292.86002,290.4827,289.9117,288.10745,0.0,0.0,0.10307492,0.12618789,0.1241233,0.12604491
59.1335,-111.963,57.477,-106.708,N,2016,08,09,2016-08-09,301.5,28,31.5,280.9,0,-1.4935789,0.24817145,292.0,292.86002,290.4827,289.9117,288.10745,0.0,0.0,0.10307492,0.12618789,0.1241233,0.12604491
59.1319,-112.0104,57.477,-106.708,N,2016,08,09,2016-08-09,352.6,100,299.4,286.9,1,-1.4935789,0.24817145,292.0,292.86002,290.4827,289.9117,288.10745,0.0,0.0,0.10307492,0.12618789,0.1241233,0.12604491
59.1368,-111.9706,57.477,-106.708,N,2016,08,09,2016-08-09,315.3,91,70.8,282.0,1,-1.4935789,0.24817145,292.0,292.86002,290.4827,289.9117,288.10745,0.0,0.0,0.10307492,0.12618789,0.1241233,0.12604491
59.1354,-112.018,57.477,-106.708,N,2016,08,09,2016-08-09,343.3,100,219.4,286.5,1,-1.4935789,0.24817145,292.0,292.86002,290.4827,289.9117,288.10745,0.0,0.0,0.10307492,0.12618789,0.1241233,0.12604491
63.2645,-115.9886,57.477,-106.708,N,2016,08,09,2016-08-09,301.3,40,9.7,283.5,0,-1.4935789,0.24817145,292.0,292.86002,290.4827,289.9117,288.10745,0.0,0.0,0.10307492,0.12618789,0.1241233,0.12604491
59.1307,-112.0061,57.477,-106.708,N,2016,08,09,2016-08-09,338.0,100,43.2,283.3,1,-1.4935789,0.24817145,292.0,292.86002,290.4827,289.9117,288.10745,0.0,0.0,0.10307492,0.12618789,0.1241233,0.12604491
59.1394,-112.0009,57.477,-106.708,N,2016,08,09,2016-08-09,333.4,100,36.9,283.8,1,-1.4935789,0.24817145,292.0,292.86002,290.4827,289.9117,288.10745,0.0,0.0,0.10307492,0.12618789,0.1241233,0.12604491
59.1446,-111.9888,57.217,-106.05,D,2016,08,09,2016-08-09,321.8,68,83.2,293.4,0,-1.992092,0.74323183,280.34137,279.75644,285.06125,286.23196,282.76874,1.0,0.0,0.18870652,0.21326917,0.19054532,0.20143598
59.1296,-111.9898,57.217,-106.05,D,2016,08,09,2016-08-09,324.2,54,96.1,295.2,0,-1.992092,0.74323183,280.34137,279.75644,285.06125,286.23196,282.76874,1.0,0.0,0.18870652,0.21326917,0.19054532,0.20143598
63.2505,-115.9591,57.217,-106.05,D,2016,08,09,2016-08-09,340.8,0,41.2,298.9,0,-1.992092,0.74323183,280.34137,279.75644,285.06125,286.23196,282.76874,1.0,0.0,0.18870652,0.21326917,0.19054532,0.20143598
65.3208,-119.5849,57.217,-106.05,D,2016,08,09,2016-08-09,314.6,0,10.6,288.9,0,-1.992092,0.74323183,280.34137,279.75644,285.06125,286.23196,282.76874,1.0,0.0,0.18870652,0.21326917,0.19054532,0.20143598
63.558,-115.6,57.217,-106.05,D,2016,08,09,2016-08-09,316.0,49,11.4,295.7,0,-1.992092,0.74323183,280.34137,279.75644,285.06125,286.23196,282.76874,1.0,0.0,0.18870652,0.21326917,0.19054532,0.20143598
63.4344,-115.9062,57.217,-106.05,D,2016,08,09,2016-08-09,310.9,0,6.7,296.7,0,-1.992092,0.74323183,280.34137,279.75644,285.06125,286.23196,282.76874,1.0,0.0,0.18870652,0.21326917,0.19054532,0.20143598
63.5853,-116.72,57.217,-106.05,D,2016,08,09,2016-08-09,318.0,0,11.3,300.4,0,-1.992092,0.74323183,280.34137,279.75644,285.06125,286.23196,282.76874,1.0,0.0,0.18870652,0.21326917,0.19054532,0.20143598
63.5883,-116.7392,57.217,-106.05,D,2016,08,09,2016-08-09,348.2,83,54.1,299.6,0,-1.992092,0.74323183,280.34137,279.75644,285.06125,286.23196,282.76874,1.0,0.0,0.18870652,0.21326917,0.19054532,0.20143598
63.6287,-116.7508,57.217,-106.05,D,2016,08,09,2016-08-09,331.4,67,26.0,295.6,0,-1.992092,0.74323183,280.34137,279.75644,285.06125,286.23196,282.76874,1.0,0.0,0.18870652,0.21326917,0.19054532,0.20143598
63.6024,-116.4028,57.217,-106.05,D,2016,08,09,2016-08-09,312.4,0,8.1,295.7,0,-1.992092,0.74323183,280.34137,279.75644,285.06125,286.23196,282.76874,1.0,0.0,0.18870652,0.21326917,0.19054532,0.20143598
63.6756,-116.6852,57.217,-106.05,D,2016,08,09,2016-08-09,310.5,0,7.4,296.1,0,-1.992092,0.74323183,280.34137,279.75644,285.06125,286.23196,282.76874,1.0,0.0,0.18870652,0.21326917,0.19054532,0.20143598
63.6786,-116.7045,57.217,-106.05,D,2016,08,09,2016-08-09,308.8,53,6.2,294.6,0,-1.992092,0.74323183,280.34137,279.75644,285.06125,286.23196,282.76874,1.0,0.0,0.18870652,0.21326917,0.19054532,0.20143598
63.3343,-115.8841,57.217,-106.05,D,2016,08,09,2016-08-09,307.5,0,4.6,297.1,0,-1.992092,0.74323183,280.34137,279.75644,285.06125,286.23196,282.76874,1.0,0.0,0.18870652,0.21326917,0.19054532,0.20143598
63.2635,-115.8613,57.217,-106.05,D,2016,08,09,2016-08-09,308.2,0,5.6,295.8,0,-1.992092,0.74323183,280.34137,279.75644,285.06125,286.23196,282.76874,1.0,0.0,0.18870652,0.21326917,0.19054532,0.20143598
63.2568,-115.9974,57.217,-106.05,D,2016,08,09,2016-08-09,338.6,68,35.8,300.7,0,-1.992092,0.74323183,280.34137,279.75644,285.06125,286.23196,282.76874,1.0,0.0,0.18870652,0.21326917,0.19054532,0.20143598
59.1276,-111.9542,57.217,-106.05,D,2016,08,09,2016-08-09,316.7,58,19.4,301.1,0,-1.992092,0.74323183,280.34137,279.75644,285.06125,286.23196,282.76874,1.0,0.0,0.18870652,0.21326917,0.19054532,0.20143598
59.1443,-111.9634,57.217,-106.05,D,2016,08,09,2016-08-09,317.8,71,22.1,296.1,0,-1.992092,0.74323183,280.34137,279.75644,285.06125,286.23196,282.76874,1.0,0.0,0.18870652,0.21326917,0.19054532,0.20143598
59.1432,-111.9702,57.217,-106.05,D,2016,08,09,2016-08-09,325.0,82,35.2,296.5,0,-1.992092,0.74323183,280.34137,279.75644,285.06125,286.23196,282.76874,1.0,0.0,0.18870652,0.21326917,0.19054532,0.20143598
59.1377,-111.9456,57.217,-106.05,D,2016,08,09,2016-08-09,327.5,84,39.2,297.6,0,-1.992092,0.74323183,280.34137,279.75644,285.06125,286.23196,282.76874,1.0,0.0,0.18870652,0.21326917,0.19054532,0.20143598
59.144,-112.0277,57.217,-106.05,D,2016,08,09,2016-08-09,337.2,90,67.9,293.3,1,-1.992092,0.74323183,280.34137,279.75644,285.06125,286.23196,282.76874,1.0,0.0,0.18870652,0.21326917,0.19054532,0.20143598
59.1386,-112.0033,57.217,-106.05,D,2016,08,09,2016-08-09,377.5,100,259.0,302.2,1,-1.992092,0.74323183,280.34137,279.75644,285.06125,286.23196,282.76874,1.0,0.0,0.18870652,0.21326917,0.19054532,0.20143598
59.1331,-111.9788,57.217,-106.05,D,2016,08,09,2016-08-09,362.9,94,168.3,304.4,1,-1.992092,0.74323183,280.34137,279.75644,285.06125,286.23196,282.76874,1.0,0.0,0.18870652,0.21326917,0.19054532,0.20143598
59.134,-112.0363,57.217,-106.05,D,2016,08,09,2016-08-09,331.0,86,51.9,293.6,0,-1.992092,0.74323183,280.34137,279.75644,285.06125,286.23196,282.76874,1.0,0.0,0.18870652,0.21326917,0.19054532,0.20143598
59.1285,-112.0119,57.217,-106.05,D,2016,08,09,2016-08-09,388.3,94,345.6,299.4,1,-1.992092,0.74323183,280.34137,279.75644,285.06125,286.23196,282.76874,1.0,0.0,0.18870652,0.21326917,0.19054532,0.20143598
59.123,-111.9873,57.217,-106.05,D,2016,08,09,2016-08-09,342.7,70,81.0,296.8,0,-1.992092,0.74323183,280.34137,279.75644,285.06125,286.23196,282.76874,1.0,0.0,0.18870652,0.21326917,0.19054532,0.20143598
59.129,-111.9623,57.217,-106.05,D,2016,08,09,2016-08-09,328.5,79,32.3,302.6,0,-1.992092,0.74323183,280.34137,279.75644,285.06125,286.23196,282.76874,1.0,0.0,0.18870652,0.21326917,0.19054532,0.20143598
59.1198,-112.006,57.217,-106.05,D,2016,08,09,2016-08-09,370.2,75,172.4,301.1,0,-1.992092,0.74323183,280.34137,279.75644,285.06125,286.23196,282.76874,1.0,0.0,0.18870652,0.21326917,0.19054532,0.20143598
59.1386,-111.9698,57.217,-106.05,D,2016,08,09,2016-08-09,342.5,93,64.5,298.3,1,-1.992092,0.74323183,280.34137,279.75644,285.06125,286.23196,282.76874,1.0,0.0,0.18870652,0.21326917,0.19054532,0.20143598
59.134,-111.9916,57.217,-106.05,D,2016,08,09,2016-08-09,388.4,100,281.7,307.5,1,-1.992092,0.74323183,280.34137,279.75644,285.06125,286.23196,282.76874,1.0,0.0,0.18870652,0.21326917,0.19054532,0.20143598
59.1295,-112.0134,57.217,-106.05,D,2016,08,09,2016-08-09,404.4,100,421.0,311.2,1,-1.992092,0.74323183,280.34137,279.75644,285.06125,286.23196,282.76874,1.0,0.0,0.18870652,0.21326917,0.19054532,0.20143598
59.1249,-112.0353,57.217,-106.05,D,2016,08,09,2016-08-09,330.9,50,38.3,297.3,0,-1.992092,0.74323183,280.34137,279.75644,285.06125,286.23196,282.76874,1.0,0.0,0.18870652,0.21326917,0.19054532,0.20143598
59.1391,-112.0211,57.217,-106.05,D,2016,08,09,2016-08-09,366.2,100,155.5,298.1,1,-1.992092,0.74323183,280.34137,279.75644,285.06125,286.23196,282.76874,1.0,0.0,0.18870652,0.21326917,0.19054532,0.20143598
59.1345,-112.0429,57.217,-106.05,D,2016,08,09,2016-08-09,321.9,76,25.5,292.7,0,-1.992092,0.74323183,280.34137,279.75644,285.06125,286.23196,282.76874,1.0,0.0,0.18870652,0.21326917,0.19054532,0.20143598
63.2723,-116.0172,57.217,-106.05,D,2016,08,09,2016-08-09,343.4,0,70.4,295.3,0,-1.992092,0.74323183,280.34137,279.75644,285.06125,286.23196,282.76874,1.0,0.0,0.18870652,0.21326917,0.19054532,0.20143598
63.3024,-116.0262,57.217,-106.05,D,2016,08,09,2016-08-09,335.2,0,48.4,294.2,0,-1.992092,0.74323183,280.34137,279.75644,285.06125,286.23196,282.76874,1.0,0.0,0.18870652,0.21326917,0.19054532,0.20143598
63.6305,-116.7413,57.217,-106.05,D,2016,08,09,2016-08-09,322.6,61,25.8,296.7,0,-1.992092,0.74323183,280.34137,279.75644,285.06125,286.23196,282.76874,1.0,0.0,0.18870652,0.21326917,0.19054532,0.20143598
63.5877,-116.7243,57.217,-106.05,D,2016,08,09,2016-08-09,335.0,0,51.0,299.5,0,-1.992092,0.74323183,280.34137,279.75644,285.06125,286.23196,282.76874,1.0,0.0,0.18870652,0.21326917,0.19054532,0.20143598
63.5499,-115.5971,57.217,-106.05,D,2016,08,09,2016-08-09,320.8,0,24.0,296.2,0,-1.992092,0.74323183,280.34137,279.75644,285.06125,286.23196,282.76874,1.0,0.0,0.18870652,0.21326917,0.19054532,0.20143598
63.4289,-115.9022,57.217,-106.05,D,2016,08,09,2016-08-09,311.2,0,10.9,295.4,0,-1.992092,0.74323183,280.34137,279.75644,285.06125,286.23196,282.76874,1.0,0.0,0.18870652,0.21326917,0.19054532,0.20143598
63.3065,-116.0602,57.217,-106.05,D,2016,08,09,2016-08-09,315.0,0,16.4,291.7,0,-1.992092,0.74323183,280.34137,279.75644,285.06125,286.23196,282.76874,1.0,0.0,0.18870652,0.21326917,0.19054532,0.20143598
63.2972,-116.0502,57.217,-106.05,D,2016,08,09,2016-08-09,316.7,0,17.4,292.4,0,-1.992092,0.74323183,280.34137,279.75644,285.06125,286.23196,282.76874,1.0,0.0,0.18870652,0.21326917,0.19054532,0.20143598
65.2824,-119.5662,57.217,-106.05,D,2016,08,09,2016-08-09,315.4,63,17.3,294.0,0,-1.992092,0.74323183,280.34137,279.75644,285.06125,286.23196,282.76874,1.0,0.0,0.18870652,0.21326917,0.19054532,0.20143598
64.9819,-122.4153,57.217,-106.05,D,2016,08,09,2016-08-09,300.3,16,5.0,287.7,0,-1.992092,0.74323183,280.34137,279.75644,285.06125,286.23196,282.76874,1.0,0.0,0.18870652,0.21326917,0.19054532,0.20143598
63.6032,-116.7678,57.217,-106.05,D,2016,08,09,2016-08-09,350.9,0,473.1,290.5,0,-1.992092,0.74323183,280.34137,279.75644,285.06125,286.23196,282.76874,1.0,0.0,0.18870652,0.21326917,0.19054532,0.20143598
63.6284,-116.7168,57.217,-106.05,D,2016,08,09,2016-08-09,319.1,0,124.4,290.7,0,-1.992092,0.74323183,280.34137,279.75644,285.06125,286.23196,282.76874,1.0,0.0,0.18870652,0.21326917,0.19054532,0.20143598
63.5785,-116.7059,57.217,-106.05,D,2016,08,09,2016-08-09,336.8,0,280.2,293.0,0,-1.992092,0.74323183,280.34137,279.75644,285.06125,286.23196,282.76874,1.0,0.0,0.18870652,0.21326917,0.19054532,0.20143598
63.2811,-116.0303,57.217,-106.05,D,2016,08,09,2016-08-09,311.3,0,75.7,289.9,0,-1.992092,0.74323183,280.34137,279.75644,285.06125,286.23196,282.76874,1.0,0.0,0.18870652,0.21326917,0.19054532,0.20143598
63.6013,-116.7804,57.217,-106.05,D,2016,08,09,2016-08-09,350.6,0,474.6,290.7,0,-1.992092,0.74323183,280.34137,279.75644,285.06125,286.23196,282.76874,1.0,0.0,0.18870652,0.21326917,0.19054532,0.20143598
63.5767,-116.7179,57.217,-106.05,D,2016,08,09,2016-08-09,352.7,0,516.6,293.2,0,-1.992092,0.74323183,280.34137,279.75644,285.06125,286.23196,282.76874,1.0,0.0,0.18870652,0.21326917,0.19054532,0.20143598
63.2813,-116.038,57.217,-106.05,D,2016,08,09,2016-08-09,313.1,0,92.5,289.8,0,-1.992092,0.74323183,280.34137,279.75644,285.06125,286.23196,282.76874,1.0,0.0,0.18870652,0.21326917,0.19054532,0.20143598
63.2543,-115.9718,57.217,-106.05,D,2016,08,09,2016-08-09,320.7,0,153.0,291.2,0,-1.992092,0.74323183,280.34137,279.75644,285.06125,286.23196,282.76874,1.0,0.0,0.18870652,0.21326917,0.19054532,0.20143598
59.1177,-112.066,57.217,-106.05,D,2016,08,09,2016-08-09,327.9,70,147.4,292.9,0,-1.992092,0.74323183,280.34137,279.75644,285.06125,286.23196,282.76874,1.0,0.0,0.18870652,0.21326917,0.19054532,0.20143598
59.1337,-112.0667,57.217,-106.05,D,2016,08,09,2016-08-09,355.9,98,455.0,291.8,1,-1.992092,0.74323183,280.34137,279.75644,285.06125,286.23196,282.76874,1.0,0.0,0.18870652,0.21326917,0.19054532,0.20143598
59.1282,-111.9491,57.217,-106.05,D,2016,08,09,2016-08-09,316.4,36,74.8,294.2,0,-1.992092,0.74323183,280.34137,279.75644,285.06125,286.23196,282.76874,1.0,0.0,0.18870652,0.21326917,0.19054532,0.20143598
59.1278,-112.0125,57.217,-106.05,D,2016,08,09,2016-08-09,376.0,65,854.7,295.8,0,-1.992092,0.74323183,280.34137,279.75644,285.06125,286.23196,282.76874,1.0,0.0,0.18870652,0.21326917,0.19054532,0.20143598
59.1273,-112.0752,57.217,-106.05,D,2016,08,09,2016-08-09,351.0,79,383.3,294.0,0,-1.992092,0.74323183,280.34137,279.75644,285.06125,286.23196,282.76874,1.0,0.0,0.18870652,0.21326917,0.19054532,0.20143598
59.8366,-113.4083,57.217,-106.05,D,2016,08,09,2016-08-09,342.2,92,236.7,294.0,1,-1.992092,0.74323183,280.34137,279.75644,285.06125,286.23196,282.76874,1.0,0.0,0.18870652,0.21326917,0.19054532,0.20143598
59.8353,-113.4652,57.217,-106.05,D,2016,08,09,2016-08-09,323.2,81,96.8,292.3,0,-1.992092,0.74323183,280.34137,279.75644,285.06125,286.23196,282.76874,1.0,0.0,0.18870652,0.21326917,0.19054532,0.20143598
59.8348,-113.4176,57.217,-106.05,D,2016,08,09,2016-08-09,337.8,90,199.9,294.2,1,-1.992092,0.74323183,280.34137,279.75644,285.06125,286.23196,282.76874,1.0,0.0,0.18870652,0.21326917,0.19054532,0.20143598
59.1184,-112.003,57.217,-106.05,D,2016,08,09,2016-08-09,339.3,60,251.4,294.4,0,-1.992092,0.74323183,280.34137,279.75644,285.06125,286.23196,282.76874,1.0,0.0,0.18870652,0.21326917,0.19054532,0.20143598
59.8501,-113.4187,57.217,-106.05,D,2016,08,09,2016-08-09,321.6,80,95.1,291.5,0,-1.992092,0.74323183,280.34137,279.75644,285.06125,286.23196,282.76874,1.0,0.0,0.18870652,0.21326917,0.19054532,0.20143598
59.849,-113.4757,57.217,-106.05,D,2016,08,09,2016-08-09,303.7,44,20.4,291.0,0,-1.992092,0.74323183,280.34137,279.75644,285.06125,286.23196,282.76874,1.0,0.0,0.18870652,0.21326917,0.19054532,0.20143598
60.5399,-127.1443,57.217,-106.05,D,2016,08,09,2016-08-09,339.8,90,45.4,290.4,1,-1.992092,0.74323183,280.34137,279.75644,285.06125,286.23196,282.76874,1.0,0.0,0.18870652,0.21326917,0.19054532,0.20143598
63.27,-116.0386,57.217,-106.05,D,2016,08,09,2016-08-09,315.0,0,46.0,292.4,0,-1.992092,0.74323183,280.34137,279.75644,285.06125,286.23196,282.76874,1.0,0.0,0.18870652,0.21326917,0.19054532,0.20143598
63.3032,-116.0528,57.217,-106.05,D,2016,08,09,2016-08-09,321.8,0,71.0,291.5,0,-1.992092,0.74323183,280.34137,279.75644,285.06125,286.23196,282.76874,1.0,0.0,0.18870652,0.21326917,0.19054532,0.20143598
63.5503,-115.6053,57.217,-106.05,D,2016,08,09,2016-08-09,314.5,0,49.7,294.0,0,-1.992092,0.74323183,280.34137,279.75644,285.06125,286.23196,282.76874,1.0,0.0,0.18870652,0.21326917,0.19054532,0.20143598
63.5584,-116.7304,57.217,-106.05,D,2016,08,09,2016-08-09,312.8,0,32.6,294.0,0,-1.992092,0.74323183,280.34137,279.75644,285.06125,286.23196,282.76874,1.0,0.0,0.18870652,0.21326917,0.19054532,0.20143598
63.5633,-116.7344,57.217,-106.05,D,2016,08,09,2016-08-09,314.7,0,39.0,294.4,0,-1.992092,0.74323183,280.34137,279.75644,285.06125,286.23196,282.76874,1.0,0.0,0.18870652,0.21326917,0.19054532,0.20143598
63.6029,-116.7922,57.217,-106.05,D,2016,08,09,2016-08-09,337.0,0,132.9,291.3,0,-1.992092,0.74323183,280.34137,279.75644,285.06125,286.23196,282.76874,1.0,0.0,0.18870652,0.21326917,0.19054532,0.20143598
63.6322,-116.7449,57.217,-106.05,D,2016,08,09,2016-08-09,337.8,0,138.2,292.9,0,-1.992092,0.74323183,280.34137,279.75644,285.06125,286.23196,282.76874,1.0,0.0,0.18870652,0.21326917,0.19054532,0.20143598
63.646,-116.7471,57.217,-106.05,D,2016,08,09,2016-08-09,333.7,63,114.5,291.1,0,-1.992092,0.74323183,280.34137,279.75644,285.06125,286.23196,282.76874,1.0,0.0,0.18870652,0.21326917,0.19054532,0.20143598
63.6598,-116.7493,57.217,-106.05,D,2016,08,09,2016-08-09,321.8,0,58.2,290.3,0,-1.992092,0.74323183,280.34137,279.75644,285.06125,286.23196,282.76874,1.0,0.0,0.18870652,0.21326917,0.19054532,0.20143598
63.6391,-116.7553,57.217,-106.05,D,2016,08,09,2016-08-09,341.3,0,162.5,292.0,0,-1.992092,0.74323183,280.34137,279.75644,285.06125,286.23196,282.76874,1.0,0.0,0.18870652,0.21326917,0.19054532,0.20143598
63.6683,-116.7088,57.217,-106.05,D,2016,08,09,2016-08-09,343.9,0,177.7,294.3,0,-1.992092,0.74323183,280.34137,279.75644,285.06125,286.23196,282.76874,1.0,0.0,0.18870652,0.21326917,0.19054532,0.20143598
63.6821,-116.7112,57.217,-106.05,D,2016,08,09,2016-08-09,321.9,66,67.4,291.0,0,-1.992092,0.74323183,280.34137,279.75644,285.06125,286.23196,282.76874,1.0,0.0,0.18870652,0.21326917,0.19054532,0.20143598
65.3088,-119.499,57.217,-106.05,D,2016,08,09,2016-08-09,322.7,0,45.0,291.0,0,-1.992092,0.74323183,280.34137,279.75644,285.06125,286.23196,282.76874,1.0,0.0,0.18870652,0.21326917,0.19054532,0.20143598
65.2749,-119.4017,59.589,-114.494,D,2016,08,10,2016-08-10,314.3,51,11.6,297.3,0,0.4430251,2.6759815,284.78528,285.3188,287.70294,285.22046,279.33264,6.0,0.0,0.5335157,0.5475196,0.5553775,0.56439245
65.2888,-119.4147,59.589,-114.494,D,2016,08,10,2016-08-10,316.0,32,12.2,295.3,0,0.4430251,2.6759815,284.78528,285.3188,287.70294,285.22046,279.33264,6.0,0.0,0.5335157,0.5475196,0.5553775,0.56439245
60.5682,-127.142,59.589,-114.494,D,2016,08,10,2016-08-10,397.1,100,258.4,298.5,1,0.4430251,2.6759815,284.78528,285.3188,287.70294,285.22046,279.33264,6.0,0.0,0.5335157,0.5475196,0.5553775,0.56439245
60.5648,-127.1232,59.589,-114.494,D,2016,08,10,2016-08-10,323.5,47,19.4,289.6,0,0.4430251,2.6759815,284.78528,285.3188,287.70294,285.22046,279.33264,6.0,0.0,0.5335157,0.5475196,0.5553775,0.56439245
60.175,-123.8865,59.589,-114.494,D,2016,08,10,2016-08-10,316.5,77,20.3,291.8,0,0.4430251,2.6759815,284.78528,285.3188,287.70294,285.22046,279.33264,6.0,0.0,0.5335157,0.5475196,0.5553775,0.56439245
60.577,-127.1354,59.589,-114.494,D,2016,08,10,2016-08-10,324.5,70,21.3,290.5,0,0.4430251,2.6759815,284.78528,285.3188,287.70294,285.22046,279.33264,6.0,0.0,0.5335157,0.5475196,0.5553775,0.56439245
60.1795,-123.9084,59.589,-114.494,D,2016,08,10,2016-08-10,304.2,58,7.0,290.0,0,0.4430251,2.6759815,284.78528,285.3188,287.70294,285.22046,279.33264,6.0,0.0,0.5335157,0.5475196,0.5553775,0.56439245
60.5654,-127.1362,59.589,-114.494,D,2016,08,10,2016-08-10,345.3,89,108.7,292.2,0,0.4430251,2.6759815,284.78528,285.3188,287.70294,285.22046,279.33264,6.0,0.0,0.5335157,0.5475196,0.5553775,0.56439245
60.559,-127.1629,59.589,-114.494,D,2016,08,10,2016-08-10,316.9,56,27.6,291.0,0,0.4430251,2.6759815,284.78528,285.3188,287.70294,285.22046,279.33264,6.0,0.0,0.5335157,0.5475196,0.5553775,0.56439245
65.2803,-119.5575,59.589,-114.494,D,2016,08,10,2016-08-10,316.5,56,9.3,297.0,0,0.4430251,2.6759815,284.78528,285.3188,287.70294,285.22046,279.33264,6.0,0.0,0.5335157,0.5475196,0.5553775,0.56439245
65.2808,-119.42,59.589,-114.494,D,2016,08,10,2016-08-10,323.1,68,15.2,298.6,0,0.4430251,2.6759815,284.78528,285.3188,287.70294,285.22046,279.33264,6.0,0.0,0.5335157,0.5475196,0.5553775,0.56439245
65.2774,-119.578,59.589,-114.494,D,2016,08,10,2016-08-10,314.7,43,8.4,294.7,0,0.4430251,2.6759815,284.78528,285.3188,287.70294,285.22046,279.33264,6.0,0.0,0.5335157,0.5475196,0.5553775,0.56439245
65.3007,-119.4823,59.589,-114.494,D,2016,08,10,2016-08-10,313.4,47,6.5,298.0,0,0.4430251,2.6759815,284.78528,285.3188,287.70294,285.22046,279.33264,6.0,0.0,0.5335157,0.5475196,0.5553775,0.56439245
65.2977,-119.5029,59.589,-114.494,D,2016,08,10,2016-08-10,317.5,60,9.7,299.8,0,0.4430251,2.6759815,284.78528,285.3188,287.70294,285.22046,279.33264,6.0,0.0,0.5335157,0.5475196,0.5553775,0.56439245
65.3092,-119.4893,59.589,-114.494,D,2016,08,10,2016-08-10,329.5,64,21.3,295.6,0,0.4430251,2.6759815,284.78528,285.3188,287.70294,285.22046,279.33264,6.0,0.0,0.5335157,0.5475196,0.5553775,0.56439245
65.3063,-119.5099,59.589,-114.494,D,2016,08,10,2016-08-10,325.7,57,16.5,297.0,0,0.4430251,2.6759815,284.78528,285.3188,287.70294,285.22046,279.33264,6.0,0.0,0.5335157,0.5475196,0.5553775,0.56439245
60.5653,-127.1645,59.589,-114.494,D,2016,08,10,2016-08-10,310.7,50,38.1,280.0,0,0.4430251,2.6759815,284.78528,285.3188,287.70294,285.22046,279.33264,6.0,0.0,0.5335157,0.5475196,0.5553775,0.56439245
59.8062,-129.304,58.942,-118.128,N,2016,08,11,2016-08-11,306.4,44,12.9,282.1,0,3.6778617,-0.55438423,296.87988,294.38904,290.52145,288.0607,282.65317,4.0,0.0,0.38779715,0.35300535,0.39301237,0.35848564
59.8074,-129.3107,58.942,-118.128,N,2016,08,11,2016-08-11,322.1,100,29.7,283.6,1,3.6778617,-0.55438423,296.87988,294.38904,290.52145,288.0607,282.65317,4.0,0.0,0.38779715,0.35300535,0.39301237,0.35848564
59.8166,-129.3175,58.942,-118.128,N,2016,08,11,2016-08-11,315.0,90,21.4,277.9,1,3.6778617,-0.55438423,296.87988,294.38904,290.52145,288.0607,282.65317,4.0,0.0,0.38779715,0.35300535,0.39301237,0.35848564
60.6265,-126.2316,59.671,-117.97,D,2016,08,11,2016-08-11,300.2,13,3.9,288.1,0,3.5382786,-0.13003412,284.56754,285.36975,288.59387,285.55646,278.99353,6.0,0.0,0.5506034,0.53128755,0.5754795,0.5854294
60.1726,-123.8997,59.671,-117.97,D,2016,08,11,2016-08-11,304.8,57,6.2,294.6,0,3.5382786,-0.13003412,284.56754,285.36975,288.59387,285.55646,278.99353,6.0,0.0,0.5506034,0.53128755,0.5754795,0.5854294
59.8028,-129.3015,59.671,-117.97,D,2016,08,11,2016-08-11,328.1,81,69.6,286.5,0,3.5382786,-0.13003412,284.56754,285.36975,288.59387,285.55646,278.99353,6.0,0.0,0.5506034,0.53128755,0.5754795,0.5854294
59.814,-129.2901,59.671,-117.97,D,2016,08,11,2016-08-11,346.5,89,149.6,286.7,0,3.5382786,-0.13003412,284.56754,285.36975,288.59387,285.55646,278.99353,6.0,0.0,0.5506034,0.53128755,0.5754795,0.5854294
59.7912,-129.3111,59.671,-117.97,D,2016,08,11,2016-08-11,314.3,36,33.1,284.6,0,3.5382786,-0.13003412,284.56754,285.36975,288.59387,285.55646,278.99353,6.0,0.0,0.5506034,0.53128755,0.5754795,0.5854294
60.1678,-123.8991,59.671,-117.97,D,2016,08,11,2016-08-11,316.1,76,12.9,297.7,0,3.5382786,-0.13003412,284.56754,285.36975,288.59387,285.55646,278.99353,6.0,0.0,0.5506034,0.53128755,0.5754795,0.5854294
60.5676,-127.1449,59.671,-117.97,D,2016,08,11,2016-08-11,332.1,75,26.7,293.2,0,3.5382786,-0.13003412,284.56754,285.36975,288.59387,285.55646,278.99353,6.0,0.0,0.5506034,0.53128755,0.5754795,0.5854294
59.8019,-129.3281,59.671,-117.97,D,2016,08,11,2016-08-11,341.2,66,43.6,295.6,0,3.5382786,-0.13003412,284.56754,285.36975,288.59387,285.55646,278.99353,6.0,0.0,0.5506034,0.53128755,0.5754795,0.5854294
60.565,-127.1625,59.671,-117.97,D,2016,08,11,2016-08-11,331.4,29,24.0,295.5,0,3.5382786,-0.13003412,284.56754,285.36975,288.59387,285.55646,278.99353,6.0,0.0,0.5506034,0.53128755,0.5754795,0.5854294
59.8194,-129.3396,59.671,-117.97,D,2016,08,11,2016-08-11,339.4,91,42.0,290.2,1,3.5382786,-0.13003412,284.56754,285.36975,288.59387,285.55646,278.99353,6.0,0.0,0.5506034,0.53128755,0.5754795,0.5854294
59.8049,-129.3102,59.671,-117.97,D,2016,08,11,2016-08-11,365.7,100,100.6,298.4,1,3.5382786,-0.13003412,284.56754,285.36975,288.59387,285.55646,278.99353,6.0,0.0,0.5506034,0.53128755,0.5754795,0.5854294
59.8078,-129.2925,59.671,-117.97,D,2016,08,11,2016-08-11,405.9,100,297.5,302.4,1,3.5382786,-0.13003412,284.56754,285.36975,288.59387,285.55646,278.99353,6.0,0.0,0.5506034,0.53128755,0.5754795,0.5854294
59.7845,-129.3167,59.671,-117.97,D,2016,08,11,2016-08-11,329.6,76,28.2,293.6,0,3.5382786,-0.13003412,284.56754,285.36975,288.59387,285.55646,278.99353,6.0,0.0,0.5506034,0.53128755,0.5754795,0.5854294
60.1675,-123.8855,57.958,-119.51,N,2016,08,12,2016-08-12,307.0,70,28.6,287.0,0,4.149179,-1.3144166,295.3206,291.85727,288.15662,285.7294,280.46707,6.0,0.0,0.532411,0.5379858,0.54161835,0.52277195
59.8084,-129.2896,57.958,-119.51,N,2016,08,12,2016-08-12,320.7,100,131.9,277.2,1,4.149179,-1.3144166,295.3206,291.85727,288.15662,285.7294,280.46707,6.0,0.0,0.532411,0.5379858,0.54161835,0.52277195
60.1774,-123.9036,57.958,-119.51,N,2016,08,12,2016-08-12,302.8,36,18.6,285.3,0,4.149179,-1.3144166,295.3206,291.85727,288.15662,285.7294,280.46707,6.0,0.0,0.532411,0.5379858,0.54161835,0.52277195
60.1672,-123.8932,57.958,-119.51,N,2016,08,12,2016-08-12,309.4,77,26.5,287.9,0,4.149179,-1.3144166,295.3206,291.85727,288.15662,285.7294,280.46707,6.0,0.0,0.532411,0.5379858,0.54161835,0.52277195
60.1703,-123.8852,57.958,-119.51,N,2016,08,12,2016-08-12,316.5,93,19.9,287.4,1,4.149179,-1.3144166,295.3206,291.85727,288.15662,285.7294,280.46707,6.0,0.0,0.532411,0.5379858,0.54161835,0.52277195
60.1726,-123.9046,57.958,-119.51,N,2016,08,12,2016-08-12,301.3,39,7.8,283.4,0,4.149179,-1.3144166,295.3206,291.85727,288.15662,285.7294,280.46707,6.0,0.0,0.532411,0.5379858,0.54161835,0.52277195
59.8021,-129.2636,59.728,-125.435,D,2016,08,12,2016-08-12,324.4,65,20.8,268.9,0,3.4682624,0.23778906,282.70667,283.62457,285.868,285.05496,281.896,1.0,0.0,0.18857689,0.20665431,0.2262629,0.22825325
60.5148,-127.1862,59.728,-125.435,D,2016,08,12,2016-08-12,323.9,78,19.4,288.3,0,3.4682624,0.23778906,282.70667,283.62457,285.868,285.05496,281.896,1.0,0.0,0.18857689,0.20665431,0.2262629,0.22825325
60.5121,-127.1686,59.728,-125.435,D,2016,08,12,2016-08-12,325.2,73,20.5,291.0,0,3.4682624,0.23778906,282.70667,283.62457,285.868,285.05496,281.896,1.0,0.0,0.18857689,0.20665431,0.2262629,0.22825325
59.8133,-129.2762,59.728,-125.435,D,2016,08,12,2016-08-12,359.9,99,84.3,280.7,1,3.4682624,0.23778906,282.70667,283.62457,285.868,285.05496,281.896,1.0,0.0,0.18857689,0.20665431,0.2262629,0.22825325
59.8109,-129.2589,59.728,-125.435,D,2016,08,12,2016-08-12,374.6,100,131.9,283.0,1,3.4682624,0.23778906,282.70667,283.62457,285.868,285.05496,281.896,1.0,0.0,0.18857689,0.20665431,0.2262629,0.22825325
59.8094,-129.3159,59.728,-125.435,D,2016,08,12,2016-08-12,315.2,64,13.1,275.6,0,3.4682624,0.23778906,282.70667,283.62457,285.868,285.05496,281.896,1.0,0.0,0.18857689,0.20665431,0.2262629,0.22825325
59.8046,-129.2809,59.728,-125.435,D,2016,08,12,2016-08-12,326.8,62,23.1,271.3,0,3.4682624,0.23778906,282.70667,283.62457,285.868,285.05496,281.896,1.0,0.0,0.18857689,0.20665431,0.2262629,0.22825325
60.5091,-127.1778,59.728,-125.435,D,2016,08,12,2016-08-12,319.9,68,53.3,281.0,0,3.4682624,0.23778906,282.70667,283.62457,285.868,285.05496,281.896,1.0,0.0,0.18857689,0.20665431,0.2262629,0.22825325
60.5619,-127.1467,59.728,-125.435,D,2016,08,12,2016-08-12,322.2,75,40.2,294.0,0,3.4682624,0.23778906,282.70667,283.62457,285.868,285.05496,281.896,1.0,0.0,0.18857689,0.20665431,0.2262629,0.22825325
60.5598,-127.1815,59.728,-125.435,D,2016,08,12,2016-08-12,317.8,56,30.3,293.2,0,3.4682624,0.23778906,282.70667,283.62457,285.868,285.05496,281.896,1.0,0.0,0.18857689,0.20665431,0.2262629,0.22825325
59.8019,-129.282,59.728,-125.435,D,2016,08,12,2016-08-12,349.5,0,114.0,270.3,0,3.4682624,0.23778906,282.70667,283.62457,285.868,285.05496,281.896,1.0,0.0,0.18857689,0.20665431,0.2262629,0.22825325
59.8127,-129.2857,59.728,-125.435,D,2016,08,12,2016-08-12,328.0,81,50.2,271.5,0,3.4682624,0.23778906,282.70667,283.62457,285.868,285.05496,281.896,1.0,0.0,0.18857689,0.20665431,0.2262629,0.22825325
60.5081,-127.1624,59.728,-125.435,D,2016,08,12,2016-08-12,354.8,98,172.3,292.3,1,3.4682624,0.23778906,282.70667,283.62457,285.868,285.05496,281.896,1.0,0.0,0.18857689,0.20665431,0.2262629,0.22825325
60.506,-127.1966,59.728,-125.435,D,2016,08,12,2016-08-12,350.6,96,148.7,293.6,1,3.4682624,0.23778906,282.70667,283.62457,285.868,285.05496,281.896,1.0,0.0,0.18857689,0.20665431,0.2262629,0.22825325
60.5201,-127.1655,59.728,-125.435,D,2016,08,12,2016-08-12,317.0,69,29.8,290.4,0,3.4682624,0.23778906,282.70667,283.62457,285.868,285.05496,281.896,1.0,0.0,0.18857689,0.20665431,0.2262629,0.22825325
60.5179,-127.1997,59.728,-125.435,D,2016,08,12,2016-08-12,315.0,59,26.4,292.0,0,3.4682624,0.23778906,282.70667,283.62457,285.868,285.05496,281.896,1.0,0.0,0.18857689,0.20665431,0.2262629,0.22825325
59.8135,-129.245,59.853,-127.878,N,2016,08,13,2016-08-13,307.9,73,18.8,282.0,0,2.442916,1.7409269,297.3929,293.9928,289.3001,287.78262,284.38803,2.0,1.779221e-05,0.14567158,0.15673256,0.1978384,0.2866003
59.8083,-129.2684,59.853,-127.878,N,2016,08,13,2016-08-13,333.5,100,62.8,287.7,1,2.442916,1.7409269,297.3929,293.9928,289.3001,287.78262,284.38803,2.0,1.779221e-05,0.14567158,0.15673256,0.1978384,0.2866003
59.8183,-129.2766,59.853,-127.878,N,2016,08,13,2016-08-13,371.1,100,212.1,284.9,1,2.442916,1.7409269,297.3929,293.9928,289.3001,287.78262,284.38803,2.0,1.779221e-05,0.14567158,0.15673256,0.1978384,0.2866003
59.8133,-129.2994,59.853,-127.878,N,2016,08,13,2016-08-13,316.8,94,29.1,281.8,1,2.442916,1.7409269,297.3929,293.9928,289.3001,287.78262,284.38803,2.0,1.779221e-05,0.14567158,0.15673256,0.1978384,0.2866003
59.8072,-129.295,59.853,-127.878,N,2016,08,13,2016-08-13,311.3,68,67.0,281.2,0,2.442916,1.7409269,297.3929,293.9928,289.3001,287.78262,284.38803,2.0,1.779221e-05,0.14567158,0.15673256,0.1978384,0.2866003
59.8222,-129.2964,59.853,-127.878,N,2016,08,13,2016-08-13,312.8,72,70.5,280.5,0,2.442916,1.7409269,297.3929,293.9928,289.3001,287.78262,284.38803,2.0,1.779221e-05,0.14567158,0.15673256,0.1978384,0.2866003
59.8217,-129.2431,59.853,-127.878,N,2016,08,13,2016-08-13,309.6,78,63.7,279.9,0,2.442916,1.7409269,297.3929,293.9928,289.3001,287.78262,284.38803,2.0,1.779221e-05,0.14567158,0.15673256,0.1978384,0.2866003
59.8205,-129.3017,59.853,-127.878,N,2016,08,13,2016-08-13,317.9,96,96.9,280.5,1,2.442916,1.7409269,297.3929,293.9928,289.3001,287.78262,284.38803,2.0,1.779221e-05,0.14567158,0.15673256,0.1978384,0.2866003
59.8124,-129.2575,59.853,-127.878,N,2016,08,13,2016-08-13,310.3,80,14.0,282.5,0,2.442916,1.7409269,297.3929,293.9928,289.3001,287.78262,284.38803,2.0,1.779221e-05,0.14567158,0.15673256,0.1978384,0.2866003
59.8153,-129.2751,59.853,-127.878,N,2016,08,13,2016-08-13,310.0,79,13.5,281.3,0,2.442916,1.7409269,297.3929,293.9928,289.3001,287.78262,284.38803,2.0,1.779221e-05,0.14567158,0.15673256,0.1978384,0.2866003
60.5221,-127.1351,60.488,-126.995,D,2016,08,13,2016-08-13,354.5,85,161.9,289.2,0,1.3408478,0.88437706,281.21207,282.06998,285.4443,285.23538,282.30487,1.0,4.3219925e-06,0.15895759,0.17317487,0.17054142,0.21729869
60.5744,-127.1501,60.488,-126.995,D,2016,08,13,2016-08-13,359.3,86,191.5,285.1,0,1.3408478,0.88437706,281.21207,282.06998,285.4443,285.23538,282.30487,1.0,4.3219925e-06,0.15895759,0.17317487,0.17054142,0.21729869
60.5788,-127.1512,60.488,-126.995,D,2016,08,13,2016-08-13,351.5,84,147.9,285.8,0,1.3408478,0.88437706,281.21207,282.06998,285.4443,285.23538,282.30487,1.0,4.3219925e-06,0.15895759,0.17317487,0.17054142,0.21729869
60.5294,-127.1644,60.488,-126.995,D,2016,08,13,2016-08-13,316.1,53,27.6,292.4,0,1.3408478,0.88437706,281.21207,282.06998,285.4443,285.23538,282.30487,1.0,4.3219925e-06,0.15895759,0.17317487,0.17054142,0.21729869
60.5189,-127.1754,60.488,-126.995,D,2016,08,13,2016-08-13,326.6,81,50.0,294.4,0,1.3408478,0.88437706,281.21207,282.06998,285.4443,285.23538,282.30487,1.0,4.3219925e-06,0.15895759,0.17317487,0.17054142,0.21729869
60.5116,-127.1458,60.488,-126.995,D,2016,08,13,2016-08-13,383.8,94,386.1,295.7,1,1.3408478,0.88437706,281.21207,282.06998,285.4443,285.23538,282.30487,1.0,4.3219925e-06,0.15895759,0.17317487,0.17054142,0.21729869
60.5155,-127.1374,60.488,-126.995,D,2016,08,13,2016-08-13,434.3,87,558.8,304.8,0,1.3408478,0.88437706,281.21207,282.06998,285.4443,285.23538,282.30487,1.0,4.3219925e-06,0.15895759,0.17317487,0.17054142,0.21729869
60.5124,-127.1554,60.488,-126.995,D,2016,08,13,2016-08-13,419.4,100,410.2,313.5,1,1.3408478,0.88437706,281.21207,282.06998,285.4443,285.23538,282.30487,1.0,4.3219925e-06,0.15895759,0.17317487,0.17054142,0.21729869
60.5242,-127.1435,60.488,-126.995,D,2016,08,13,2016-08-13,322.1,35,14.5,284.2,0,1.3408478,0.88437706,281.21207,282.06998,285.4443,285.23538,282.30487,1.0,4.3219925e-06,0.15895759,0.17317487,0.17054142,0.21729869
59.8198,-129.2548,59.665,-127.374,D,2016,08,14,2016-08-14,370.3,100,0.0,271.3,1,0.43252534,1.5358067,283.46515,283.99524,289.04504,287.54926,284.19058,1.0,0.0,0.114179246,0.11713779,0.14425361,0.2352007
59.8229,-129.2465,59.665,-127.374,D,2016,08,14,2016-08-14,372.0,100,0.0,271.2,1,0.43252534,1.5358067,283.46515,283.99524,289.04504,287.54926,284.19058,1.0,0.0,0.114179246,0.11713779,0.14425361,0.2352007
59.8251,-129.266,59.665,-127.374,D,2016,08,14,2016-08-14,451.3,100,0.0,287.1,1,0.43252534,1.5358067,283.46515,283.99524,289.04504,287.54926,284.19058,1.0,0.0,0.114179246,0.11713779,0.14425361,0.2352007
59.8273,-129.2856,59.665,-127.374,D,2016,08,14,2016-08-14,393.1,100,0.0,273.4,1,0.43252534,1.5358067,283.46515,283.99524,289.04504,287.54926,284.19058,1.0,0.0,0.114179246,0.11713779,0.14425361,0.2352007
59.837,-129.199,59.665,-127.374,D,2016,08,14,2016-08-14,371.1,100,0.0,270.5,1,0.43252534,1.5358067,283.46515,283.99524,289.04504,287.54926,284.19058,1.0,0.0,0.114179246,0.11713779,0.14425361,0.2352007
59.822,-129.2743,59.665,-127.374,D,2016,08,14,2016-08-14,391.2,100,0.0,276.2,1,0.43252534,1.5358067,283.46515,283.99524,289.04504,287.54926,284.19058,1.0,0.0,0.114179246,0.11713779,0.14425361,0.2352007
59.8332,-129.2204,59.665,-127.374,D,2016,08,14,2016-08-14,393.3,100,0.0,277.4,1,0.43252534,1.5358067,283.46515,283.99524,289.04504,287.54926,284.19058,1.0,0.0,0.114179246,0.11713779,0.14425361,0.2352007
59.842,-129.2174,59.665,-127.374,D,2016,08,14,2016-08-14,404.6,100,0.0,282.8,1,0.43252534,1.5358067,283.46515,283.99524,289.04504,287.54926,284.19058,1.0,0.0,0.114179246,0.11713779,0.14425361,0.2352007
59.8467,-129.2019,59.665,-127.374,D,2016,08,14,2016-08-14,388.2,100,0.0,277.7,1,0.43252534,1.5358067,283.46515,283.99524,289.04504,287.54926,284.19058,1.0,0.0,0.114179246,0.11713779,0.14425361,0.2352007
59.8492,-129.2436,59.665,-127.374,D,2016,08,14,2016-08-14,363.0,87,122.8,273.5,0,0.43252534,1.5358067,283.46515,283.99524,289.04504,287.54926,284.19058,1.0,0.0,0.114179246,0.11713779,0.14425361,0.2352007
59.7987,-129.2447,59.665,-127.374,D,2016,08,14,2016-08-14,334.0,74,43.9,270.0,0,0.43252534,1.5358067,283.46515,283.99524,289.04504,287.54926,284.19058,1.0,0.0,0.114179246,0.11713779,0.14425361,0.2352007
59.8105,-129.2275,59.665,-127.374,D,2016,08,14,2016-08-14,350.3,89,78.8,274.2,0,0.43252534,1.5358067,283.46515,283.99524,289.04504,287.54926,284.19058,1.0,0.0,0.114179246,0.11713779,0.14425361,0.2352007
59.8084,-129.2488,59.665,-127.374,D,2016,08,14,2016-08-14,357.1,98,103.0,275.6,1,0.43252534,1.5358067,283.46515,283.99524,289.04504,287.54926,284.19058,1.0,0.0,0.114179246,0.11713779,0.14425361,0.2352007
59.8224,-129.21,59.665,-127.374,D,2016,08,14,2016-08-14,345.7,88,68.2,272.6,0,0.43252534,1.5358067,283.46515,283.99524,289.04504,287.54926,284.19058,1.0,0.0,0.114179246,0.11713779,0.14425361,0.2352007
59.8202,-129.2314,59.665,-127.374,D,2016,08,14,2016-08-14,363.0,100,121.6,276.0,1,0.43252534,1.5358067,283.46515,283.99524,289.04504,287.54926,284.19058,1.0,0.0,0.114179246,0.11713779,0.14425361,0.2352007
59.818,-129.2528,59.665,-127.374,D,2016,08,14,2016-08-14,367.5,100,139.7,276.6,1,0.43252534,1.5358067,283.46515,283.99524,289.04504,287.54926,284.19058,1.0,0.0,0.114179246,0.11713779,0.14425361,0.2352007
59.8299,-129.2355,59.665,-127.374,D,2016,08,14,2016-08-14,367.7,100,137.2,275.6,1,0.43252534,1.5358067,283.46515,283.99524,289.04504,287.54926,284.19058,1.0,0.0,0.114179246,0.11713779,0.14425361,0.2352007
59.8277,-129.257,59.665,-127.374,D,2016,08,14,2016-08-14,371.3,100,157.6,276.0,1,0.43252534,1.5358067,283.46515,283.99524,289.04504,287.54926,284.19058,1.0,0.0,0.114179246,0.11713779,0.14425361,0.2352007
59.8254,-129.2784,59.665,-127.374,D,2016,08,14,2016-08-14,358.0,75,107.8,273.3,0,0.43252534,1.5358067,283.46515,283.99524,289.04504,287.54926,284.19058,1.0,0.0,0.114179246,0.11713779,0.14425361,0.2352007
59.8418,-129.218,59.665,-127.374,D,2016,08,14,2016-08-14,452.2,87,972.9,292.8,0,0.43252534,1.5358067,283.46515,283.99524,289.04504,287.54926,284.19058,1.0,0.0,0.114179246,0.11713779,0.14425361,0.2352007
59.8373,-129.2609,59.665,-127.374,D,2016,08,14,2016-08-14,392.9,87,279.3,276.1,0,0.43252534,1.5358067,283.46515,283.99524,289.04504,287.54926,284.19058,1.0,0.0,0.114179246,0.11713779,0.14425361,0.2352007
59.8351,-129.2823,59.665,-127.374,D,2016,08,14,2016-08-14,333.4,0,44.9,268.6,0,0.43252534,1.5358067,283.46515,283.99524,289.04504,287.54926,284.19058,1.0,0.0,0.114179246,0.11713779,0.14425361,0.2352007
59.8515,-129.2221,59.665,-127.374,D,2016,08,14,2016-08-14,387.0,87,242.1,277.4,0,0.43252534,1.5358067,283.46515,283.99524,289.04504,287.54926,284.19058,1.0,0.0,0.114179246,0.11713779,0.14425361,0.2352007
60.1774,-123.8884,59.546,-122.706,D,2016,08,15,2016-08-15,315.3,76,39.8,294.4,0,2.7759013,0.9274092,288.6492,288.67477,290.74194,287.442,280.9174,6.0,0.0,0.4071616,0.4382215,0.45626596,0.42940575
63.9686,-124.0782,59.546,-122.706,D,2016,08,15,2016-08-15,322.2,81,23.9,295.7,0,2.7759013,0.9274092,288.6492,288.67477,290.74194,287.442,280.9174,6.0,0.0,0.4071616,0.4382215,0.45626596,0.42940575
60.1677,-123.8853,59.546,-122.706,D,2016,08,15,2016-08-15,333.0,88,31.6,299.1,0,2.7759013,0.9274092,288.6492,288.67477,290.74194,287.442,280.9174,6.0,0.0,0.4071616,0.4382215,0.45626596,0.42940575
60.1646,-123.9033,59.546,-122.706,D,2016,08,15,2016-08-15,319.0,44,13.9,298.0,0,2.7759013,0.9274092,288.6492,288.67477,290.74194,287.442,280.9174,6.0,0.0,0.4071616,0.4382215,0.45626596,0.42940575
60.1734,-123.9095,59.546,-122.706,D,2016,08,15,2016-08-15,319.6,54,14.5,298.8,0,2.7759013,0.9274092,288.6492,288.67477,290.74194,287.442,280.9174,6.0,0.0,0.4071616,0.4382215,0.45626596,0.42940575
60.1821,-123.9156,59.546,-122.706,D,2016,08,15,2016-08-15,328.0,72,23.5,298.2,0,2.7759013,0.9274092,288.6492,288.67477,290.74194,287.442,280.9174,6.0,0.0,0.4071616,0.4382215,0.45626596,0.42940575
60.7207,-127.3522,59.546,-122.706,D,2016,08,15,2016-08-15,316.5,77,20.2,288.6,0,2.7759013,0.9274092,288.6492,288.67477,290.74194,287.442,280.9174,6.0,0.0,0.4071616,0.4382215,0.45626596,0.42940575
60.7167,-127.3726,59.546,-122.706,D,2016,08,15,2016-08-15,334.0,89,46.7,289.5,0,2.7759013,0.9274092,288.6492,288.67477,290.74194,287.442,280.9174,6.0,0.0,0.4071616,0.4382215,0.45626596,0.42940575
63.9685,-124.0804,59.546,-122.706,D,2016,08,15,2016-08-15,335.6,89,30.7,299.2,0,2.7759013,0.9274092,288.6492,288.67477,290.74194,287.442,280.9174,6.0,0.0,0.4071616,0.4382215,0.45626596,0.42940575
60.5059,-127.1333,59.546,-122.706,D,2016,08,15,2016-08-15,324.6,63,139.2,279.5,0,2.7759013,0.9274092,288.6492,288.67477,290.74194,287.442,280.9174,6.0,0.0,0.4071616,0.4382215,0.45626596,0.42940575
60.5137,-127.1438,59.546,-122.706,D,2016,08,15,2016-08-15,318.3,59,96.8,279.4,0,2.7759013,0.9274092,288.6492,288.67477,290.74194,287.442,280.9174,6.0,0.0,0.4071616,0.4382215,0.45626596,0.42940575
60.5464,-127.1445,59.546,-122.706,D,2016,08,15,2016-08-15,322.2,61,124.8,283.8,0,2.7759013,0.9274092,288.6492,288.67477,290.74194,287.442,280.9174,6.0,0.0,0.4071616,0.4382215,0.45626596,0.42940575
60.4936,-127.0962,60.509,-116.944,D,2016,08,16,2016-08-16,319.1,57,20.2,275.0,0,2.2663255,1.7237983,287.21436,286.1373,290.4212,287.54868,282.42337,5.0,2.1217205e-05,0.42044201,0.4385331,0.45205504,0.46450403
60.5031,-127.1002,60.509,-116.944,D,2016,08,16,2016-08-16,414.6,94,435.3,291.4,1,2.2663255,1.7237983,287.21436,286.1373,290.4212,287.54868,282.42337,5.0,2.1217205e-05,0.42044201,0.4385331,0.45205504,0.46450403
60.5009,-127.1204,60.509,-116.944,D,2016,08,16,2016-08-16,419.5,0,481.6,298.4,0,2.2663255,1.7237983,287.21436,286.1373,290.4212,287.54868,282.42337,5.0,2.1217205e-05,0.42044201,0.4385331,0.45205504,0.46450403
60.5126,-127.104,60.509,-116.944,D,2016,08,16,2016-08-16,335.5,74,41.6,284.2,0,2.2663255,1.7237983,287.21436,286.1373,290.4212,287.54868,282.42337,5.0,2.1217205e-05,0.42044201,0.4385331,0.45205504,0.46450403
60.5104,-127.1243,60.509,-116.944,D,2016,08,16,2016-08-16,345.3,76,60.8,289.2,0,2.2663255,1.7237983,287.21436,286.1373,290.4212,287.54868,282.42337,5.0,2.1217205e-05,0.42044201,0.4385331,0.45205504,0.46450403
60.5578,-127.1457,60.509,-116.944,D,2016,08,16,2016-08-16,323.5,65,22.7,294.9,0,2.2663255,1.7237983,287.21436,286.1373,290.4212,287.54868,282.42337,5.0,2.1217205e-05,0.42044201,0.4385331,0.45205504,0.46450403
60.5604,-127.1542,60.509,-116.944,D,2016,08,16,2016-08-16,315.8,52,14.9,296.5,0,2.2663255,1.7237983,287.21436,286.1373,290.4212,287.54868,282.42337,5.0,2.1217205e-05,0.42044201,0.4385331,0.45205504,0.46450403
63.8986,-124.0116,60.509,-116.944,D,2016,08,16,2016-08-16,313.4,58,10.6,298.8,0,2.2663255,1.7237983,287.21436,286.1373,290.4212,287.54868,282.42337,5.0,2.1217205e-05,0.42044201,0.4385331,0.45205504,0.46450403
63.9162,-124.0844,60.509,-116.944,D,2016,08,16,2016-08-16,325.1,73,36.2,296.3,0,2.2663255,1.7237983,287.21436,286.1373,290.4212,287.54868,282.42337,5.0,2.1217205e-05,0.42044201,0.4385331,0.45205504,0.46450403
59.8118,-129.2117,58.734,-121.668,N,2016,08,17,2016-08-17,332.3,100,115.6,284.3,1,2.784192,-1.9775399,294.91898,292.54623,289.73984,287.47748,281.08466,6.0,7.1054274e-15,0.47187448,0.45504755,0.4590364,0.35474497
59.8874,-121.8647,58.734,-121.668,N,2016,08,17,2016-08-17,334.4,100,55.8,286.8,1,2.784192,-1.9775399,294.91898,292.54623,289.73984,287.47748,281.08466,6.0,7.1054274e-15,0.47187448,0.45504755,0.4590364,0.35474497
59.8828,-121.8869,58.734,-121.668,N,2016,08,17,2016-08-17,317.0,94,25.7,281.5,1,2.784192,-1.9775399,294.91898,292.54623,289.73984,287.47748,281.08466,6.0,7.1054274e-15,0.47187448,0.45504755,0.4590364,0.35474497
59.8969,-121.8726,58.734,-121.668,N,2016,08,17,2016-08-17,310.6,53,17.2,280.8,0,2.784192,-1.9775399,294.91898,292.54623,289.73984,287.47748,281.08466,6.0,7.1054274e-15,0.47187448,0.45504755,0.4590364,0.35474497
59.8923,-121.8947,58.734,-121.668,N,2016,08,17,2016-08-17,312.6,85,19.6,279.0,0,2.784192,-1.9775399,294.91898,292.54623,289.73984,287.47748,281.08466,6.0,7.1054274e-15,0.47187448,0.45504755,0.4590364,0.35474497
60.1689,-123.8754,58.734,-121.668,N,2016,08,17,2016-08-17,316.8,86,28.8,288.7,0,2.784192,-1.9775399,294.91898,292.54623,289.73984,287.47748,281.08466,6.0,7.1054274e-15,0.47187448,0.45504755,0.4590364,0.35474497
60.1704,-123.8835,58.734,-121.668,N,2016,08,17,2016-08-17,314.6,82,25.8,287.7,0,2.784192,-1.9775399,294.91898,292.54623,289.73984,287.47748,281.08466,6.0,7.1054274e-15,0.47187448,0.45504755,0.4590364,0.35474497
60.186,-123.8674,58.734,-121.668,N,2016,08,17,2016-08-17,301.9,31,10.8,280.6,0,2.784192,-1.9775399,294.91898,292.54623,289.73984,287.47748,281.08466,6.0,7.1054274e-15,0.47187448,0.45504755,0.4590364,0.35474497
60.1747,-123.9176,58.734,-121.668,N,2016,08,17,2016-08-17,316.9,94,29.1,287.1,1,2.784192,-1.9775399,294.91898,292.54623,289.73984,287.47748,281.08466,6.0,7.1054274e-15,0.47187448,0.45504755,0.4590364,0.35474497
59.8016,-129.2485,58.734,-121.668,N,2016,08,17,2016-08-17,329.1,100,102.7,283.6,1,2.784192,-1.9775399,294.91898,292.54623,289.73984,287.47748,281.08466,6.0,7.1054274e-15,0.47187448,0.45504755,0.4590364,0.35474497
59.8223,-129.3242,58.734,-121.668,N,2016,08,17,2016-08-17,303.2,22,25.6,280.1,0,2.784192,-1.9775399,294.91898,292.54623,289.73984,287.47748,281.08466,6.0,7.1054274e-15,0.47187448,0.45504755,0.4590364,0.35474497
59.8325,-129.2878,58.734,-121.668,N,2016,08,17,2016-08-17,322.5,100,78.3,281.3,1,2.784192,-1.9775399,294.91898,292.54623,289.73984,287.47748,281.08466,6.0,7.1054274e-15,0.47187448,0.45504755,0.4590364,0.35474497
59.8372,-129.2864,58.734,-121.668,N,2016,08,17,2016-08-17,313.1,29,43.4,280.6,0,2.784192,-1.9775399,294.91898,292.54623,289.73984,287.47748,281.08466,6.0,7.1054274e-15,0.47187448,0.45504755,0.4590364,0.35474497
59.8293,-129.1898,58.734,-121.668,N,2016,08,17,2016-08-17,318.4,68,60.8,282.5,0,2.784192,-1.9775399,294.91898,292.54623,289.73984,287.47748,281.08466,6.0,7.1054274e-15,0.47187448,0.45504755,0.4590364,0.35474497
60.1798,-123.8965,58.734,-121.668,N,2016,08,17,2016-08-17,300.5,30,26.2,284.8,0,2.784192,-1.9775399,294.91898,292.54623,289.73984,287.47748,281.08466,6.0,7.1054274e-15,0.47187448,0.45504755,0.4590364,0.35474497
60.5004,-127.1073,58.734,-121.668,N,2016,08,17,2016-08-17,308.8,76,36.1,281.9,0,2.784192,-1.9775399,294.91898,292.54623,289.73984,287.47748,281.08466,6.0,7.1054274e-15,0.47187448,0.45504755,0.4590364,0.35474497
59.8283,-129.3029,58.734,-121.668,N,2016,08,17,2016-08-17,309.9,59,27.4,277.6,0,2.784192,-1.9775399,294.91898,292.54623,289.73984,287.47748,281.08466,6.0,7.1054274e-15,0.47187448,0.45504755,0.4590364,0.35474497
59.8116,-129.2015,58.734,-121.668,N,2016,08,17,2016-08-17,324.9,39,51.4,282.7,0,2.784192,-1.9775399,294.91898,292.54623,289.73984,287.47748,281.08466,6.0,7.1054274e-15,0.47187448,0.45504755,0.4590364,0.35474497
59.8348,-129.2078,58.734,-121.668,N,2016,08,17,2016-08-17,314.1,36,30.4,279.9,0,2.784192,-1.9775399,294.91898,292.54623,289.73984,287.47748,281.08466,6.0,7.1054274e-15,0.47187448,0.45504755,0.4590364,0.35474497
60.1809,-123.9016,58.734,-121.668,N,2016,08,17,2016-08-17,300.6,30,25.6,284.7,0,2.784192,-1.9775399,294.91898,292.54623,289.73984,287.47748,281.08466,6.0,7.1054274e-15,0.47187448,0.45504755,0.4590364,0.35474497
60.5032,-127.0845,58.734,-121.668,N,2016,08,17,2016-08-17,320.5,58,21.9,286.5,0,2.784192,-1.9775399,294.91898,292.54623,289.73984,287.47748,281.08466,6.0,7.1054274e-15,0.47187448,0.45504755,0.4590364,0.35474497
60.5056,-127.1031,58.734,-121.668,N,2016,08,17,2016-08-17,322.5,88,24.0,287.2,0,2.784192,-1.9775399,294.91898,292.54623,289.73984,287.47748,281.08466,6.0,7.1054274e-15,0.47187448,0.45504755,0.4590364,0.35474497
59.8344,-129.2093,58.734,-121.668,N,2016,08,17,2016-08-17,304.2,47,9.8,278.5,0,2.784192,-1.9775399,294.91898,292.54623,289.73984,287.47748,281.08466,6.0,7.1054274e-15,0.47187448,0.45504755,0.4590364,0.35474497
59.8198,-129.3885,55.077,-122.261,N,2016,08,18,2016-08-18,300.0,11,8.0,282.6,0,0.07744922,7.748604e-06,293.5996,289.34863,285.00958,284.82855,282.71747,1.0,6.0483453e-06,0.16093177,0.192824,0.22381413,0.25843853
59.8275,-129.2895,55.077,-122.261,N,2016,08,18,2016-08-18,309.9,79,14.7,281.3,0,0.07744922,7.748604e-06,293.5996,289.34863,285.00958,284.82855,282.71747,1.0,6.0483453e-06,0.16093177,0.192824,0.22381413,0.25843853
60.5012,-127.1492,55.077,-122.261,N,2016,08,18,2016-08-18,305.2,21,8.7,282.1,0,0.07744922,7.748604e-06,293.5996,289.34863,285.00958,284.82855,282.71747,1.0,6.0483453e-06,0.16093177,0.192824,0.22381413,0.25843853
60.4984,-127.1668,55.077,-122.261,N,2016,08,18,2016-08-18,301.2,14,6.9,281.8,0,0.07744922,7.748604e-06,293.5996,289.34863,285.00958,284.82855,282.71747,1.0,6.0483453e-06,0.16093177,0.192824,0.22381413,0.25843853
60.1774,-123.9206,56.72,-119.262,D,2016,08,18,2016-08-18,306.6,19,6.2,296.1,0,1.072856,-0.9256096,280.00888,281.82718,286.11392,286.62784,283.09274,3.0,0.0,0.33027956,0.34359512,0.36183318,0.34584785
59.8885,-121.8862,56.72,-119.262,D,2016,08,18,2016-08-18,312.9,72,10.6,298.3,0,1.072856,-0.9256096,280.00888,281.82718,286.11392,286.62784,283.09274,3.0,0.0,0.33027956,0.34359512,0.36183318,0.34584785
59.8861,-121.8675,56.72,-119.262,D,2016,08,18,2016-08-18,310.9,69,8.8,297.4,0,1.072856,-0.9256096,280.00888,281.82718,286.11392,286.62784,283.09274,3.0,0.0,0.33027956,0.34359512,0.36183318,0.34584785
62.7126,-127.0588,56.72,-119.262,D,2016,08,18,2016-08-18,301.8,37,9.6,289.4,0,1.072856,-0.9256096,280.00888,281.82718,286.11392,286.62784,283.09274,3.0,0.0,0.33027956,0.34359512,0.36183318,0.34584785
59.892,-121.8809,56.72,-119.262,D,2016,08,18,2016-08-18,311.2,71,67.3,294.4,0,1.072856,-0.9256096,280.00888,281.82718,286.11392,286.62784,283.09274,3.0,0.0,0.33027956,0.34359512,0.36183318,0.34584785
59.8884,-121.8906,56.72,-119.262,D,2016,08,18,2016-08-18,307.8,66,49.7,294.1,0,1.072856,-0.9256096,280.00888,281.82718,286.11392,286.62784,283.09274,3.0,0.0,0.33027956,0.34359512,0.36183318,0.34584785
60.5573,-127.2027,56.72,-119.262,D,2016,08,18,2016-08-18,333.0,84,127.0,272.7,0,1.072856,-0.9256096,280.00888,281.82718,286.11392,286.62784,283.09274,3.0,0.0,0.33027956,0.34359512,0.36183318,0.34584785
60.5453,-127.1617,56.72,-119.262,D,2016,08,18,2016-08-18,329.2,81,107.8,276.5,0,1.072856,-0.9256096,280.00888,281.82718,286.11392,286.62784,283.09274,3.0,0.0,0.33027956,0.34359512,0.36183318,0.34584785
60.5214,-127.1352,56.72,-119.262,D,2016,08,18,2016-08-18,329.2,83,105.5,280.2,0,1.072856,-0.9256096,280.00888,281.82718,286.11392,286.62784,283.09274,3.0,0.0,0.33027956,0.34359512,0.36183318,0.34584785
60.5284,-127.1318,56.72,-119.262,D,2016,08,18,2016-08-18,329.9,81,107.3,279.7,0,1.072856,-0.9256096,280.00888,281.82718,286.11392,286.62784,283.09274,3.0,0.0,0.33027956,0.34359512,0.36183318,0.34584785
57.6203,-121.1849,56.72,-119.262,D,2016,08,18,2016-08-18,302.3,44,4.2,290.1,0,1.072856,-0.9256096,280.00888,281.82718,286.11392,286.62784,283.09274,3.0,0.0,0.33027956,0.34359512,0.36183318,0.34584785
59.8848,-121.8665,56.72,-119.262,D,2016,08,18,2016-08-18,334.0,88,44.6,301.0,0,1.072856,-0.9256096,280.00888,281.82718,286.11392,286.62784,283.09274,3.0,0.0,0.33027956,0.34359512,0.36183318,0.34584785
59.8948,-121.8704,56.72,-119.262,D,2016,08,18,2016-08-18,320.3,79,21.3,297.1,0,1.072856,-0.9256096,280.00888,281.82718,286.11392,286.62784,283.09274,3.0,0.0,0.33027956,0.34359512,0.36183318,0.34584785
59.8926,-121.8935,56.72,-119.262,D,2016,08,18,2016-08-18,318.1,77,18.2,298.7,0,1.072856,-0.9256096,280.00888,281.82718,286.11392,286.62784,283.09274,3.0,0.0,0.33027956,0.34359512,0.36183318,0.34584785
60.5259,-127.1321,56.72,-119.262,D,2016,08,18,2016-08-18,329.5,86,27.6,288.1,0,1.072856,-0.9256096,280.00888,281.82718,286.11392,286.62784,283.09274,3.0,0.0,0.33027956,0.34359512,0.36183318,0.34584785
60.5235,-127.1501,56.72,-119.262,D,2016,08,18,2016-08-18,339.6,92,41.8,288.0,1,1.072856,-0.9256096,280.00888,281.82718,286.11392,286.62784,283.09274,3.0,0.0,0.33027956,0.34359512,0.36183318,0.34584785
60.5587,-127.1698,56.72,-119.262,D,2016,08,18,2016-08-18,358.1,99,80.3,285.2,1,1.072856,-0.9256096,280.00888,281.82718,286.11392,286.62784,283.09274,3.0,0.0,0.33027956,0.34359512,0.36183318,0.34584785
60.5563,-127.1879,56.72,-119.262,D,2016,08,18,2016-08-18,404.0,100,284.4,294.8,1,1.072856,-0.9256096,280.00888,281.82718,286.11392,286.62784,283.09274,3.0,0.0,0.33027956,0.34359512,0.36183318,0.34584785
56.8449,-121.2697,55.844,-118.4,N,2016,08,19,2016-08-19,316.5,93,51.3,275.6,1,2.9478865,-2.5745132,296.5084,294.17654,289.47797,288.66245,284.9724,4.0,2.6376201e-05,0.33421895,0.35063958,0.3468722,0.37522697
53.5898,-127.2523,52.092,-125.678,N,2016,08,20,2016-08-20,325.1,100,52.6,286.7,1,2.8630984,0.63567007,294.40912,292.61572,286.3838,283.7099,280.4175,1.0,0.00069198065,0.14253196,0.19143096,0.20022394,0.2765501
53.5947,-127.2304,52.092,-125.678,N,2016,08,20,2016-08-20,322.2,100,45.7,287.7,1,2.8630984,0.63567007,294.40912,292.61572,286.3838,283.7099,280.4175,1.0,0.00069198065,0.14253196,0.19143096,0.20022394,0.2765501
63.2557,-116.0429,61.065,-116.061,N,2016,08,22,2016-08-22,328.0,100,36.6,290.3,1,-2.2882767,-0.4559431,293.10464,293.59296,292.00006,291.55804,290.67126,0.0,5.684342e-14,0.11218552,0.1160172,0.08568585,0.08298026
63.6744,-116.7082,54.358,-110.565,D,2016,08,22,2016-08-22,307.3,0,6.9,296.8,0,-3.9037428,-2.4126818,287.46893,287.8475,290.04037,289.10007,286.32117,2.0,1.8983616e-06,0.26454216,0.26256692,0.23727255,0.25156462
63.2656,-116.0253,54.358,-110.565,D,2016,08,22,2016-08-22,332.5,66,34.6,299.2,0,-3.9037428,-2.4126818,287.46893,287.8475,290.04037,289.10007,286.32117,2.0,1.8983616e-06,0.26454216,0.26256692,0.23727255,0.25156462
63.2585,-116.0531,54.358,-110.565,D,2016,08,22,2016-08-22,319.9,57,17.9,298.6,0,-3.9037428,-2.4126818,287.46893,287.8475,290.04037,289.10007,286.32117,2.0,1.8983616e-06,0.26454216,0.26256692,0.23727255,0.25156462
63.2562,-116.0714,54.358,-110.565,D,2016,08,22,2016-08-22,306.0,34,14.7,294.2,0,-3.9037428,-2.4126818,287.46893,287.8475,290.04037,289.10007,286.32117,2.0,1.8983616e-06,0.26454216,0.26256692,0.23727255,0.25156462
63.2671,-116.0339,54.358,-110.565,D,2016,08,22,2016-08-22,311.5,62,25.8,294.4,0,-3.9037428,-2.4126818,287.46893,287.8475,290.04037,289.10007,286.32117,2.0,1.8983616e-06,0.26454216,0.26256692,0.23727255,0.25156462
63.6121,-116.804,54.358,-110.565,D,2016,08,22,2016-08-22,318.6,0,51.4,293.9,0,-3.9037428,-2.4126818,287.46893,287.8475,290.04037,289.10007,286.32117,2.0,1.8983616e-06,0.26454216,0.26256692,0.23727255,0.25156462
63.2597,-116.0852,54.358,-110.565,D,2016,08,22,2016-08-22,311.4,0,34.3,294.7,0,-3.9037428,-2.4126818,287.46893,287.8475,290.04037,289.10007,286.32117,2.0,1.8983616e-06,0.26454216,0.26256692,0.23727255,0.25156462
63.9525,-124.0713,54.358,-110.565,D,2016,08,22,2016-08-22,308.4,67,9.0,296.8,0,-3.9037428,-2.4126818,287.46893,287.8475,290.04037,289.10007,286.32117,2.0,1.8983616e-06,0.26454216,0.26256692,0.23727255,0.25156462
63.945,-124.075,54.358,-110.565,D,2016,08,22,2016-08-22,309.8,69,10.7,297.5,0,-3.9037428,-2.4126818,287.46893,287.8475,290.04037,289.10007,286.32117,2.0,1.8983616e-06,0.26454216,0.26256692,0.23727255,0.25156462
59.7914,-129.244,54.358,-110.565,D,2016,08,22,2016-08-22,308.4,36,7.3,295.3,0,-3.9037428,-2.4126818,287.46893,287.8475,290.04037,289.10007,286.32117,2.0,1.8983616e-06,0.26454216,0.26256692,0.23727255,0.25156462
63.2572,-115.8326,54.358,-110.565,D,2016,08,22,2016-08-22,315.4,0,17.6,295.9,0,-3.9037428,-2.4126818,287.46893,287.8475,290.04037,289.10007,286.32117,2.0,1.8983616e-06,0.26454216,0.26256692,0.23727255,0.25156462
63.2489,-116.0646,54.358,-110.565,D,2016,08,22,2016-08-22,366.1,0,166.7,304.4,0,-3.9037428,-2.4126818,287.46893,287.8475,290.04037,289.10007,286.32117,2.0,1.8983616e-06,0.26454216,0.26256692,0.23727255,0.25156462
63.2593,-116.07,54.358,-110.565,D,2016,08,22,2016-08-22,314.5,48,15.8,297.0,0,-3.9037428,-2.4126818,287.46893,287.8475,290.04037,289.10007,286.32117,2.0,1.8983616e-06,0.26454216,0.26256692,0.23727255,0.25156462
63.559,-116.7121,54.358,-110.565,D,2016,08,22,2016-08-22,311.3,0,8.9,298.2,0,-3.9037428,-2.4126818,287.46893,287.8475,290.04037,289.10007,286.32117,2.0,1.8983616e-06,0.26454216,0.26256692,0.23727255,0.25156462
63.5566,-116.7399,54.358,-110.565,D,2016,08,22,2016-08-22,314.1,53,13.2,296.5,0,-3.9037428,-2.4126818,287.46893,287.8475,290.04037,289.10007,286.32117,2.0,1.8983616e-06,0.26454216,0.26256692,0.23727255,0.25156462
63.5895,-116.7882,54.358,-110.565,D,2016,08,22,2016-08-22,322.7,0,24.1,297.3,0,-3.9037428,-2.4126818,287.46893,287.8475,290.04037,289.10007,286.32117,2.0,1.8983616e-06,0.26454216,0.26256692,0.23727255,0.25156462
63.5998,-116.7931,54.358,-110.565,D,2016,08,22,2016-08-22,331.7,72,38.9,297.6,0,-3.9037428,-2.4126818,287.46893,287.8475,290.04037,289.10007,286.32117,2.0,1.8983616e-06,0.26454216,0.26256692,0.23727255,0.25156462
63.6102,-116.797,54.358,-110.565,D,2016,08,22,2016-08-22,362.8,0,137.8,299.7,0,-3.9037428,-2.4126818,287.46893,287.8475,290.04037,289.10007,286.32117,2.0,1.8983616e-06,0.26454216,0.26256692,0.23727255,0.25156462
63.6078,-116.8243,54.358,-110.565,D,2016,08,22,2016-08-22,334.5,73,46.3,296.7,0,-3.9037428,-2.4126818,287.46893,287.8475,290.04037,289.10007,286.32117,2.0,1.8983616e-06,0.26454216,0.26256692,0.23727255,0.25156462
63.6356,-116.751,54.358,-110.565,D,2016,08,22,2016-08-22,315.9,46,14.8,297.7,0,-3.9037428,-2.4126818,287.46893,287.8475,290.04037,289.10007,286.32117,2.0,1.8983616e-06,0.26454216,0.26256692,0.23727255,0.25156462
63.9472,-124.0651,54.358,-110.565,D,2016,08,22,2016-08-22,316.8,75,10.5,300.0,0,-3.9037428,-2.4126818,287.46893,287.8475,290.04037,289.10007,286.32117,2.0,1.8983616e-06,0.26454216,0.26256692,0.23727255,0.25156462
63.9445,-124.0849,54.358,-110.565,D,2016,08,22,2016-08-22,313.7,72,8.4,299.0,0,-3.9037428,-2.4126818,287.46893,287.8475,290.04037,289.10007,286.32117,2.0,1.8983616e-06,0.26454216,0.26256692,0.23727255,0.25156462
63.6541,-116.7654,63.513,-116.303,N,2016,08,23,2016-08-23,302.8,51,10.3,287.6,0,1.9605465,3.0836554,299.29507,296.73993,290.92422,288.3666,284.92657,2.0,0.0,0.15734488,0.19412467,0.21201973,0.27059227
65.3174,-119.4638,63.513,-116.303,N,2016,08,23,2016-08-23,300.9,35,11.3,281.9,0,1.9605465,3.0836554,299.29507,296.73993,290.92422,288.3666,284.92657,2.0,0.0,0.15734488,0.19412467,0.21201973,0.27059227
65.3113,-119.4903,63.513,-116.303,N,2016,08,23,2016-08-23,306.1,67,16.3,280.6,0,1.9605465,3.0836554,299.29507,296.73993,290.92422,288.3666,284.92657,2.0,0.0,0.15734488,0.19412467,0.21201973,0.27059227
64.9428,-124.7604,63.513,-116.303,N,2016,08,23,2016-08-23,306.2,67,16.7,282.9,0,1.9605465,3.0836554,299.29507,296.73993,290.92422,288.3666,284.92657,2.0,0.0,0.15734488,0.19412467,0.21201973,0.27059227
64.9465,-124.7672,63.513,-116.303,N,2016,08,23,2016-08-23,303.0,53,12.5,282.4,0,1.9605465,3.0836554,299.29507,296.73993,290.92422,288.3666,284.92657,2.0,0.0,0.15734488,0.19412467,0.21201973,0.27059227
63.6047,-116.7839,63.513,-116.303,N,2016,08,23,2016-08-23,302.3,18,7.2,286.0,0,1.9605465,3.0836554,299.29507,296.73993,290.92422,288.3666,284.92657,2.0,0.0,0.15734488,0.19412467,0.21201973,0.27059227
64.9386,-124.741,62.964,-118.972,D,2016,08,23,2016-08-23,313.2,53,10.4,296.2,0,-1.38152,3.0026906,285.1043,284.85336,289.63895,287.38376,281.6273,6.0,0.0,0.5676081,0.55640554,0.53653073,0.5707368
64.9412,-124.7645,62.964,-118.972,D,2016,08,23,2016-08-23,326.2,78,25.3,297.4,0,-1.38152,3.0026906,285.1043,284.85336,289.63895,287.38376,281.6273,6.0,0.0,0.5676081,0.55640554,0.53653073,0.5707368
63.9446,-124.0626,62.964,-118.972,D,2016,08,23,2016-08-23,307.7,52,5.0,296.1,0,-1.38152,3.0026906,285.1043,284.85336,289.63895,287.38376,281.6273,6.0,0.0,0.5676081,0.55640554,0.53653073,0.5707368
63.9473,-124.084,62.964,-118.972,D,2016,08,23,2016-08-23,306.6,40,4.5,296.0,0,-1.38152,3.0026906,285.1043,284.85336,289.63895,287.38376,281.6273,6.0,0.0,0.5676081,0.55640554,0.53653073,0.5707368
63.915,-124.0583,62.964,-118.972,D,2016,08,23,2016-08-23,311.5,59,7.2,296.5,0,-1.38152,3.0026906,285.1043,284.85336,289.63895,287.38376,281.6273,6.0,0.0,0.5676081,0.55640554,0.53653073,0.5707368
64.9332,-124.7566,62.964,-118.972,D,2016,08,23,2016-08-23,313.4,55,19.2,293.4,0,-1.38152,3.0026906,285.1043,284.85336,289.63895,287.38376,281.6273,6.0,0.0,0.5676081,0.55640554,0.53653073,0.5707368
64.9443,-124.7492,62.964,-118.972,D,2016,08,23,2016-08-23,307.2,53,19.6,294.0,0,-1.38152,3.0026906,285.1043,284.85336,289.63895,287.38376,281.6273,6.0,0.0,0.5676081,0.55640554,0.53653073,0.5707368
63.3366,-122.0552,62.964,-118.972,D,2016,08,23,2016-08-23,305.3,44,26.3,292.4,0,-1.38152,3.0026906,285.1043,284.85336,289.63895,287.38376,281.6273,6.0,0.0,0.5676081,0.55640554,0.53653073,0.5707368
64.933,-124.7686,62.964,-118.972,D,2016,08,23,2016-08-23,312.2,67,34.3,292.9,0,-1.38152,3.0026906,285.1043,284.85336,289.63895,287.38376,281.6273,6.0,0.0,0.5676081,0.55640554,0.53653073,0.5707368
63.3102,-122.0144,62.964,-118.972,D,2016,08,23,2016-08-23,319.0,78,94.6,293.1,0,-1.38152,3.0026906,285.1043,284.85336,289.63895,287.38376,281.6273,6.0,0.0,0.5676081,0.55640554,0.53653073,0.5707368
64.9406,-124.7631,62.964,-118.972,D,2016,08,23,2016-08-23,317.7,73,52.6,293.9,0,-1.38152,3.0026906,285.1043,284.85336,289.63895,287.38376,281.6273,6.0,0.0,0.5676081,0.55640554,0.53653073,0.5707368
63.3114,-122.0189,62.964,-118.972,D,2016,08,23,2016-08-23,311.1,27,19.8,292.7,0,-1.38152,3.0026906,285.1043,284.85336,289.63895,287.38376,281.6273,6.0,0.0,0.5676081,0.55640554,0.53653073,0.5707368
63.3104,-122.0239,62.964,-118.972,D,2016,08,23,2016-08-23,308.5,0,15.7,292.2,0,-1.38152,3.0026906,285.1043,284.85336,289.63895,287.38376,281.6273,6.0,0.0,0.5676081,0.55640554,0.53653073,0.5707368
64.9307,-124.7705,62.964,-118.972,D,2016,08,23,2016-08-23,326.2,84,47.2,295.1,0,-1.38152,3.0026906,285.1043,284.85336,289.63895,287.38376,281.6273,6.0,0.0,0.5676081,0.55640554,0.53653073,0.5707368
64.9423,-124.7749,62.964,-118.972,D,2016,08,23,2016-08-23,318.5,78,29.8,296.6,0,-1.38152,3.0026906,285.1043,284.85336,289.63895,287.38376,281.6273,6.0,0.0,0.5676081,0.55640554,0.53653073,0.5707368
64.9386,-124.741,62.964,-118.972,D,2016,08,23,2016-08-23,310.3,38,12.6,294.9,0,-1.38152,3.0026906,285.1043,284.85336,289.63895,287.38376,281.6273,6.0,0.0,0.5676081,0.55640554,0.53653073,0.5707368
64.9363,-124.7779,62.964,-118.972,D,2016,08,23,2016-08-23,321.8,81,34.8,296.7,0,-1.38152,3.0026906,285.1043,284.85336,289.63895,287.38376,281.6273,6.0,0.0,0.5676081,0.55640554,0.53653073,0.5707368
63.2592,-115.9195,58.62,-115.822,N,2016,08,24,2016-08-24,304.8,36,7.1,288.5,0,2.5491328,-2.2862368,293.85257,292.06,288.0865,286.79834,283.27417,2.9999695,0.00019685552,0.3351038,0.3231883,0.34429726,0.35003626
63.2676,-116.0622,58.62,-115.822,N,2016,08,24,2016-08-24,322.4,39,20.2,291.1,0,2.5491328,-2.2862368,293.85257,292.06,288.0865,286.79834,283.27417,2.9999695,0.00019685552,0.3351038,0.3231883,0.34429726,0.35003626
63.3008,-115.9527,58.62,-115.822,N,2016,08,24,2016-08-24,306.3,68,8.4,288.6,0,2.5491328,-2.2862368,293.85257,292.06,288.0865,286.79834,283.27417,2.9999695,0.00019685552,0.3351038,0.3231883,0.34429726,0.35003626
63.3082,-116.0447,58.62,-115.822,N,2016,08,24,2016-08-24,306.4,39,8.0,288.0,0,2.5491328,-2.2862368,293.85257,292.06,288.0865,286.79834,283.27417,2.9999695,0.00019685552,0.3351038,0.3231883,0.34429726,0.35003626
63.3219,-116.1619,58.62,-115.822,N,2016,08,24,2016-08-24,301.1,25,5.8,286.9,0,2.5491328,-2.2862368,293.85257,292.06,288.0865,286.79834,283.27417,2.9999695,0.00019685552,0.3351038,0.3231883,0.34429726,0.35003626
63.6561,-116.7603,58.62,-115.822,N,2016,08,24,2016-08-24,320.5,68,18.7,290.6,0,2.5491328,-2.2862368,293.85257,292.06,288.0865,286.79834,283.27417,2.9999695,0.00019685552,0.3351038,0.3231883,0.34429726,0.35003626
63.6542,-116.7557,58.62,-115.822,N,2016,08,24,2016-08-24,302.1,31,8.8,285.9,0,2.5491328,-2.2862368,293.85257,292.06,288.0865,286.79834,283.27417,2.9999695,0.00019685552,0.3351038,0.3231883,0.34429726,0.35003626
63.6561,-116.763,61.966,-112.525,D,2016,08,24,2016-08-24,310.9,0,15.8,292.7,0,1.5327134,3.8718476,291.31433,290.8568,291.2077,291.07343,290.68353,0.0,0.0,0.015613981,0.017369002,0.018842123,0.026869096
63.5903,-116.7944,61.966,-112.525,D,2016,08,24,2016-08-24,325.9,63,40.7,291.5,0,1.5327134,3.8718476,291.31433,290.8568,291.2077,291.07343,290.68353,0.0,0.0,0.015613981,0.017369002,0.018842123,0.026869096
63.2667,-116.0434,61.966,-112.525,D,2016,08,24,2016-08-24,310.9,18,13.2,291.1,0,1.5327134,3.8718476,291.31433,290.8568,291.2077,291.07343,290.68353,0.0,0.0,0.015613981,0.017369002,0.018842123,0.026869096
63.2382,-115.9664,61.966,-112.525,D,2016,08,24,2016-08-24,353.5,0,116.1,293.2,0,1.5327134,3.8718476,291.31433,290.8568,291.2077,291.07343,290.68353,0.0,0.0,0.015613981,0.017369002,0.018842123,0.026869096
63.5474,-121.5548,61.966,-112.525,D,2016,08,24,2016-08-24,300.9,30,20.7,280.5,0,1.5327134,3.8718476,291.31433,290.8568,291.2077,291.07343,290.68353,0.0,0.0,0.015613981,0.017369002,0.018842123,0.026869096
63.5405,-121.5304,61.966,-112.525,D,2016,08,24,2016-08-24,309.4,24,10.5,292.7,0,1.5327134,3.8718476,291.31433,290.8568,291.2077,291.07343,290.68353,0.0,0.0,0.015613981,0.017369002,0.018842123,0.026869096
63.5529,-116.7355,61.966,-112.525,D,2016,08,24,2016-08-24,338.0,0,110.5,288.5,0,1.5327134,3.8718476,291.31433,290.8568,291.2077,291.07343,290.68353,0.0,0.0,0.015613981,0.017369002,0.018842123,0.026869096
63.5524,-116.7436,61.966,-112.525,D,2016,08,24,2016-08-24,334.6,0,94.8,288.3,0,1.5327134,3.8718476,291.31433,290.8568,291.2077,291.07343,290.68353,0.0,0.0,0.015613981,0.017369002,0.018842123,0.026869096
63.3076,-116.0302,61.966,-112.525,D,2016,08,24,2016-08-24,309.0,0,23.6,290.3,0,1.5327134,3.8718476,291.31433,290.8568,291.2077,291.07343,290.68353,0.0,0.0,0.015613981,0.017369002,0.018842123,0.026869096
63.5467,-121.5573,61.966,-112.525,D,2016,08,24,2016-08-24,316.1,67,20.3,293.7,0,1.5327134,3.8718476,291.31433,290.8568,291.2077,291.07343,290.68353,0.0,0.0,0.015613981,0.017369002,0.018842123,0.026869096
63.3707,-116.1986,61.966,-112.525,D,2016,08,24,2016-08-24,309.0,0,20.5,290.4,0,1.5327134,3.8718476,291.31433,290.8568,291.2077,291.07343,290.68353,0.0,0.0,0.015613981,0.017369002,0.018842123,0.026869096
63.4241,-116.2396,61.966,-112.525,D,2016,08,24,2016-08-24,319.2,59,18.3,296.3,0,1.5327134,3.8718476,291.31433,290.8568,291.2077,291.07343,290.68353,0.0,0.0,0.015613981,0.017369002,0.018842123,0.026869096
63.55,-115.6108,61.966,-112.525,D,2016,08,24,2016-08-24,307.5,55,8.4,293.0,0,1.5327134,3.8718476,291.31433,290.8568,291.2077,291.07343,290.68353,0.0,0.0,0.015613981,0.017369002,0.018842123,0.026869096
63.5476,-115.6349,61.966,-112.525,D,2016,08,24,2016-08-24,305.0,44,6.2,291.7,0,1.5327134,3.8718476,291.31433,290.8568,291.2077,291.07343,290.68353,0.0,0.0,0.015613981,0.017369002,0.018842123,0.026869096
63.4801,-116.4638,61.966,-112.525,D,2016,08,24,2016-08-24,308.8,0,7.1,292.9,0,1.5327134,3.8718476,291.31433,290.8568,291.2077,291.07343,290.68353,0.0,0.0,0.015613981,0.017369002,0.018842123,0.026869096
63.4881,-116.5938,61.966,-112.525,D,2016,08,24,2016-08-24,315.2,0,13.3,292.0,0,1.5327134,3.8718476,291.31433,290.8568,291.2077,291.07343,290.68353,0.0,0.0,0.015613981,0.017369002,0.018842123,0.026869096
63.5468,-116.7297,61.966,-112.525,D,2016,08,24,2016-08-24,328.9,75,30.6,292.3,0,1.5327134,3.8718476,291.31433,290.8568,291.2077,291.07343,290.68353,0.0,0.0,0.015613981,0.017369002,0.018842123,0.026869096
63.5562,-116.7349,61.966,-112.525,D,2016,08,24,2016-08-24,345.1,71,61.0,295.7,0,1.5327134,3.8718476,291.31433,290.8568,291.2077,291.07343,290.68353,0.0,0.0,0.015613981,0.017369002,0.018842123,0.026869096
63.5537,-116.7579,61.966,-112.525,D,2016,08,24,2016-08-24,330.7,66,33.1,293.8,0,1.5327134,3.8718476,291.31433,290.8568,291.2077,291.07343,290.68353,0.0,0.0,0.015613981,0.017369002,0.018842123,0.026869096
63.5469,-121.5462,61.966,-112.525,D,2016,08,24,2016-08-24,333.7,89,29.2,297.2,0,1.5327134,3.8718476,291.31433,290.8568,291.2077,291.07343,290.68353,0.0,0.0,0.015613981,0.017369002,0.018842123,0.026869096
63.5441,-121.5655,61.966,-112.525,D,2016,08,24,2016-08-24,320.6,52,13.5,298.6,0,1.5327134,3.8718476,291.31433,290.8568,291.2077,291.07343,290.68353,0.0,0.0,0.015613981,0.017369002,0.018842123,0.026869096
63.2272,-115.946,61.966,-112.525,D,2016,08,24,2016-08-24,347.8,0,69.4,294.2,0,1.5327134,3.8718476,291.31433,290.8568,291.2077,291.07343,290.68353,0.0,0.0,0.015613981,0.017369002,0.018842123,0.026869096
63.2586,-115.8396,61.966,-112.525,D,2016,08,24,2016-08-24,316.3,0,15.4,292.9,0,1.5327134,3.8718476,291.31433,290.8568,291.2077,291.07343,290.68353,0.0,0.0,0.015613981,0.017369002,0.018842123,0.026869096
63.272,-115.8295,61.966,-112.525,D,2016,08,24,2016-08-24,304.2,50,4.8,291.9,0,1.5327134,3.8718476,291.31433,290.8568,291.2077,291.07343,290.68353,0.0,0.0,0.015613981,0.017369002,0.018842123,0.026869096
63.2669,-116.072,61.966,-112.525,D,2016,08,24,2016-08-24,317.0,47,14.4,293.4,0,1.5327134,3.8718476,291.31433,290.8568,291.2077,291.07343,290.68353,0.0,0.0,0.015613981,0.017369002,0.018842123,0.026869096
63.3006,-115.9427,61.966,-112.525,D,2016,08,24,2016-08-24,309.3,0,6.1,293.9,0,1.5327134,3.8718476,291.31433,290.8568,291.2077,291.07343,290.68353,0.0,0.0,0.015613981,0.017369002,0.018842123,0.026869096
63.3003,-116.0408,61.966,-112.525,D,2016,08,24,2016-08-24,358.7,0,99.0,296.9,0,1.5327134,3.8718476,291.31433,290.8568,291.2077,291.07343,290.68353,0.0,0.0,0.015613981,0.017369002,0.018842123,0.026869096
63.2979,-116.0636,61.966,-112.525,D,2016,08,24,2016-08-24,335.1,0,39.5,293.8,0,1.5327134,3.8718476,291.31433,290.8568,291.2077,291.07343,290.68353,0.0,0.0,0.015613981,0.017369002,0.018842123,0.026869096
63.3098,-116.0458,61.966,-112.525,D,2016,08,24,2016-08-24,312.4,0,10.1,292.8,0,1.5327134,3.8718476,291.31433,290.8568,291.2077,291.07343,290.68353,0.0,0.0,0.015613981,0.017369002,0.018842123,0.026869096
63.3072,-116.1651,61.966,-112.525,D,2016,08,24,2016-08-24,306.8,0,7.0,291.4,0,1.5327134,3.8718476,291.31433,290.8568,291.2077,291.07343,290.68353,0.0,0.0,0.015613981,0.017369002,0.018842123,0.026869096
63.5562,-121.5645,63.219,-119.114,N,2016,08,25,2016-08-25,300.5,24,10.7,281.4,0,3.7578363,-1.882547,295.73587,294.36133,289.26215,287.11377,281.33826,6.0,2.4920564e-05,0.5033988,0.52681774,0.53856206,0.5801916
63.5484,-121.5323,63.219,-119.114,N,2016,08,25,2016-08-25,304.2,59,14.0,283.3,0,3.7578363,-1.882547,295.73587,294.36133,289.26215,287.11377,281.33826,6.0,2.4920564e-05,0.5033988,0.52681774,0.53856206,0.5801916
63.551,-121.5387,59.455,-120.132,D,2016,08,25,2016-08-25,319.8,68,17.0,289.4,0,0.9369341,-0.7545099,281.6305,282.31082,287.64206,286.24084,280.72113,6.0,0.0,0.5502133,0.50985986,0.54500943,0.55334884
64.9434,-124.762,59.455,-120.132,D,2016,08,25,2016-08-25,312.5,68,14.0,296.1,0,0.9369341,-0.7545099,281.6305,282.31082,287.64206,286.24084,280.72113,6.0,0.0,0.5502133,0.50985986,0.54500943,0.55334884
60.4971,-127.1207,59.455,-120.132,D,2016,08,25,2016-08-25,311.2,46,11.6,293.6,0,0.9369341,-0.7545099,281.6305,282.31082,287.64206,286.24084,280.72113,6.0,0.0,0.5502133,0.50985986,0.54500943,0.55334884
60.4891,-127.15,59.455,-120.132,D,2016,08,25,2016-08-25,310.0,25,10.7,291.0,0,0.9369341,-0.7545099,281.6305,282.31082,287.64206,286.24084,280.72113,6.0,0.0,0.5502133,0.50985986,0.54500943,0.55334884
64.9404,-124.7734,59.455,-120.132,D,2016,08,25,2016-08-25,315.0,70,34.3,294.6,0,0.9369341,-0.7545099,281.6305,282.31082,287.64206,286.24084,280.72113,6.0,0.0,0.5502133,0.50985986,0.54500943,0.55334884
64.9414,-124.7795,59.455,-120.132,D,2016,08,25,2016-08-25,312.9,63,27.1,294.5,0,0.9369341,-0.7545099,281.6305,282.31082,287.64206,286.24084,280.72113,6.0,0.0,0.5502133,0.50985986,0.54500943,0.55334884
63.5499,-121.5482,59.455,-120.132,D,2016,08,25,2016-08-25,310.7,70,45.7,289.9,0,0.9369341,-0.7545099,281.6305,282.31082,287.64206,286.24084,280.72113,6.0,0.0,0.5502133,0.50985986,0.54500943,0.55334884
63.5507,-121.5517,59.455,-120.132,D,2016,08,25,2016-08-25,309.0,68,42.3,289.5,0,0.9369341,-0.7545099,281.6305,282.31082,287.64206,286.24084,280.72113,6.0,0.0,0.5502133,0.50985986,0.54500943,0.55334884
60.4888,-127.1125,59.455,-120.132,D,2016,08,25,2016-08-25,305.9,36,25.2,290.4,0,0.9369341,-0.7545099,281.6305,282.31082,287.64206,286.24084,280.72113,6.0,0.0,0.5502133,0.50985986,0.54500943,0.55334884
60.4895,-127.1708,59.455,-120.132,D,2016,08,25,2016-08-25,305.7,39,25.3,289.8,0,0.9369341,-0.7545099,281.6305,282.31082,287.64206,286.24084,280.72113,6.0,0.0,0.5502133,0.50985986,0.54500943,0.55334884
60.4945,-127.1093,59.455,-120.132,D,2016,08,25,2016-08-25,318.2,58,13.5,297.1,0,0.9369341,-0.7545099,281.6305,282.31082,287.64206,286.24084,280.72113,6.0,0.0,0.5502133,0.50985986,0.54500943,0.55334884
60.4923,-127.1279,59.455,-120.132,D,2016,08,25,2016-08-25,320.8,62,15.5,297.8,0,0.9369341,-0.7545099,281.6305,282.31082,287.64206,286.24084,280.72113,6.0,0.0,0.5502133,0.50985986,0.54500943,0.55334884
60.4877,-127.1659,59.455,-120.132,D,2016,08,25,2016-08-25,334.3,84,33.4,295.9,0,0.9369341,-0.7545099,281.6305,282.31082,287.64206,286.24084,280.72113,6.0,0.0,0.5502133,0.50985986,0.54500943,0.55334884
60.4968,-127.1705,59.455,-120.132,D,2016,08,25,2016-08-25,322.1,56,16.0,297.4,0,0.9369341,-0.7545099,281.6305,282.31082,287.64206,286.24084,280.72113,6.0,0.0,0.5502133,0.50985986,0.54500943,0.55334884
63.5486,-121.5143,59.455,-120.132,D,2016,08,25,2016-08-25,308.9,57,13.5,292.6,0,0.9369341,-0.7545099,281.6305,282.31082,287.64206,286.24084,280.72113,6.0,0.0,0.5502133,0.50985986,0.54500943,0.55334884
63.5463,-121.5488,59.455,-120.132,D,2016,08,25,2016-08-25,327.9,80,51.9,298.5,0,0.9369341,-0.7545099,281.6305,282.31082,287.64206,286.24084,280.72113,6.0,0.0,0.5502133,0.50985986,0.54500943,0.55334884
63.9673,-124.1091,59.455,-120.132,D,2016,08,25,2016-08-25,308.1,41,7.4,295.5,0,0.9369341,-0.7545099,281.6305,282.31082,287.64206,286.24084,280.72113,6.0,0.0,0.5502133,0.50985986,0.54500943,0.55334884
64.9284,-124.7582,59.455,-120.132,D,2016,08,25,2016-08-25,315.2,65,16.4,296.3,0,0.9369341,-0.7545099,281.6305,282.31082,287.64206,286.24084,280.72113,6.0,0.0,0.5502133,0.50985986,0.54500943,0.55334884
64.9388,-124.7632,59.455,-120.132,D,2016,08,25,2016-08-25,317.7,73,20.7,297.6,0,0.9369341,-0.7545099,281.6305,282.31082,287.64206,286.24084,280.72113,6.0,0.0,0.5502133,0.50985986,0.54500943,0.55334884
64.9363,-124.7927,59.455,-120.132,D,2016,08,25,2016-08-25,311.0,71,11.6,296.2,0,0.9369341,-0.7545099,281.6305,282.31082,287.64206,286.24084,280.72113,6.0,0.0,0.5502133,0.50985986,0.54500943,0.55334884
51.5313,-125.6427,50.559,-108.076,D,2016,08,27,2016-08-27,310.2,52,10.3,293.6,0,-1.398035,4.387583,281.78586,282.97723,287.0802,288.9461,287.70428,2.0,0.0,0.33953875,0.32261962,0.31453067,0.23849475
51.5315,-125.648,50.559,-108.076,D,2016,08,27,2016-08-27,318.2,78,16.9,294.7,0,-1.398035,4.387583,281.78586,282.97723,287.0802,288.9461,287.70428,2.0,0.0,0.33953875,0.32261962,0.31453067,0.23849475
51.2309,-101.7371,50.59,-99.5,D,2016,08,29,2016-08-29,304.6,56,44.6,289.0,0,2.798453,-1.8382502,283.81924,285.6801,289.48538,288.7687,286.22104,2.0,0.0,0.36036536,0.30882543,0.2375538,0.33096057
51.2134,-101.6821,50.59,-99.5,D,2016,08,29,2016-08-29,304.4,54,43.0,289.7,0,2.798453,-1.8382502,283.81924,285.6801,289.48538,288.7687,286.22104,2.0,0.0,0.36036536,0.30882543,0.2375538,0.33096057
51.2292,-101.7457,50.59,-99.5,D,2016,08,29,2016-08-29,301.6,45,34.4,289.0,0,2.798453,-1.8382502,283.81924,285.6801,289.48538,288.7687,286.22104,2.0,0.0,0.36036536,0.30882543,0.2375538,0.33096057
51.212,-101.6905,50.59,-99.5,D,2016,08,29,2016-08-29,306.1,59,55.4,289.6,0,2.798453,-1.8382502,283.81924,285.6801,289.48538,288.7687,286.22104,2.0,0.0,0.36036536,0.30882543,0.2375538,0.33096057
51.2193,-101.7142,50.59,-99.5,D,2016,08,29,2016-08-29,321.1,80,33.6,292.9,0,2.798453,-1.8382502,283.81924,285.6801,289.48538,288.7687,286.22104,2.0,0.0,0.36036536,0.30882543,0.2375538,0.33096057
51.2149,-101.7352,50.59,-99.5,D,2016,08,29,2016-08-29,311.8,71,18.5,292.3,0,2.798453,-1.8382502,283.81924,285.6801,289.48538,288.7687,286.22104,2.0,0.0,0.36036536,0.30882543,0.2375538,0.33096057
51.2201,-101.7193,50.59,-99.5,D,2016,08,29,2016-08-29,325.4,84,39.8,292.8,0,2.798453,-1.8382502,283.81924,285.6801,289.48538,288.7687,286.22104,2.0,0.0,0.36036536,0.30882543,0.2375538,0.33096057
52.9569,-109.4626,50.793,-102.926,D,2016,08,30,2016-08-30,326.3,83,25.8,294.0,0,-1.8017921,-0.74974424,278.86328,281.4887,287.49915,288.10257,285.41833,3.0,0.0,0.29136515,0.28501546,0.25922245,0.28576857
50.6107,-98.7085,49.885,-97.672,D,2016,09,01,2016-09-01,308.2,63,5.8,294.6,0,-2.7306182,3.1149492,284.1051,286.269,290.51715,291.00378,288.23645,4.0,0.0,0.33008215,0.3185066,0.3046582,0.4056649
50.608,-98.6932,49.885,-97.672,D,2016,09,01,2016-09-01,307.1,55,4.9,294.0,0,-2.7306182,3.1149492,284.1051,286.269,290.51715,291.00378,288.23645,4.0,0.0,0.33008215,0.3185066,0.3046582,0.4056649
54.3149,-111.5827,49.885,-97.672,D,2016,09,01,2016-09-01,303.7,57,17.5,291.0,0,-2.7306182,3.1149492,284.1051,286.269,290.51715,291.00378,288.23645,4.0,0.0,0.33008215,0.3185066,0.3046582,0.4056649
49.8855,-115.6215,49.885,-97.672,D,2016,09,01,2016-09-01,376.1,0,532.8,268.4,0,-2.7306182,3.1149492,284.1051,286.269,290.51715,291.00378,288.23645,4.0,0.0,0.33008215,0.3185066,0.3046582,0.4056649
49.8915,-115.622,49.885,-97.672,D,2016,09,01,2016-09-01,370.3,0,453.9,268.2,0,-2.7306182,3.1149492,284.1051,286.269,290.51715,291.00378,288.23645,4.0,0.0,0.33008215,0.3185066,0.3046582,0.4056649
50.6045,-98.7102,49.885,-97.672,D,2016,09,01,2016-09-01,309.9,51,5.9,296.4,0,-2.7306182,3.1149492,284.1051,286.269,290.51715,291.00378,288.23645,4.0,0.0,0.33008215,0.3185066,0.3046582,0.4056649
51.0447,-99.8005,49.885,-97.672,D,2016,09,01,2016-09-01,318.1,75,13.5,297.8,0,-2.7306182,3.1149492,284.1051,286.269,290.51715,291.00378,288.23645,4.0,0.0,0.33008215,0.3185066,0.3046582,0.4056649
49.8805,-115.6751,49.885,-97.672,D,2016,09,01,2016-09-01,322.4,46,100.0,285.6,0,-2.7306182,3.1149492,284.1051,286.269,290.51715,291.00378,288.23645,4.0,0.0,0.33008215,0.3185066,0.3046582,0.4056649
54.3154,-111.5869,49.885,-97.672,D,2016,09,01,2016-09-01,308.2,58,12.8,293.0,0,-2.7306182,3.1149492,284.1051,286.269,290.51715,291.00378,288.23645,4.0,0.0,0.33008215,0.3185066,0.3046582,0.4056649
49.7747,-115.6203,49.885,-97.672,D,2016,09,01,2016-09-01,327.6,36,85.4,272.8,0,-2.7306182,3.1149492,284.1051,286.269,290.51715,291.00378,288.23645,4.0,0.0,0.33008215,0.3185066,0.3046582,0.4056649
49.7872,-115.6443,49.885,-97.672,D,2016,09,01,2016-09-01,337.1,73,132.2,285.0,0,-2.7306182,3.1149492,284.1051,286.269,290.51715,291.00378,288.23645,4.0,0.0,0.33008215,0.3185066,0.3046582,0.4056649
49.7946,-115.6231,49.885,-97.672,D,2016,09,01,2016-09-01,324.1,62,80.2,273.4,0,-2.7306182,3.1149492,284.1051,286.269,290.51715,291.00378,288.23645,4.0,0.0,0.33008215,0.3185066,0.3046582,0.4056649
51.988,-103.5107,49.626,-97.985,D,2016,09,03,2016-09-03,300.5,38,7.4,273.0,0,-0.030162495,6.028841,291.77628,291.6184,293.58942,291.32455,288.90564,4.0,5.5031023e-07,0.26715478,0.2833736,0.27031925,0.35100412
53.2711,-106.4121,49.626,-97.985,D,2016,09,03,2016-09-03,301.6,33,3.8,290.5,0,-0.030162495,6.028841,291.77628,291.6184,293.58942,291.32455,288.90564,4.0,5.5031023e-07,0.26715478,0.2833736,0.27031925,0.35100412
51.0844,-100.0031,49.938,-97.846,D,2016,09,10,2016-09-10,300.9,40,2.4,288.8,0,2.2065399,-1.088995,281.56052,283.4005,288.21658,290.26196,288.75412,4.0,0.0,0.39834312,0.38086975,0.3071707,0.38669544
51.0823,-99.9891,49.938,-97.846,D,2016,09,10,2016-09-10,306.6,64,5.8,290.3,0,2.2065399,-1.088995,281.56052,283.4005,288.21658,290.26196,288.75412,4.0,0.0,0.39834312,0.38086975,0.3071707,0.38669544
50.3876,-98.6533,49.938,-97.846,D,2016,09,10,2016-09-10,309.5,69,7.3,293.0,0,2.2065399,-1.088995,281.56052,283.4005,288.21658,290.26196,288.75412,4.0,0.0,0.39834312,0.38086975,0.3071707,0.38669544
50.3853,-98.6391,49.938,-97.846,D,2016,09,10,2016-09-10,309.5,69,7.1,293.8,0,2.2065399,-1.088995,281.56052,283.4005,288.21658,290.26196,288.75412,4.0,0.0,0.39834312,0.38086975,0.3071707,0.38669544
49.8698,-97.8077,49.938,-97.846,D,2016,09,10,2016-09-10,305.3,38,4.1,293.5,0,2.2065399,-1.088995,281.56052,283.4005,288.21658,290.26196,288.75412,4.0,0.0,0.39834312,0.38086975,0.3071707,0.38669544
49.8672,-97.7929,49.938,-97.846,D,2016,09,10,2016-09-10,326.4,84,25.0,295.3,0,2.2065399,-1.088995,281.56052,283.4005,288.21658,290.26196,288.75412,4.0,0.0,0.39834312,0.38086975,0.3071707,0.38669544
54.5423,-117.8744,49.938,-97.846,D,2016,09,10,2016-09-10,303.9,34,9.1,286.4,0,2.2065399,-1.088995,281.56052,283.4005,288.21658,290.26196,288.75412,4.0,0.0,0.39834312,0.38086975,0.3071707,0.38669544
53.6117,-132.3786,51.716,-115.322,D,2016,09,12,2016-09-12,312.9,0,44.8,289.0,0,1.1180066,0.5596151,272.00812,274.68774,277.60513,280.90045,281.88812,2.0,9.487526e-07,0.33845887,0.34345025,0.33556786,0.3270041
52.0517,-120.8972,51.716,-115.322,D,2016,09,12,2016-09-12,318.1,78,18.6,283.9,0,1.1180066,0.5596151,272.00812,274.68774,277.60513,280.90045,281.88812,2.0,9.487526e-07,0.33845887,0.34345025,0.33556786,0.3270041
52.0539,-120.9116,51.716,-115.322,D,2016,09,12,2016-09-12,312.9,73,14.2,281.1,0,1.1180066,0.5596151,272.00812,274.68774,277.60513,280.90045,281.88812,2.0,9.487526e-07,0.33845887,0.34345025,0.33556786,0.3270041
53.5998,-132.3684,51.716,-115.322,D,2016,09,12,2016-09-12,317.0,58,62.0,290.2,0,1.1180066,0.5596151,272.00812,274.68774,277.60513,280.90045,281.88812,2.0,9.487526e-07,0.33845887,0.34345025,0.33556786,0.3270041
53.608,-132.3663,51.716,-115.322,D,2016,09,12,2016-09-12,319.3,62,69.9,290.3,0,1.1180066,0.5596151,272.00812,274.68774,277.60513,280.90045,281.88812,2.0,9.487526e-07,0.33845887,0.34345025,0.33556786,0.3270041
52.0551,-120.9052,51.716,-115.322,D,2016,09,12,2016-09-12,304.3,58,7.8,282.0,0,1.1180066,0.5596151,272.00812,274.68774,277.60513,280.90045,281.88812,2.0,9.487526e-07,0.33845887,0.34345025,0.33556786,0.3270041
52.0372,-120.8991,51.716,-115.322,D,2016,09,12,2016-09-12,327.6,85,28.4,284.2,0,1.1180066,0.5596151,272.00812,274.68774,277.60513,280.90045,281.88812,2.0,9.487526e-07,0.33845887,0.34345025,0.33556786,0.3270041
52.0461,-120.9023,51.716,-115.322,D,2016,09,12,2016-09-12,331.0,87,33.2,283.8,0,1.1180066,0.5596151,272.00812,274.68774,277.60513,280.90045,281.88812,2.0,9.487526e-07,0.33845887,0.34345025,0.33556786,0.3270041
52.0442,-120.9172,51.716,-115.322,D,2016,09,12,2016-09-12,304.8,38,7.8,282.7,0,1.1180066,0.5596151,272.00812,274.68774,277.60513,280.90045,281.88812,2.0,9.487526e-07,0.33845887,0.34345025,0.33556786,0.3270041
53.6018,-132.3714,51.716,-115.322,D,2016,09,12,2016-09-12,311.8,46,21.9,290.9,0,1.1180066,0.5596151,272.00812,274.68774,277.60513,280.90045,281.88812,2.0,9.487526e-07,0.33845887,0.34345025,0.33556786,0.3270041
53.5962,-132.3958,51.716,-115.322,D,2016,09,12,2016-09-12,310.1,32,19.4,291.0,0,1.1180066,0.5596151,272.00812,274.68774,277.60513,280.90045,281.88812,2.0,9.487526e-07,0.33845887,0.34345025,0.33556786,0.3270041
56.4894,-120.5141,51.716,-115.322,D,2016,09,12,2016-09-12,307.3,65,10.3,287.7,0,1.1180066,0.5596151,272.00812,274.68774,277.60513,280.90045,281.88812,2.0,9.487526e-07,0.33845887,0.34345025,0.33556786,0.3270041
56.4906,-120.5199,51.716,-115.322,D,2016,09,12,2016-09-12,304.2,58,8.7,287.5,0,1.1180066,0.5596151,272.00812,274.68774,277.60513,280.90045,281.88812,2.0,9.487526e-07,0.33845887,0.34345025,0.33556786,0.3270041
58.1628,-116.0727,51.716,-115.322,D,2016,09,12,2016-09-12,301.1,45,9.6,284.8,0,1.1180066,0.5596151,272.00812,274.68774,277.60513,280.90045,281.88812,2.0,9.487526e-07,0.33845887,0.34345025,0.33556786,0.3270041
58.1567,-116.0761,51.716,-115.322,D,2016,09,12,2016-09-12,301.1,44,10.1,285.0,0,1.1180066,0.5596151,272.00812,274.68774,277.60513,280.90045,281.88812,2.0,9.487526e-07,0.33845887,0.34345025,0.33556786,0.3270041
53.6107,-132.3987,51.716,-115.322,D,2016,09,12,2016-09-12,322.0,0,131.9,289.9,0,1.1180066,0.5596151,272.00812,274.68774,277.60513,280.90045,281.88812,2.0,9.487526e-07,0.33845887,0.34345025,0.33556786,0.3270041
53.6062,-132.3945,51.716,-115.322,D,2016,09,12,2016-09-12,328.5,0,188.4,290.9,0,1.1180066,0.5596151,272.00812,274.68774,277.60513,280.90045,281.88812,2.0,9.487526e-07,0.33845887,0.34345025,0.33556786,0.3270041
52.0501,-120.9046,51.986,-117.314,D,2016,09,13,2016-09-13,308.8,68,49.8,286.3,0,-0.18240714,-0.8176149,270.0837,272.5797,276.12735,279.29526,280.89053,1.0,0.0,0.28419518,0.28994185,0.24508882,0.2854217
52.035,-120.9064,51.986,-117.314,D,2016,09,13,2016-09-13,326.5,84,134.8,286.7,0,-0.18240714,-0.8176149,270.0837,272.5797,276.12735,279.29526,280.89053,1.0,0.0,0.28419518,0.28994185,0.24508882,0.2854217
52.0337,-120.8658,51.986,-117.314,D,2016,09,13,2016-09-13,312.6,73,65.9,285.6,0,-0.18240714,-0.8176149,270.0837,272.5797,276.12735,279.29526,280.89053,1.0,0.0,0.28419518,0.28994185,0.24508882,0.2854217
52.0372,-120.9119,51.986,-117.314,D,2016,09,13,2016-09-13,321.9,81,105.5,286.6,0,-0.18240714,-0.8176149,270.0837,272.5797,276.12735,279.29526,280.89053,1.0,0.0,0.28419518,0.28994185,0.24508882,0.2854217
52.0358,-120.8707,51.986,-117.314,D,2016,09,13,2016-09-13,318.8,79,90.0,285.9,0,-0.18240714,-0.8176149,270.0837,272.5797,276.12735,279.29526,280.89053,1.0,0.0,0.28419518,0.28994185,0.24508882,0.2854217
52.0464,-120.9003,51.986,-117.314,D,2016,09,13,2016-09-13,346.2,94,187.2,287.8,1,-0.18240714,-0.8176149,270.0837,272.5797,276.12735,279.29526,280.89053,1.0,0.0,0.28419518,0.28994185,0.24508882,0.2854217
52.0373,-120.8641,51.986,-117.314,D,2016,09,13,2016-09-13,310.3,43,33.2,287.0,0,-0.18240714,-0.8176149,270.0837,272.5797,276.12735,279.29526,280.89053,1.0,0.0,0.28419518,0.28994185,0.24508882,0.2854217
52.034,-120.9077,51.986,-117.314,D,2016,09,13,2016-09-13,316.5,77,52.2,287.0,0,-0.18240714,-0.8176149,270.0837,272.5797,276.12735,279.29526,280.89053,1.0,0.0,0.28419518,0.28994185,0.24508882,0.2854217
52.0254,-120.8738,51.986,-117.314,D,2016,09,13,2016-09-13,312.2,68,41.0,287.1,0,-0.18240714,-0.8176149,270.0837,272.5797,276.12735,279.29526,280.89053,1.0,0.0,0.28419518,0.28994185,0.24508882,0.2854217
52.0424,-120.8975,51.986,-117.314,D,2016,09,13,2016-09-13,347.6,95,220.9,288.6,1,-0.18240714,-0.8176149,270.0837,272.5797,276.12735,279.29526,280.89053,1.0,0.0,0.28419518,0.28994185,0.24508882,0.2854217
52.0337,-120.9314,51.986,-117.314,D,2016,09,13,2016-09-13,314.2,74,49.6,286.5,0,-0.18240714,-0.8176149,270.0837,272.5797,276.12735,279.29526,280.89053,1.0,0.0,0.28419518,0.28994185,0.24508882,0.2854217
52.0227,-120.8933,51.986,-117.314,D,2016,09,13,2016-09-13,306.4,63,30.4,287.0,0,-0.18240714,-0.8176149,270.0837,272.5797,276.12735,279.29526,280.89053,1.0,0.0,0.28419518,0.28994185,0.24508882,0.2854217
52.0358,-120.9003,51.986,-117.314,D,2016,09,13,2016-09-13,348.4,95,229.0,289.0,1,-0.18240714,-0.8176149,270.0837,272.5797,276.12735,279.29526,280.89053,1.0,0.0,0.28419518,0.28994185,0.24508882,0.2854217
52.0488,-120.908,51.986,-117.314,D,2016,09,13,2016-09-13,332.2,88,124.1,287.1,0,-0.18240714,-0.8176149,270.0837,272.5797,276.12735,279.29526,280.89053,1.0,0.0,0.28419518,0.28994185,0.24508882,0.2854217
52.0294,-120.8901,51.986,-117.314,D,2016,09,13,2016-09-13,327.8,85,101.8,287.8,0,-0.18240714,-0.8176149,270.0837,272.5797,276.12735,279.29526,280.89053,1.0,0.0,0.28419518,0.28994185,0.24508882,0.2854217
52.0206,-120.9242,51.986,-117.314,D,2016,09,13,2016-09-13,307.3,51,30.3,286.7,0,-0.18240714,-0.8176149,270.0837,272.5797,276.12735,279.29526,280.89053,1.0,0.0,0.28419518,0.28994185,0.24508882,0.2854217
52.0367,-120.8991,51.986,-117.314,D,2016,09,13,2016-09-13,325.9,84,109.8,289.5,0,-0.18240714,-0.8176149,270.0837,272.5797,276.12735,279.29526,280.89053,1.0,0.0,0.28419518,0.28994185,0.24508882,0.2854217
52.0512,-120.9008,51.986,-117.314,D,2016,09,13,2016-09-13,309.6,69,43.4,289.2,0,-0.18240714,-0.8176149,270.0837,272.5797,276.12735,279.29526,280.89053,1.0,0.0,0.28419518,0.28994185,0.24508882,0.2854217
52.0366,-120.8939,51.986,-117.314,D,2016,09,13,2016-09-13,322.9,82,95.3,289.6,0,-0.18240714,-0.8176149,270.0837,272.5797,276.12735,279.29526,280.89053,1.0,0.0,0.28419518,0.28994185,0.24508882,0.2854217
52.0349,-120.9366,51.986,-117.314,D,2016,09,13,2016-09-13,304.5,45,25.6,288.4,0,-0.18240714,-0.8176149,270.0837,272.5797,276.12735,279.29526,280.89053,1.0,0.0,0.28419518,0.28994185,0.24508882,0.2854217
56.3693,-117.4436,50.08,-99.694,D,2016,09,14,2016-09-14,303.3,56,5.2,291.9,0,2.4508162,2.9782724,276.1609,277.90976,283.06357,287.39932,288.05347,2.0,0.0,0.3466552,0.31258333,0.26202673,0.32362908
51.2332,-101.7569,50.08,-99.694,D,2016,09,14,2016-09-14,302.9,52,38.9,288.5,0,2.4508162,2.9782724,276.1609,277.90976,283.06357,287.39932,288.05347,2.0,0.0,0.3466552,0.31258333,0.26202673,0.32362908
54.4213,-117.7625,50.08,-99.694,D,2016,09,14,2016-09-14,305.9,62,6.6,289.4,0,2.4508162,2.9782724,276.1609,277.90976,283.06357,287.39932,288.05347,2.0,0.0,0.3466552,0.31258333,0.26202673,0.32362908
51.236,-101.7507,50.08,-99.694,D,2016,09,14,2016-09-14,301.4,43,31.4,288.3,0,2.4508162,2.9782724,276.1609,277.90976,283.06357,287.39932,288.05347,2.0,0.0,0.3466552,0.31258333,0.26202673,0.32362908
52.0527,-120.8883,50.08,-99.694,D,2016,09,14,2016-09-14,321.6,67,22.1,278.1,0,2.4508162,2.9782724,276.1609,277.90976,283.06357,287.39932,288.05347,2.0,0.0,0.3466552,0.31258333,0.26202673,0.32362908
54.4192,-117.7473,50.08,-99.694,D,2016,09,14,2016-09-14,307.2,65,7.4,288.9,0,2.4508162,2.9782724,276.1609,277.90976,283.06357,287.39932,288.05347,2.0,0.0,0.3466552,0.31258333,0.26202673,0.32362908
51.2313,-101.7761,50.08,-99.694,D,2016,09,14,2016-09-14,339.2,91,76.0,292.8,1,2.4508162,2.9782724,276.1609,277.90976,283.06357,287.39932,288.05347,2.0,0.0,0.3466552,0.31258333,0.26202673,0.32362908
51.2369,-101.7628,50.08,-99.694,D,2016,09,14,2016-09-14,322.2,77,35.7,291.1,0,2.4508162,2.9782724,276.1609,277.90976,283.06357,287.39932,288.05347,2.0,0.0,0.3466552,0.31258333,0.26202673,0.32362908
51.2324,-101.7838,50.08,-99.694,D,2016,09,14,2016-09-14,327.7,85,47.0,292.5,0,2.4508162,2.9782724,276.1609,277.90976,283.06357,287.39932,288.05347,2.0,0.0,0.3466552,0.31258333,0.26202673,0.32362908
51.9818,-101.3225,50.08,-99.694,D,2016,09,14,2016-09-14,312.2,72,13.3,294.7,0,2.4508162,2.9782724,276.1609,277.90976,283.06357,287.39932,288.05347,2.0,0.0,0.3466552,0.31258333,0.26202673,0.32362908
51.9856,-101.3297,50.08,-99.694,D,2016,09,14,2016-09-14,314.8,75,16.0,294.7,0,2.4508162,2.9782724,276.1609,277.90976,283.06357,287.39932,288.05347,2.0,0.0,0.3466552,0.31258333,0.26202673,0.32362908
52.035,-120.8856,50.08,-99.694,D,2016,09,14,2016-09-14,335.1,89,37.8,271.5,0,2.4508162,2.9782724,276.1609,277.90976,283.06357,287.39932,288.05347,2.0,0.0,0.3466552,0.31258333,0.26202673,0.32362908
52.0416,-120.9034,50.08,-99.694,D,2016,09,14,2016-09-14,317.8,49,17.4,270.7,0,2.4508162,2.9782724,276.1609,277.90976,283.06357,287.39932,288.05347,2.0,0.0,0.3466552,0.31258333,0.26202673,0.32362908
52.0439,-120.8892,50.08,-99.694,D,2016,09,14,2016-09-14,330.0,76,30.6,271.4,0,2.4508162,2.9782724,276.1609,277.90976,283.06357,287.39932,288.05347,2.0,0.0,0.3466552,0.31258333,0.26202673,0.32362908
55.9905,-118.3575,50.08,-99.694,D,2016,09,14,2016-09-14,312.0,72,10.0,293.0,0,2.4508162,2.9782724,276.1609,277.90976,283.06357,287.39932,288.05347,2.0,0.0,0.3466552,0.31258333,0.26202673,0.32362908
55.6362,-126.7744,52.37,-101.902,N,2016,09,15,2016-09-15,301.9,45,9.7,271.6,0,0.9014152,-3.3820128,292.18286,290.12296,285.4252,284.16025,285.55667,2.0,0.0,0.33979732,0.35470748,0.34404945,0.33223188
55.2352,-113.1598,51.866,-113.061,D,2016,09,15,2016-09-15,301.8,43,11.2,290.3,0,0.13093223,-1.7204674,279.82578,281.9229,285.24356,285.56635,287.03256,2.0,0.0,0.32822073,0.33259135,0.33359343,0.31568083
52.0488,-120.9184,51.866,-113.061,D,2016,09,15,2016-09-15,315.8,66,126.7,285.2,0,0.13093223,-1.7204674,279.82578,281.9229,285.24356,285.56635,287.03256,2.0,0.0,0.32822073,0.33259135,0.33359343,0.31568083
52.0487,-120.8603,51.866,-113.061,D,2016,09,15,2016-09-15,324.8,79,200.9,285.2,0,0.13093223,-1.7204674,279.82578,281.9229,285.24356,285.56635,287.03256,2.0,0.0,0.32822073,0.33259135,0.33359343,0.31568083
52.0485,-120.9263,51.866,-113.061,D,2016,09,15,2016-09-15,307.3,65,76.8,285.0,0,0.13093223,-1.7204674,279.82578,281.9229,285.24356,285.56635,287.03256,2.0,0.0,0.32822073,0.33259135,0.33359343,0.31568083
52.0481,-120.8686,51.866,-113.061,D,2016,09,15,2016-09-15,327.8,85,235.3,285.4,0,0.13093223,-1.7204674,279.82578,281.9229,285.24356,285.56635,287.03256,2.0,0.0,0.32822073,0.33259135,0.33359343,0.31568083
56.2512,-118.171,51.866,-113.061,D,2016,09,15,2016-09-15,305.5,61,12.2,291.4,0,0.13093223,-1.7204674,279.82578,281.9229,285.24356,285.56635,287.03256,2.0,0.0,0.32822073,0.33259135,0.33359343,0.31568083
56.2456,-118.1464,51.866,-113.061,D,2016,09,15,2016-09-15,311.4,71,20.3,292.0,0,0.13093223,-1.7204674,279.82578,281.9229,285.24356,285.56635,287.03256,2.0,0.0,0.32822073,0.33259135,0.33359343,0.31568083
52.042,-120.8658,51.866,-113.061,D,2016,09,15,2016-09-15,300.6,40,9.7,283.8,0,0.13093223,-1.7204674,279.82578,281.9229,285.24356,285.56635,287.03256,2.0,0.0,0.32822073,0.33259135,0.33359343,0.31568083
52.0476,-120.8914,51.866,-113.061,D,2016,09,15,2016-09-15,330.7,87,66.1,285.0,0,0.13093223,-1.7204674,279.82578,281.9229,285.24356,285.56635,287.03256,2.0,0.0,0.32822073,0.33259135,0.33359343,0.31568083
52.052,-120.8725,51.866,-113.061,D,2016,09,15,2016-09-15,313.2,55,69.1,285.4,0,0.13093223,-1.7204674,279.82578,281.9229,285.24356,285.56635,287.03256,2.0,0.0,0.32822073,0.33259135,0.33359343,0.31568083
52.0403,-120.9132,51.866,-113.061,D,2016,09,15,2016-09-15,325.3,84,138.3,285.2,0,0.13093223,-1.7204674,279.82578,281.9229,285.24356,285.56635,287.03256,2.0,0.0,0.32822073,0.33259135,0.33359343,0.31568083
52.0469,-120.8715,51.866,-113.061,D,2016,09,15,2016-09-15,320.0,80,113.0,285.8,0,0.13093223,-1.7204674,279.82578,281.9229,285.24356,285.56635,287.03256,2.0,0.0,0.32822073,0.33259135,0.33359343,0.31568083
52.0347,-120.913,51.866,-113.061,D,2016,09,15,2016-09-15,328.1,85,166.7,286.5,0,0.13093223,-1.7204674,279.82578,281.9229,285.24356,285.56635,287.03256,2.0,0.0,0.32822073,0.33259135,0.33359343,0.31568083
54.0512,-114.5977,51.866,-113.061,D,2016,09,15,2016-09-15,317.2,58,24.8,294.4,0,0.13093223,-1.7204674,279.82578,281.9229,285.24356,285.56635,287.03256,2.0,0.0,0.32822073,0.33259135,0.33359343,0.31568083
56.2484,-118.1568,51.866,-113.061,D,2016,09,15,2016-09-15,313.1,73,28.3,292.7,0,0.13093223,-1.7204674,279.82578,281.9229,285.24356,285.56635,287.03256,2.0,0.0,0.32822073,0.33259135,0.33359343,0.31568083
55.238,-113.1642,51.866,-113.061,D,2016,09,15,2016-09-15,305.1,61,8.2,292.3,0,0.13093223,-1.7204674,279.82578,281.9229,285.24356,285.56635,287.03256,2.0,0.0,0.32822073,0.33259135,0.33359343,0.31568083
52.0394,-120.8792,51.866,-113.061,D,2016,09,15,2016-09-15,326.4,64,66.9,287.3,0,0.13093223,-1.7204674,279.82578,281.9229,285.24356,285.56635,287.03256,2.0,0.0,0.32822073,0.33259135,0.33359343,0.31568083
52.0373,-120.911,51.866,-113.061,D,2016,09,15,2016-09-15,319.4,79,45.9,289.5,0,0.13093223,-1.7204674,279.82578,281.9229,285.24356,285.56635,287.03256,2.0,0.0,0.32822073,0.33259135,0.33359343,0.31568083
52.0399,-120.8854,51.866,-113.061,D,2016,09,15,2016-09-15,333.2,77,92.8,288.2,0,0.13093223,-1.7204674,279.82578,281.9229,285.24356,285.56635,287.03256,2.0,0.0,0.32822073,0.33259135,0.33359343,0.31568083
52.038,-120.9164,51.866,-113.061,D,2016,09,15,2016-09-15,311.6,72,29.5,289.1,0,0.13093223,-1.7204674,279.82578,281.9229,285.24356,285.56635,287.03256,2.0,0.0,0.32822073,0.33259135,0.33359343,0.31568083
55.2375,-113.1603,51.12,-108.353,D,2016,09,16,2016-09-16,311.9,72,11.4,288.5,0,-1.588269,2.3835745,280.73047,282.3826,286.7705,286.94922,287.2585,4.0,0.0,0.30894816,0.30422026,0.3181989,0.2902819
56.2475,-118.1494,51.12,-108.353,D,2016,09,16,2016-09-16,314.6,67,17.6,285.6,0,-1.588269,2.3835745,280.73047,282.3826,286.7705,286.94922,287.2585,4.0,0.0,0.30894816,0.30422026,0.3181989,0.2902819
56.2476,-118.1562,51.12,-108.353,D,2016,09,16,2016-09-16,314.4,69,16.8,285.9,0,-1.588269,2.3835745,280.73047,282.3826,286.7705,286.94922,287.2585,4.0,0.0,0.30894816,0.30422026,0.3181989,0.2902819
57.0053,-111.4803,51.12,-108.353,D,2016,09,16,2016-09-16,302.9,0,4.1,291.6,0,-1.588269,2.3835745,280.73047,282.3826,286.7705,286.94922,287.2585,4.0,0.0,0.30894816,0.30422026,0.3181989,0.2902819
51.9772,-120.5049,51.12,-108.353,D,2016,09,16,2016-09-16,308.0,66,12.2,288.7,0,-1.588269,2.3835745,280.73047,282.3826,286.7705,286.94922,287.2585,4.0,0.0,0.30894816,0.30422026,0.3181989,0.2902819
52.0765,-120.8987,51.12,-108.353,D,2016,09,16,2016-09-16,344.7,94,82.0,280.5,1,-1.588269,2.3835745,280.73047,282.3826,286.7705,286.94922,287.2585,4.0,0.0,0.30894816,0.30422026,0.3181989,0.2902819
52.0748,-120.8811,51.12,-108.353,D,2016,09,16,2016-09-16,317.5,78,25.5,280.1,0,-1.588269,2.3835745,280.73047,282.3826,286.7705,286.94922,287.2585,4.0,0.0,0.30894816,0.30422026,0.3181989,0.2902819
52.0664,-120.9029,51.12,-108.353,D,2016,09,16,2016-09-16,341.9,93,74.4,279.8,1,-1.588269,2.3835745,280.73047,282.3826,286.7705,286.94922,287.2585,4.0,0.0,0.30894816,0.30422026,0.3181989,0.2902819
52.0646,-120.8839,51.12,-108.353,D,2016,09,16,2016-09-16,324.6,83,36.5,280.0,0,-1.588269,2.3835745,280.73047,282.3826,286.7705,286.94922,287.2585,4.0,0.0,0.30894816,0.30422026,0.3181989,0.2902819
51.9753,-120.486,51.12,-108.353,D,2016,09,16,2016-09-16,301.0,43,5.8,287.7,0,-1.588269,2.3835745,280.73047,282.3826,286.7705,286.94922,287.2585,4.0,0.0,0.30894816,0.30422026,0.3181989,0.2902819
52.0744,-101.281,50.755,-101.27,D,2016,09,17,2016-09-17,310.2,60,5.3,296.8,0,-1.0896934,1.8756802,275.0614,277.7118,284.63446,286.51663,287.49667,2.0,0.0,0.29200816,0.28805238,0.2529821,0.3104224
52.0766,-101.2953,50.755,-101.27,D,2016,09,17,2016-09-17,320.1,80,14.0,298.9,0,-1.0896934,1.8756802,275.0614,277.7118,284.63446,286.51663,287.49667,2.0,0.0,0.29200816,0.28805238,0.2529821,0.3104224
52.0614,-101.2558,50.755,-101.27,D,2016,09,17,2016-09-17,310.2,51,5.2,297.1,0,-1.0896934,1.8756802,275.0614,277.7118,284.63446,286.51663,287.49667,2.0,0.0,0.29200816,0.28805238,0.2529821,0.3104224
51.1399,-102.0113,50.755,-101.27,D,2016,09,17,2016-09-17,322.1,81,18.8,290.0,0,-1.0896934,1.8756802,275.0614,277.7118,284.63446,286.51663,287.49667,2.0,0.0,0.29200816,0.28805238,0.2529821,0.3104224
51.1378,-101.9973,50.755,-101.27,D,2016,09,17,2016-09-17,329.8,86,27.5,289.3,0,-1.0896934,1.8756802,275.0614,277.7118,284.63446,286.51663,287.49667,2.0,0.0,0.29200816,0.28805238,0.2529821,0.3104224
55.7448,-121.4846,50.755,-101.27,D,2016,09,17,2016-09-17,307.5,66,10.0,287.2,0,-1.0896934,1.8756802,275.0614,277.7118,284.63446,286.51663,287.49667,2.0,0.0,0.29200816,0.28805238,0.2529821,0.3104224
51.1347,-102.0059,50.755,-101.27,D,2016,09,17,2016-09-17,334.0,89,31.3,295.0,0,-1.0896934,1.8756802,275.0614,277.7118,284.63446,286.51663,287.49667,2.0,0.0,0.29200816,0.28805238,0.2529821,0.3104224
49.9655,-111.4889,50.062,-101.77,D,2016,09,19,2016-09-19,318.0,77,56.0,297.1,0,7.5013127,-0.7361593,282.24344,283.40372,287.0906,286.70685,287.0835,2.0,0.0,0.2933589,0.27991006,0.24530394,0.29448956
49.964,-111.4479,50.062,-101.77,D,2016,09,19,2016-09-19,309.1,62,22.3,297.6,0,7.5013127,-0.7361593,282.24344,283.40372,287.0906,286.70685,287.0835,2.0,0.0,0.2933589,0.27991006,0.24530394,0.29448956
49.9654,-111.4946,50.062,-101.77,D,2016,09,19,2016-09-19,315.6,75,46.3,297.0,0,7.5013127,-0.7361593,282.24344,283.40372,287.0906,286.70685,287.0835,2.0,0.0,0.2933589,0.27991006,0.24530394,0.29448956
49.9637,-111.4535,50.062,-101.77,D,2016,09,19,2016-09-19,310.8,69,28.4,297.6,0,7.5013127,-0.7361593,282.24344,283.40372,287.0906,286.70685,287.0835,2.0,0.0,0.2933589,0.27991006,0.24530394,0.29448956
50.5126,-104.6291,50.062,-101.77,D,2016,09,19,2016-09-19,305.0,56,5.7,293.1,0,7.5013127,-0.7361593,282.24344,283.40372,287.0906,286.70685,287.0835,2.0,0.0,0.2933589,0.27991006,0.24530394,0.29448956
54.1938,-121.6674,50.062,-101.77,D,2016,09,19,2016-09-19,316.6,0,17.0,279.6,0,7.5013127,-0.7361593,282.24344,283.40372,287.0906,286.70685,287.0835,2.0,0.0,0.2933589,0.27991006,0.24530394,0.29448956
54.004,-121.0393,50.062,-101.77,D,2016,09,19,2016-09-19,302.7,46,8.3,280.1,0,7.5013127,-0.7361593,282.24344,283.40372,287.0906,286.70685,287.0835,2.0,0.0,0.2933589,0.27991006,0.24530394,0.29448956
52.2762,-108.0936,50.062,-101.77,D,2016,09,19,2016-09-19,304.4,32,12.7,284.7,0,7.5013127,-0.7361593,282.24344,283.40372,287.0906,286.70685,287.0835,2.0,0.0,0.2933589,0.27991006,0.24530394,0.29448956
54.191,-121.6667,50.062,-101.77,D,2016,09,19,2016-09-19,315.9,66,19.7,278.5,0,7.5013127,-0.7361593,282.24344,283.40372,287.0906,286.70685,287.0835,2.0,0.0,0.2933589,0.27991006,0.24530394,0.29448956
54.2556,-126.5003,50.062,-101.77,D,2016,09,19,2016-09-19,319.9,0,22.8,269.2,0,7.5013127,-0.7361593,282.24344,283.40372,287.0906,286.70685,287.0835,2.0,0.0,0.2933589,0.27991006,0.24530394,0.29448956
54.8899,-117.4703,51.788,-112.555,N,2016,09,20,2016-09-20,300.4,26,17.4,275.2,0,0.59659535,-1.7195436,283.39343,284.88647,283.9779,286.37134,287.42502,2.0,0.00017658558,0.27709806,0.25715166,0.2593612,0.25648335
58.5173,-116.288,51.788,-112.555,N,2016,09,20,2016-09-20,300.3,24,11.4,275.9,0,0.59659535,-1.7195436,283.39343,284.88647,283.9779,286.37134,287.42502,2.0,0.00017658558,0.27709806,0.25715166,0.2593612,0.25648335
56.0245,-129.0667,51.788,-112.555,N,2016,09,20,2016-09-20,311.7,83,18.7,279.5,0,0.59659535,-1.7195436,283.39343,284.88647,283.9779,286.37134,287.42502,2.0,0.00017658558,0.27709806,0.25715166,0.2593612,0.25648335
55.5007,-126.9362,53.094,-113.792,D,2016,09,20,2016-09-20,312.0,72,17.7,285.0,0,0.8292756,-1.5235419,276.79086,278.32324,282.86093,285.82132,286.46655,2.0,0.0,0.34667015,0.34614328,0.32578358,0.30875045
55.9344,-128.9716,53.094,-113.792,D,2016,09,20,2016-09-20,321.1,81,24.0,284.0,0,0.8292756,-1.5235419,276.79086,278.32324,282.86093,285.82132,286.46655,2.0,0.0,0.34667015,0.34614328,0.32578358,0.30875045
55.9317,-128.9556,53.094,-113.792,D,2016,09,20,2016-09-20,328.0,85,32.4,284.2,0,0.8292756,-1.5235419,276.79086,278.32324,282.86093,285.82132,286.46655,2.0,0.0,0.34667015,0.34614328,0.32578358,0.30875045
55.9227,-128.9601,53.094,-113.792,D,2016,09,20,2016-09-20,336.9,90,44.4,284.7,1,0.8292756,-1.5235419,276.79086,278.32324,282.86093,285.82132,286.46655,2.0,0.0,0.34667015,0.34614328,0.32578358,0.30875045
55.9199,-128.944,53.094,-113.792,D,2016,09,20,2016-09-20,325.0,83,27.2,283.7,0,0.8292756,-1.5235419,276.79086,278.32324,282.86093,285.82132,286.46655,2.0,0.0,0.34667015,0.34614328,0.32578358,0.30875045
55.5137,-126.9494,53.094,-113.792,D,2016,09,20,2016-09-20,356.7,98,106.3,286.6,1,0.8292756,-1.5235419,276.79086,278.32324,282.86093,285.82132,286.46655,2.0,0.0,0.34667015,0.34614328,0.32578358,0.30875045
55.5102,-126.9309,53.094,-113.792,D,2016,09,20,2016-09-20,330.1,87,41.1,283.7,0,0.8292756,-1.5235419,276.79086,278.32324,282.86093,285.82132,286.46655,2.0,0.0,0.34667015,0.34614328,0.32578358,0.30875045
55.5043,-126.9547,53.094,-113.792,D,2016,09,20,2016-09-20,327.3,85,37.2,284.6,0,0.8292756,-1.5235419,276.79086,278.32324,282.86093,285.82132,286.46655,2.0,0.0,0.34667015,0.34614328,0.32578358,0.30875045
55.472,-126.9579,53.094,-113.792,D,2016,09,20,2016-09-20,330.2,87,41.6,285.0,0,0.8292756,-1.5235419,276.79086,278.32324,282.86093,285.82132,286.46655,2.0,0.0,0.34667015,0.34614328,0.32578358,0.30875045
55.4685,-126.9395,53.094,-113.792,D,2016,09,20,2016-09-20,303.0,45,8.9,283.9,0,0.8292756,-1.5235419,276.79086,278.32324,282.86093,285.82132,286.46655,2.0,0.0,0.34667015,0.34614328,0.32578358,0.30875045
55.4662,-126.9819,53.094,-113.792,D,2016,09,20,2016-09-20,354.2,97,98.1,286.4,1,0.8292756,-1.5235419,276.79086,278.32324,282.86093,285.82132,286.46655,2.0,0.0,0.34667015,0.34614328,0.32578358,0.30875045
55.4627,-126.9636,53.094,-113.792,D,2016,09,20,2016-09-20,364.9,100,136.5,286.8,1,0.8292756,-1.5235419,276.79086,278.32324,282.86093,285.82132,286.46655,2.0,0.0,0.34667015,0.34614328,0.32578358,0.30875045
55.4591,-126.9452,53.094,-113.792,D,2016,09,20,2016-09-20,303.4,55,9.5,281.1,0,0.8292756,-1.5235419,276.79086,278.32324,282.86093,285.82132,286.46655,2.0,0.0,0.34667015,0.34614328,0.32578358,0.30875045
53.9687,-124.3032,53.094,-113.792,D,2016,09,20,2016-09-20,339.2,86,92.6,285.2,0,0.8292756,-1.5235419,276.79086,278.32324,282.86093,285.82132,286.46655,2.0,0.0,0.34667015,0.34614328,0.32578358,0.30875045
53.9708,-124.3076,53.094,-113.792,D,2016,09,20,2016-09-20,337.8,86,88.7,285.4,0,0.8292756,-1.5235419,276.79086,278.32324,282.86093,285.82132,286.46655,2.0,0.0,0.34667015,0.34614328,0.32578358,0.30875045
53.9655,-124.2838,53.094,-113.792,D,2016,09,20,2016-09-20,301.0,38,12.3,283.7,0,0.8292756,-1.5235419,276.79086,278.32324,282.86093,285.82132,286.46655,2.0,0.0,0.34667015,0.34614328,0.32578358,0.30875045
53.9674,-124.312,53.094,-113.792,D,2016,09,20,2016-09-20,322.1,81,87.5,284.1,0,0.8292756,-1.5235419,276.79086,278.32324,282.86093,285.82132,286.46655,2.0,0.0,0.34667015,0.34614328,0.32578358,0.30875045
55.4643,-126.9788,53.094,-113.792,D,2016,09,20,2016-09-20,338.6,91,206.4,284.7,1,0.8292756,-1.5235419,276.79086,278.32324,282.86093,285.82132,286.46655,2.0,0.0,0.34667015,0.34614328,0.32578358,0.30875045
55.503,-126.9586,53.094,-113.792,D,2016,09,20,2016-09-20,336.5,90,191.3,282.6,1,0.8292756,-1.5235419,276.79086,278.32324,282.86093,285.82132,286.46655,2.0,0.0,0.34667015,0.34614328,0.32578358,0.30875045
55.4647,-126.9868,53.094,-113.792,D,2016,09,20,2016-09-20,323.8,83,110.1,284.5,0,0.8292756,-1.5235419,276.79086,278.32324,282.86093,285.82132,286.46655,2.0,0.0,0.34667015,0.34614328,0.32578358,0.30875045
55.5036,-126.9668,53.094,-113.792,D,2016,09,20,2016-09-20,331.1,87,149.2,282.2,0,0.8292756,-1.5235419,276.79086,278.32324,282.86093,285.82132,286.46655,2.0,0.0,0.34667015,0.34614328,0.32578358,0.30875045
55.9333,-128.9618,53.094,-113.792,D,2016,09,20,2016-09-20,300.6,39,38.1,281.3,0,0.8292756,-1.5235419,276.79086,278.32324,282.86093,285.82132,286.46655,2.0,0.0,0.34667015,0.34614328,0.32578358,0.30875045
55.9282,-128.9673,53.094,-113.792,D,2016,09,20,2016-09-20,304.2,58,50.3,281.5,0,0.8292756,-1.5235419,276.79086,278.32324,282.86093,285.82132,286.46655,2.0,0.0,0.34667015,0.34614328,0.32578358,0.30875045
53.9726,-124.312,53.094,-113.792,D,2016,09,20,2016-09-20,303.3,47,21.0,286.2,0,0.8292756,-1.5235419,276.79086,278.32324,282.86093,285.82132,286.46655,2.0,0.0,0.34667015,0.34614328,0.32578358,0.30875045
53.9675,-124.3196,53.094,-113.792,D,2016,09,20,2016-09-20,305.9,59,29.0,286.4,0,0.8292756,-1.5235419,276.79086,278.32324,282.86093,285.82132,286.46655,2.0,0.0,0.34667015,0.34614328,0.32578358,0.30875045
54.26,-126.4693,53.094,-113.792,D,2016,09,20,2016-09-20,310.0,65,30.5,279.8,0,0.8292756,-1.5235419,276.79086,278.32324,282.86093,285.82132,286.46655,2.0,0.0,0.34667015,0.34614328,0.32578358,0.30875045
55.4654,-126.962,53.094,-113.792,D,2016,09,20,2016-09-20,345.6,89,139.5,286.1,0,0.8292756,-1.5235419,276.79086,278.32324,282.86093,285.82132,286.46655,2.0,0.0,0.34667015,0.34614328,0.32578358,0.30875045
55.4635,-126.9922,53.094,-113.792,D,2016,09,20,2016-09-20,331.5,87,82.3,287.4,0,0.8292756,-1.5235419,276.79086,278.32324,282.86093,285.82132,286.46655,2.0,0.0,0.34667015,0.34614328,0.32578358,0.30875045
55.4915,-126.9375,53.094,-113.792,D,2016,09,20,2016-09-20,305.3,52,19.5,284.3,0,0.8292756,-1.5235419,276.79086,278.32324,282.86093,285.82132,286.46655,2.0,0.0,0.34667015,0.34614328,0.32578358,0.30875045
55.5035,-126.9412,53.094,-113.792,D,2016,09,20,2016-09-20,382.9,100,428.0,290.8,1,0.8292756,-1.5235419,276.79086,278.32324,282.86093,285.82132,286.46655,2.0,0.0,0.34667015,0.34614328,0.32578358,0.30875045
55.5016,-126.9708,53.094,-113.792,D,2016,09,20,2016-09-20,340.8,92,117.5,287.8,1,0.8292756,-1.5235419,276.79086,278.32324,282.86093,285.82132,286.46655,2.0,0.0,0.34667015,0.34614328,0.32578358,0.30875045
55.5064,-126.947,53.094,-113.792,D,2016,09,20,2016-09-20,365.0,100,261.1,290.1,1,0.8292756,-1.5235419,276.79086,278.32324,282.86093,285.82132,286.46655,2.0,0.0,0.34667015,0.34614328,0.32578358,0.30875045
55.5046,-126.9767,53.094,-113.792,D,2016,09,20,2016-09-20,322.4,82,54.1,286.6,0,0.8292756,-1.5235419,276.79086,278.32324,282.86093,285.82132,286.46655,2.0,0.0,0.34667015,0.34614328,0.32578358,0.30875045
55.9214,-128.9637,53.094,-113.792,D,2016,09,20,2016-09-20,345.3,94,103.5,288.9,1,0.8292756,-1.5235419,276.79086,278.32324,282.86093,285.82132,286.46655,2.0,0.0,0.34667015,0.34614328,0.32578358,0.30875045
55.9222,-128.9449,53.094,-113.792,D,2016,09,20,2016-09-20,319.4,79,35.7,286.1,0,0.8292756,-1.5235419,276.79086,278.32324,282.86093,285.82132,286.46655,2.0,0.0,0.34667015,0.34614328,0.32578358,0.30875045
55.9204,-128.9683,53.094,-113.792,D,2016,09,20,2016-09-20,335.6,90,73.5,288.3,1,0.8292756,-1.5235419,276.79086,278.32324,282.86093,285.82132,286.46655,2.0,0.0,0.34667015,0.34614328,0.32578358,0.30875045
55.9315,-128.9716,53.094,-113.792,D,2016,09,20,2016-09-20,364.0,100,192.2,289.3,1,0.8292756,-1.5235419,276.79086,278.32324,282.86093,285.82132,286.46655,2.0,0.0,0.34667015,0.34614328,0.32578358,0.30875045
55.9297,-128.9951,53.094,-113.792,D,2016,09,20,2016-09-20,309.0,63,18.4,286.5,0,0.8292756,-1.5235419,276.79086,278.32324,282.86093,285.82132,286.46655,2.0,0.0,0.34667015,0.34614328,0.32578358,0.30875045
55.5673,-126.5377,54.485,-123.137,D,2016,09,21,2016-09-21,303.8,57,9.4,283.3,0,0.94339603,0.82497156,275.44327,274.39447,280.10907,283.4042,285.09695,2.0,0.0,0.34278548,0.34502184,0.31766546,0.32851398
55.5643,-126.5547,54.485,-123.137,D,2016,09,21,2016-09-21,314.8,75,18.3,285.1,0,0.94339603,0.82497156,275.44327,274.39447,280.10907,283.4042,285.09695,2.0,0.0,0.34278548,0.34502184,0.31766546,0.32851398
55.6849,-126.7841,55.285,-124.832,N,2016,09,22,2016-09-22,302.5,39,10.6,274.6,0,-0.3393035,3.046207,288.29028,283.19135,278.46033,280.42197,282.4515,2.0,0.0,0.35303995,0.36364752,0.36365914,0.37542844
55.9269,-128.9597,55.285,-124.832,N,2016,09,22,2016-09-22,307.8,73,12.3,278.8,0,-0.3393035,3.046207,288.29028,283.19135,278.46033,280.42197,282.4515,2.0,0.0,0.35303995,0.36364752,0.36365914,0.37542844
55.6755,-126.7807,55.285,-124.832,N,2016,09,22,2016-09-22,320.0,100,26.0,275.2,1,-0.3393035,3.046207,288.29028,283.19135,278.46033,280.42197,282.4515,2.0,0.0,0.35303995,0.36364752,0.36365914,0.37542844
55.6776,-126.763,55.285,-124.832,N,2016,09,22,2016-09-22,302.8,17,10.3,275.2,0,-0.3393035,3.046207,288.29028,283.19135,278.46033,280.42197,282.4515,2.0,0.0,0.35303995,0.36364752,0.36365914,0.37542844
53.5425,-122.4161,53.208,-117.731,D,2016,09,22,2016-09-22,333.1,88,65.3,288.3,0,0.8782886,1.5377121,268.85767,272.1666,276.57422,280.07916,281.88907,1.0,0.0,0.27065772,0.27308267,0.28570288,0.28465614
54.6153,-127.2272,53.208,-117.731,D,2016,09,22,2016-09-22,354.2,97,76.8,285.2,1,0.8782886,1.5377121,268.85767,272.1666,276.57422,280.07916,281.88907,1.0,0.0,0.27065772,0.27308267,0.28570288,0.28465614
54.6127,-127.2115,53.208,-117.731,D,2016,09,22,2016-09-22,328.0,85,28.0,284.4,0,0.8782886,1.5377121,268.85767,272.1666,276.57422,280.07916,281.88907,1.0,0.0,0.27065772,0.27308267,0.28570288,0.28465614
54.6143,-127.2782,53.208,-117.731,D,2016,09,22,2016-09-22,312.8,68,13.0,284.6,0,0.8782886,1.5377121,268.85767,272.1666,276.57422,280.07916,281.88907,1.0,0.0,0.27065772,0.27308267,0.28570288,0.28465614
54.6117,-127.2628,53.208,-117.731,D,2016,09,22,2016-09-22,368.2,100,117.7,285.5,1,0.8782886,1.5377121,268.85767,272.1666,276.57422,280.07916,281.88907,1.0,0.0,0.27065772,0.27308267,0.28570288,0.28465614
54.6065,-127.2318,53.208,-117.731,D,2016,09,22,2016-09-22,434.2,100,560.6,304.0,1,0.8782886,1.5377121,268.85767,272.1666,276.57422,280.07916,281.88907,1.0,0.0,0.27065772,0.27308267,0.28570288,0.28465614
54.6039,-127.2161,53.208,-117.731,D,2016,09,22,2016-09-22,390.0,100,211.7,295.8,1,0.8782886,1.5377121,268.85767,272.1666,276.57422,280.07916,281.88907,1.0,0.0,0.27065772,0.27308267,0.28570288,0.28465614
54.6013,-127.2004,53.208,-117.731,D,2016,09,22,2016-09-22,315.0,75,14.9,285.5,0,0.8782886,1.5377121,268.85767,272.1666,276.57422,280.07916,281.88907,1.0,0.0,0.27065772,0.27308267,0.28570288,0.28465614
54.608,-127.2981,53.208,-117.731,D,2016,09,22,2016-09-22,310.4,70,11.5,283.1,0,0.8782886,1.5377121,268.85767,272.1666,276.57422,280.07916,281.88907,1.0,0.0,0.27065772,0.27308267,0.28570288,0.28465614
54.6054,-127.2827,53.208,-117.731,D,2016,09,22,2016-09-22,408.5,100,327.1,291.7,1,0.8782886,1.5377121,268.85767,272.1666,276.57422,280.07916,281.88907,1.0,0.0,0.27065772,0.27308267,0.28570288,0.28465614
54.6029,-127.2672,53.208,-117.731,D,2016,09,22,2016-09-22,350.2,96,66.1,285.1,1,0.8782886,1.5377121,268.85767,272.1666,276.57422,280.07916,281.88907,1.0,0.0,0.27065772,0.27308267,0.28570288,0.28465614
54.595,-127.2206,53.208,-117.731,D,2016,09,22,2016-09-22,420.5,100,423.9,299.4,1,0.8782886,1.5377121,268.85767,272.1666,276.57422,280.07916,281.88907,1.0,0.0,0.27065772,0.27308267,0.28570288,0.28465614
54.5924,-127.205,53.208,-117.731,D,2016,09,22,2016-09-22,334.8,89,37.6,286.3,0,0.8782886,1.5377121,268.85767,272.1666,276.57422,280.07916,281.88907,1.0,0.0,0.27065772,0.27308267,0.28570288,0.28465614
53.6429,-122.8805,53.208,-117.731,D,2016,09,22,2016-09-22,302.4,50,10.2,286.7,0,0.8782886,1.5377121,268.85767,272.1666,276.57422,280.07916,281.88907,1.0,0.0,0.27065772,0.27308267,0.28570288,0.28465614
53.5469,-122.4364,53.208,-117.731,D,2016,09,22,2016-09-22,305.4,61,15.1,286.8,0,0.8782886,1.5377121,268.85767,272.1666,276.57422,280.07916,281.88907,1.0,0.0,0.27065772,0.27308267,0.28570288,0.28465614
53.6397,-122.8881,53.208,-117.731,D,2016,09,22,2016-09-22,301.4,47,9.7,286.6,0,0.8782886,1.5377121,268.85767,272.1666,276.57422,280.07916,281.88907,1.0,0.0,0.27065772,0.27308267,0.28570288,0.28465614
53.5411,-122.4221,53.208,-117.731,D,2016,09,22,2016-09-22,334.6,89,69.7,289.1,0,0.8782886,1.5377121,268.85767,272.1666,276.57422,280.07916,281.88907,1.0,0.0,0.27065772,0.27308267,0.28570288,0.28465614
53.932,-125.3902,53.208,-117.731,D,2016,09,22,2016-09-22,309.4,68,13.3,286.6,0,0.8782886,1.5377121,268.85767,272.1666,276.57422,280.07916,281.88907,1.0,0.0,0.27065772,0.27308267,0.28570288,0.28465614
53.9227,-125.3951,53.208,-117.731,D,2016,09,22,2016-09-22,330.7,87,39.3,288.9,0,0.8782886,1.5377121,268.85767,272.1666,276.57422,280.07916,281.88907,1.0,0.0,0.27065772,0.27308267,0.28570288,0.28465614
54.5884,-127.2456,53.208,-117.731,D,2016,09,22,2016-09-22,366.9,100,876.5,290.1,1,0.8782886,1.5377121,268.85767,272.1666,276.57422,280.07916,281.88907,1.0,0.0,0.27065772,0.27308267,0.28570288,0.28465614
54.587,-127.236,53.208,-117.731,D,2016,09,22,2016-09-22,368.2,100,913.5,289.2,1,0.8782886,1.5377121,268.85767,272.1666,276.57422,280.07916,281.88907,1.0,0.0,0.27065772,0.27308267,0.28570288,0.28465614
53.5382,-122.412,53.208,-117.731,D,2016,09,22,2016-09-22,304.7,60,42.4,284.8,0,0.8782886,1.5377121,268.85767,272.1666,276.57422,280.07916,281.88907,1.0,0.0,0.27065772,0.27308267,0.28570288,0.28465614
54.5837,-127.3066,53.208,-117.731,D,2016,09,22,2016-09-22,324.0,69,186.0,284.0,0,0.8782886,1.5377121,268.85767,272.1666,276.57422,280.07916,281.88907,1.0,0.0,0.27065772,0.27308267,0.28570288,0.28465614
54.6059,-127.1932,53.208,-117.731,D,2016,09,22,2016-09-22,332.5,77,258.0,285.5,0,0.8782886,1.5377121,268.85767,272.1666,276.57422,280.07916,281.88907,1.0,0.0,0.27065772,0.27308267,0.28570288,0.28465614
53.5372,-122.4163,53.208,-117.731,D,2016,09,22,2016-09-22,306.6,64,45.2,285.0,0,0.8782886,1.5377121,268.85767,272.1666,276.57422,280.07916,281.88907,1.0,0.0,0.27065772,0.27308267,0.28570288,0.28465614
55.9626,-120.3837,53.208,-117.731,D,2016,09,22,2016-09-22,302.9,54,13.4,290.8,0,0.8782886,1.5377121,268.85767,272.1666,276.57422,280.07916,281.88907,1.0,0.0,0.27065772,0.27308267,0.28570288,0.28465614
54.6107,-127.2404,53.208,-117.731,D,2016,09,22,2016-09-22,357.2,99,122.4,287.8,1,0.8782886,1.5377121,268.85767,272.1666,276.57422,280.07916,281.88907,1.0,0.0,0.27065772,0.27308267,0.28570288,0.28465614
54.6087,-127.2607,53.208,-117.731,D,2016,09,22,2016-09-22,375.2,100,205.1,292.4,1,0.8782886,1.5377121,268.85767,272.1666,276.57422,280.07916,281.88907,1.0,0.0,0.27065772,0.27308267,0.28570288,0.28465614
54.6068,-127.2811,53.208,-117.731,D,2016,09,22,2016-09-22,375.4,100,208.0,291.7,1,0.8782886,1.5377121,268.85767,272.1666,276.57422,280.07916,281.88907,1.0,0.0,0.27065772,0.27308267,0.28570288,0.28465614
54.6049,-127.302,53.208,-117.731,D,2016,09,22,2016-09-22,331.8,88,48.6,288.4,0,0.8782886,1.5377121,268.85767,272.1666,276.57422,280.07916,281.88907,1.0,0.0,0.27065772,0.27308267,0.28570288,0.28465614
54.6004,-127.2381,53.208,-117.731,D,2016,09,22,2016-09-22,410.8,100,495.9,300.1,1,0.8782886,1.5377121,268.85767,272.1666,276.57422,280.07916,281.88907,1.0,0.0,0.27065772,0.27308267,0.28570288,0.28465614
53.5399,-122.4199,53.208,-117.731,D,2016,09,22,2016-09-22,301.7,48,17.9,287.7,0,0.8782886,1.5377121,268.85767,272.1666,276.57422,280.07916,281.88907,1.0,0.0,0.27065772,0.27308267,0.28570288,0.28465614
53.9184,-125.4037,53.208,-117.731,D,2016,09,22,2016-09-22,308.0,66,15.6,290.5,0,0.8782886,1.5377121,268.85767,272.1666,276.57422,280.07916,281.88907,1.0,0.0,0.27065772,0.27308267,0.28570288,0.28465614
53.9294,-125.4057,53.208,-117.731,D,2016,09,22,2016-09-22,302.5,19,8.7,288.5,0,0.8782886,1.5377121,268.85767,272.1666,276.57422,280.07916,281.88907,1.0,0.0,0.27065772,0.27308267,0.28570288,0.28465614
53.918,-125.4087,53.208,-117.731,D,2016,09,22,2016-09-22,303.3,16,9.6,290.0,0,0.8782886,1.5377121,268.85767,272.1666,276.57422,280.07916,281.88907,1.0,0.0,0.27065772,0.27308267,0.28570288,0.28465614
54.5921,-127.2141,53.208,-117.731,D,2016,09,22,2016-09-22,348.8,95,91.7,289.5,1,0.8782886,1.5377121,268.85767,272.1666,276.57422,280.07916,281.88907,1.0,0.0,0.27065772,0.27308267,0.28570288,0.28465614
54.5901,-127.2355,53.208,-117.731,D,2016,09,22,2016-09-22,351.7,97,100.9,292.3,1,0.8782886,1.5377121,268.85767,272.1666,276.57422,280.07916,281.88907,1.0,0.0,0.27065772,0.27308267,0.28570288,0.28465614
54.6024,-127.2167,53.208,-117.731,D,2016,09,22,2016-09-22,347.3,95,87.0,288.4,1,0.8782886,1.5377121,268.85767,272.1666,276.57422,280.07916,281.88907,1.0,0.0,0.27065772,0.27308267,0.28570288,0.28465614
54.5984,-127.2587,53.208,-117.731,D,2016,09,22,2016-09-22,389.5,100,298.8,298.1,1,0.8782886,1.5377121,268.85767,272.1666,276.57422,280.07916,281.88907,1.0,0.0,0.27065772,0.27308267,0.28570288,0.28465614
54.5965,-127.2796,53.208,-117.731,D,2016,09,22,2016-09-22,300.4,28,6.6,287.7,0,0.8782886,1.5377121,268.85767,272.1666,276.57422,280.07916,281.88907,1.0,0.0,0.27065772,0.27308267,0.28570288,0.28465614
54.6126,-127.2192,53.208,-117.731,D,2016,09,22,2016-09-22,320.6,80,29.9,285.4,0,0.8782886,1.5377121,268.85767,272.1666,276.57422,280.07916,281.88907,1.0,0.0,0.27065772,0.27308267,0.28570288,0.28465614
53.9019,-116.576,51.508,-104.476,D,2016,09,23,2016-09-23,308.5,67,10.4,285.3,0,-5.552484,2.193791,281.9093,282.62003,284.36975,285.143,285.82227,2.0,3.5038218e-05,0.3117551,0.31859738,0.29096165,0.27550334
55.9397,-128.978,51.508,-104.476,D,2016,09,23,2016-09-23,305.8,39,21.9,280.6,0,-5.552484,2.193791,281.9093,282.62003,284.36975,285.143,285.82227,2.0,3.5038218e-05,0.3117551,0.31859738,0.29096165,0.27550334
55.9477,-128.9781,51.508,-104.476,D,2016,09,23,2016-09-23,307.3,51,24.9,281.1,0,-5.552484,2.193791,281.9093,282.62003,284.36975,285.143,285.82227,2.0,3.5038218e-05,0.3117551,0.31859738,0.29096165,0.27550334
55.1461,-126.9661,51.508,-104.476,D,2016,09,23,2016-09-23,331.7,76,58.3,281.7,0,-5.552484,2.193791,281.9093,282.62003,284.36975,285.143,285.82227,2.0,3.5038218e-05,0.3117551,0.31859738,0.29096165,0.27550334
55.1415,-126.9876,51.508,-104.476,D,2016,09,23,2016-09-23,317.3,59,30.5,279.7,0,-5.552484,2.193791,281.9093,282.62003,284.36975,285.143,285.82227,2.0,3.5038218e-05,0.3117551,0.31859738,0.29096165,0.27550334
54.5224,-122.6902,49.813,-101.906,D,2016,09,24,2016-09-24,320.3,70,22.1,282.7,0,-1.6489109,-0.48973656,284.84128,284.30313,285.01642,286.29874,287.1229,2.0,0.00036119486,0.36616302,0.28158772,0.2289692,0.29142228
54.5194,-122.6738,49.813,-101.906,D,2016,09,24,2016-09-24,323.7,83,26.5,282.6,0,-1.6489109,-0.48973656,284.84128,284.30313,285.01642,286.29874,287.1229,2.0,0.00036119486,0.36616302,0.28158772,0.2289692,0.29142228
54.5103,-122.6785,49.813,-101.906,D,2016,09,24,2016-09-24,316.3,44,17.6,283.8,0,-1.6489109,-0.48973656,284.84128,284.30313,285.01642,286.29874,287.1229,2.0,0.00036119486,0.36616302,0.28158772,0.2289692,0.29142228
52.954,-110.3489,49.813,-101.906,D,2016,09,24,2016-09-24,303.4,56,7.6,286.2,0,-1.6489109,-0.48973656,284.84128,284.30313,285.01642,286.29874,287.1229,2.0,0.00036119486,0.36616302,0.28158772,0.2289692,0.29142228
54.5177,-122.693,49.813,-101.906,D,2016,09,24,2016-09-24,300.3,27,42.8,280.3,0,-1.6489109,-0.48973656,284.84128,284.30313,285.01642,286.29874,287.1229,2.0,0.00036119486,0.36616302,0.28158772,0.2289692,0.29142228
54.5084,-122.6934,49.813,-101.906,D,2016,09,24,2016-09-24,302.5,52,50.8,281.1,0,-1.6489109,-0.48973656,284.84128,284.30313,285.01642,286.29874,287.1229,2.0,0.00036119486,0.36616302,0.28158772,0.2289692,0.29142228
58.1123,-116.0225,49.813,-101.906,D,2016,09,24,2016-09-24,300.7,40,7.2,289.9,0,-1.6489109,-0.48973656,284.84128,284.30313,285.01642,286.29874,287.1229,2.0,0.00036119486,0.36616302,0.28158772,0.2289692,0.29142228
53.4878,-132.0028,51.621,-107.756,D,2016,09,26,2016-09-26,310.2,21,82.6,274.9,0,1.7993622,-0.09312856,274.63312,277.64313,283.14142,285.5441,286.6109,4.0,0.0,0.35403606,0.31493902,0.31299913,0.3128369
57.6239,-117.2113,53.248,-115.555,D,2016,09,27,2016-09-27,307.6,66,21.1,287.5,0,4.0879836,-3.6533976,282.83597,283.27414,284.4264,283.57574,283.59573,6.0,0.00020160526,0.5556084,0.5679013,0.59426194,0.5770153
54.8367,-123.0901,53.248,-115.555,D,2016,09,27,2016-09-27,307.2,61,52.8,281.0,0,4.0879836,-3.6533976,282.83597,283.27414,284.4264,283.57574,283.59573,6.0,0.00020160526,0.5556084,0.5679013,0.59426194,0.5770153
54.8371,-123.0977,53.248,-115.555,D,2016,09,27,2016-09-27,312.4,68,66.5,281.2,0,4.0879836,-3.6533976,282.83597,283.27414,284.4264,283.57574,283.59573,6.0,0.00020160526,0.5556084,0.5679013,0.59426194,0.5770153
54.3476,-123.5932,53.248,-115.555,D,2016,09,27,2016-09-27,315.2,75,81.6,281.4,0,4.0879836,-3.6533976,282.83597,283.27414,284.4264,283.57574,283.59573,6.0,0.00020160526,0.5556084,0.5679013,0.59426194,0.5770153
54.3462,-123.5445,53.248,-115.555,D,2016,09,27,2016-09-27,308.4,67,54.7,279.4,0,4.0879836,-3.6533976,282.83597,283.27414,284.4264,283.57574,283.59573,6.0,0.00020160526,0.5556084,0.5679013,0.59426194,0.5770153
54.3009,-123.5466,53.248,-115.555,D,2016,09,27,2016-09-27,337.7,86,214.6,281.5,0,4.0879836,-3.6533976,282.83597,283.27414,284.4264,283.57574,283.59573,6.0,0.00020160526,0.5556084,0.5679013,0.59426194,0.5770153
54.2996,-123.4995,53.248,-115.555,D,2016,09,27,2016-09-27,331.1,82,165.4,278.7,0,4.0879836,-3.6533976,282.83597,283.27414,284.4264,283.57574,283.59573,6.0,0.00020160526,0.5556084,0.5679013,0.59426194,0.5770153
54.3028,-123.5544,53.248,-115.555,D,2016,09,27,2016-09-27,332.8,83,178.9,281.4,0,4.0879836,-3.6533976,282.83597,283.27414,284.4264,283.57574,283.59573,6.0,0.00020160526,0.5556084,0.5679013,0.59426194,0.5770153
54.3013,-123.507,53.248,-115.555,D,2016,09,27,2016-09-27,343.1,76,260.3,279.5,0,4.0879836,-3.6533976,282.83597,283.27414,284.4264,283.57574,283.59573,6.0,0.00020160526,0.5556084,0.5679013,0.59426194,0.5770153
54.3024,-123.5038,53.248,-115.555,D,2016,09,27,2016-09-27,323.1,61,60.9,274.0,0,4.0879836,-3.6533976,282.83597,283.27414,284.4264,283.57574,283.59573,6.0,0.00020160526,0.5556084,0.5679013,0.59426194,0.5770153
54.2981,-123.5413,53.248,-115.555,D,2016,09,27,2016-09-27,359.3,71,235.7,280.0,0,4.0879836,-3.6533976,282.83597,283.27414,284.4264,283.57574,283.59573,6.0,0.00020160526,0.5556084,0.5679013,0.59426194,0.5770153
54.3083,-123.5392,53.248,-115.555,D,2016,09,27,2016-09-27,384.9,0,495.7,286.1,0,4.0879836,-3.6533976,282.83597,283.27414,284.4264,283.57574,283.59573,6.0,0.00020160526,0.5556084,0.5679013,0.59426194,0.5770153
54.2967,-123.5475,53.248,-115.555,D,2016,09,27,2016-09-27,327.5,64,80.3,278.7,0,4.0879836,-3.6533976,282.83597,283.27414,284.4264,283.57574,283.59573,6.0,0.00020160526,0.5556084,0.5679013,0.59426194,0.5770153
54.0582,-125.3392,53.248,-115.555,D,2016,09,27,2016-09-27,397.6,94,542.8,287.7,1,4.0879836,-3.6533976,282.83597,283.27414,284.4264,283.57574,283.59573,6.0,0.00020160526,0.5556084,0.5679013,0.59426194,0.5770153
54.0526,-125.3153,53.248,-115.555,D,2016,09,27,2016-09-27,386.5,87,415.5,285.1,0,4.0879836,-3.6533976,282.83597,283.27414,284.4264,283.57574,283.59573,6.0,0.00020160526,0.5556084,0.5679013,0.59426194,0.5770153
54.0622,-125.3428,53.248,-115.555,D,2016,09,27,2016-09-27,367.7,94,247.4,286.2,1,4.0879836,-3.6533976,282.83597,283.27414,284.4264,283.57574,283.59573,6.0,0.00020160526,0.5556084,0.5679013,0.59426194,0.5770153
54.0568,-125.3187,53.248,-115.555,D,2016,09,27,2016-09-27,406.6,100,670.9,291.5,1,4.0879836,-3.6533976,282.83597,283.27414,284.4264,283.57574,283.59573,6.0,0.00020160526,0.5556084,0.5679013,0.59426194,0.5770153
54.3468,-123.5729,53.248,-115.555,D,2016,09,27,2016-09-27,325.0,78,68.3,282.4,0,4.0879836,-3.6533976,282.83597,283.27414,284.4264,283.57574,283.59573,6.0,0.00020160526,0.5556084,0.5679013,0.59426194,0.5770153
54.8476,-123.1003,53.248,-115.555,D,2016,09,27,2016-09-27,315.6,72,48.1,276.5,0,4.0879836,-3.6533976,282.83597,283.27414,284.4264,283.57574,283.59573,6.0,0.00020160526,0.5556084,0.5679013,0.59426194,0.5770153
54.3097,-123.5329,53.248,-115.555,D,2016,09,27,2016-09-27,381.9,89,453.9,284.3,0,4.0879836,-3.6533976,282.83597,283.27414,284.4264,283.57574,283.59573,6.0,0.00020160526,0.5556084,0.5679013,0.59426194,0.5770153
54.3056,-123.5158,53.248,-115.555,D,2016,09,27,2016-09-27,340.4,75,123.8,281.5,0,4.0879836,-3.6533976,282.83597,283.27414,284.4264,283.57574,283.59573,6.0,0.00020160526,0.5556084,0.5679013,0.59426194,0.5770153
54.2987,-123.5441,53.248,-115.555,D,2016,09,27,2016-09-27,376.4,89,387.0,284.4,0,4.0879836,-3.6533976,282.83597,283.27414,284.4264,283.57574,283.59573,6.0,0.00020160526,0.5556084,0.5679013,0.59426194,0.5770153
54.3102,-123.5525,53.248,-115.555,D,2016,09,27,2016-09-27,322.2,77,61.2,281.7,0,4.0879836,-3.6533976,282.83597,283.27414,284.4264,283.57574,283.59573,6.0,0.00020160526,0.5556084,0.5679013,0.59426194,0.5770153
54.3444,-123.5783,53.248,-115.555,D,2016,09,27,2016-09-27,318.1,68,51.4,282.5,0,4.0879836,-3.6533976,282.83597,283.27414,284.4264,283.57574,283.59573,6.0,0.00020160526,0.5556084,0.5679013,0.59426194,0.5770153
54.0551,-125.3387,53.248,-115.555,D,2016,09,27,2016-09-27,399.6,0,929.3,289.3,0,4.0879836,-3.6533976,282.83597,283.27414,284.4264,283.57574,283.59573,6.0,0.00020160526,0.5556084,0.5679013,0.59426194,0.5770153
54.8449,-123.119,53.248,-115.555,D,2016,09,27,2016-09-27,348.1,83,150.8,276.1,0,4.0879836,-3.6533976,282.83597,283.27414,284.4264,283.57574,283.59573,6.0,0.00020160526,0.5556084,0.5679013,0.59426194,0.5770153
54.045,-125.3116,53.248,-115.555,D,2016,09,27,2016-09-27,302.3,0,29.3,278.3,0,4.0879836,-3.6533976,282.83597,283.27414,284.4264,283.57574,283.59573,6.0,0.00020160526,0.5556084,0.5679013,0.59426194,0.5770153
54.2549,-122.0679,53.248,-115.555,D,2016,09,27,2016-09-27,313.6,61,95.0,276.3,0,4.0879836,-3.6533976,282.83597,283.27414,284.4264,283.57574,283.59573,6.0,0.00020160526,0.5556084,0.5679013,0.59426194,0.5770153
54.2978,-123.5503,53.248,-115.555,D,2016,09,27,2016-09-27,349.8,83,329.0,284.4,0,4.0879836,-3.6533976,282.83597,283.27414,284.4264,283.57574,283.59573,6.0,0.00020160526,0.5556084,0.5679013,0.59426194,0.5770153
54.3143,-123.5023,53.248,-115.555,D,2016,09,27,2016-09-27,320.4,0,107.1,279.8,0,4.0879836,-3.6533976,282.83597,283.27414,284.4264,283.57574,283.59573,6.0,0.00020160526,0.5556084,0.5679013,0.59426194,0.5770153
54.313,-123.5514,53.248,-115.555,D,2016,09,27,2016-09-27,339.3,69,231.3,278.2,0,4.0879836,-3.6533976,282.83597,283.27414,284.4264,283.57574,283.59573,6.0,0.00020160526,0.5556084,0.5679013,0.59426194,0.5770153
54.3385,-123.6055,53.248,-115.555,D,2016,09,27,2016-09-27,301.3,37,35.8,281.4,0,4.0879836,-3.6533976,282.83597,283.27414,284.4264,283.57574,283.59573,6.0,0.00020160526,0.5556084,0.5679013,0.59426194,0.5770153
54.8413,-123.1211,53.248,-115.555,D,2016,09,27,2016-09-27,333.7,86,208.2,282.3,0,4.0879836,-3.6533976,282.83597,283.27414,284.4264,283.57574,283.59573,6.0,0.00020160526,0.5556084,0.5679013,0.59426194,0.5770153
56.5532,-129.5602,53.248,-115.555,D,2016,09,27,2016-09-27,348.6,71,142.2,279.9,0,4.0879836,-3.6533976,282.83597,283.27414,284.4264,283.57574,283.59573,6.0,0.00020160526,0.5556084,0.5679013,0.59426194,0.5770153
54.3228,-123.5613,52.872,-117.483,D,2016,09,28,2016-09-28,316.3,77,19.0,284.0,0,-1.0973547,0.5543374,268.96857,272.38394,275.82733,278.1411,280.1771,1.0,1.4210855e-14,0.25796595,0.25236028,0.26805303,0.2767017
54.328,-123.525,52.872,-117.483,D,2016,09,28,2016-09-28,350.8,73,73.6,285.4,0,-1.0973547,0.5543374,268.96857,272.38394,275.82733,278.1411,280.1771,1.0,1.4210855e-14,0.25796595,0.25236028,0.26805303,0.2767017
54.3208,-123.5447,52.872,-117.483,D,2016,09,28,2016-09-28,395.1,94,260.8,289.7,1,-1.0973547,0.5543374,268.96857,272.38394,275.82733,278.1411,280.1771,1.0,1.4210855e-14,0.25796595,0.25236028,0.26805303,0.2767017
53.878,-123.6942,52.872,-117.483,D,2016,09,28,2016-09-28,303.6,56,8.6,284.8,0,-1.0973547,0.5543374,268.96857,272.38394,275.82733,278.1411,280.1771,1.0,1.4210855e-14,0.25796595,0.25236028,0.26805303,0.2767017
54.33,-123.5416,52.872,-117.483,D,2016,09,28,2016-09-28,354.4,92,83.1,286.4,1,-1.0973547,0.5543374,268.96857,272.38394,275.82733,278.1411,280.1771,1.0,1.4210855e-14,0.25796595,0.25236028,0.26805303,0.2767017
54.3486,-123.5354,52.872,-117.483,D,2016,09,28,2016-09-28,306.2,63,11.1,282.2,0,-1.0973547,0.5543374,268.96857,272.38394,275.82733,278.1411,280.1771,1.0,1.4210855e-14,0.25796595,0.25236028,0.26805303,0.2767017
54.3506,-123.5521,52.872,-117.483,D,2016,09,28,2016-09-28,312.8,73,16.5,281.7,0,-1.0973547,0.5543374,268.96857,272.38394,275.82733,278.1411,280.1771,1.0,1.4210855e-14,0.25796595,0.25236028,0.26805303,0.2767017
56.25,-118.1639,52.872,-117.483,D,2016,09,28,2016-09-28,306.3,63,12.8,288.2,0,-1.0973547,0.5543374,268.96857,272.38394,275.82733,278.1411,280.1771,1.0,1.4210855e-14,0.25796595,0.25236028,0.26805303,0.2767017
54.3209,-123.5385,52.872,-117.483,D,2016,09,28,2016-09-28,369.9,87,115.4,289.9,0,-1.0973547,0.5543374,268.96857,272.38394,275.82733,278.1411,280.1771,1.0,1.4210855e-14,0.25796595,0.25236028,0.26805303,0.2767017
54.3187,-123.5535,52.872,-117.483,D,2016,09,28,2016-09-28,365.6,89,100.9,289.3,0,-1.0973547,0.5543374,268.96857,272.38394,275.82733,278.1411,280.1771,1.0,1.4210855e-14,0.25796595,0.25236028,0.26805303,0.2767017
54.3318,-123.5271,52.872,-117.483,D,2016,09,28,2016-09-28,314.5,48,13.7,284.0,0,-1.0973547,0.5543374,268.96857,272.38394,275.82733,278.1411,280.1771,1.0,1.4210855e-14,0.25796595,0.25236028,0.26805303,0.2767017
54.3297,-123.5422,52.872,-117.483,D,2016,09,28,2016-09-28,324.1,83,22.7,283.9,0,-1.0973547,0.5543374,268.96857,272.38394,275.82733,278.1411,280.1771,1.0,1.4210855e-14,0.25796595,0.25236028,0.26805303,0.2767017
54.3481,-123.5392,52.872,-117.483,D,2016,09,28,2016-09-28,340.1,92,45.6,283.6,1,-1.0973547,0.5543374,268.96857,272.38394,275.82733,278.1411,280.1771,1.0,1.4210855e-14,0.25796595,0.25236028,0.26805303,0.2767017
54.3459,-123.5543,52.872,-117.483,D,2016,09,28,2016-09-28,371.2,100,122.3,286.0,1,-1.0973547,0.5543374,268.96857,272.38394,275.82733,278.1411,280.1771,1.0,1.4210855e-14,0.25796595,0.25236028,0.26805303,0.2767017
54.3547,-123.558,52.872,-117.483,D,2016,09,28,2016-09-28,301.7,46,6.5,283.4,0,-1.0973547,0.5543374,268.96857,272.38394,275.82733,278.1411,280.1771,1.0,1.4210855e-14,0.25796595,0.25236028,0.26805303,0.2767017
54.5394,-128.4105,52.872,-117.483,D,2016,09,28,2016-09-28,312.8,73,18.4,281.9,0,-1.0973547,0.5543374,268.96857,272.38394,275.82733,278.1411,280.1771,1.0,1.4210855e-14,0.25796595,0.25236028,0.26805303,0.2767017
54.536,-128.4294,52.872,-117.483,D,2016,09,28,2016-09-28,311.9,72,17.4,283.5,0,-1.0973547,0.5543374,268.96857,272.38394,275.82733,278.1411,280.1771,1.0,1.4210855e-14,0.25796595,0.25236028,0.26805303,0.2767017
56.252,-118.1416,52.872,-117.483,D,2016,09,28,2016-09-28,304.7,60,11.1,288.2,0,-1.0973547,0.5543374,268.96857,272.38394,275.82733,278.1411,280.1771,1.0,1.4210855e-14,0.25796595,0.25236028,0.26805303,0.2767017
56.2458,-118.145,52.872,-117.483,D,2016,09,28,2016-09-28,301.9,45,8.4,288.1,0,-1.0973547,0.5543374,268.96857,272.38394,275.82733,278.1411,280.1771,1.0,1.4210855e-14,0.25796595,0.25236028,0.26805303,0.2767017
56.2562,-118.1482,52.872,-117.483,D,2016,09,28,2016-09-28,302.4,47,9.3,287.6,0,-1.0973547,0.5543374,268.96857,272.38394,275.82733,278.1411,280.1771,1.0,1.4210855e-14,0.25796595,0.25236028,0.26805303,0.2767017
56.5533,-129.553,52.872,-117.483,D,2016,09,28,2016-09-28,304.9,57,12.2,281.1,0,-1.0973547,0.5543374,268.96857,272.38394,275.82733,278.1411,280.1771,1.0,1.4210855e-14,0.25796595,0.25236028,0.26805303,0.2767017
56.6606,-129.7681,52.872,-117.483,D,2016,09,28,2016-09-28,348.6,95,77.0,281.7,1,-1.0973547,0.5543374,268.96857,272.38394,275.82733,278.1411,280.1771,1.0,1.4210855e-14,0.25796595,0.25236028,0.26805303,0.2767017
56.6732,-129.7555,52.872,-117.483,D,2016,09,28,2016-09-28,322.2,53,26.0,279.2,0,-1.0973547,0.5543374,268.96857,272.38394,275.82733,278.1411,280.1771,1.0,1.4210855e-14,0.25796595,0.25236028,0.26805303,0.2767017
56.6698,-129.7737,52.872,-117.483,D,2016,09,28,2016-09-28,367.6,82,139.2,279.4,0,-1.0973547,0.5543374,268.96857,272.38394,275.82733,278.1411,280.1771,1.0,1.4210855e-14,0.25796595,0.25236028,0.26805303,0.2767017
55.4108,-123.4161,53.743,-120.27,D,2016,09,29,2016-09-29,319.9,80,174.9,279.1,0,-1.2373004,-0.18385151,266.97394,270.88828,273.96753,276.91956,279.29074,1.0,0.0,0.29998592,0.3111834,0.31769556,0.3069046
55.4087,-123.4216,53.743,-120.27,D,2016,09,29,2016-09-29,314.8,74,128.8,279.1,0,-1.2373004,-0.18385151,266.97394,270.88828,273.96753,276.91956,279.29074,1.0,0.0,0.29998592,0.3111834,0.31769556,0.3069046
55.9682,-129.1336,53.743,-120.27,D,2016,09,29,2016-09-29,365.1,100,103.6,284.4,1,-1.2373004,-0.18385151,266.97394,270.88828,273.96753,276.91956,279.29074,1.0,0.0,0.29998592,0.3111834,0.31769556,0.3069046
56.6779,-129.7799,53.743,-120.27,D,2016,09,29,2016-09-29,306.4,36,9.1,282.1,0,-1.2373004,-0.18385151,266.97394,270.88828,273.96753,276.91956,279.29074,1.0,0.0,0.29998592,0.3111834,0.31769556,0.3069046
56.6756,-129.7641,53.743,-120.27,D,2016,09,29,2016-09-29,305.8,29,8.8,282.9,0,-1.2373004,-0.18385151,266.97394,270.88828,273.96753,276.91956,279.29074,1.0,0.0,0.29998592,0.3111834,0.31769556,0.3069046
56.6668,-129.7683,53.743,-120.27,D,2016,09,29,2016-09-29,317.1,77,17.8,283.1,0,-1.2373004,-0.18385151,266.97394,270.88828,273.96753,276.91956,279.29074,1.0,0.0,0.29998592,0.3111834,0.31769556,0.3069046
55.4162,-123.4401,53.743,-120.27,D,2016,09,29,2016-09-29,353.3,97,122.2,284.3,1,-1.2373004,-0.18385151,266.97394,270.88828,273.96753,276.91956,279.29074,1.0,0.0,0.29998592,0.3111834,0.31769556,0.3069046
55.4118,-123.4188,53.743,-120.27,D,2016,09,29,2016-09-29,357.4,99,139.1,284.7,1,-1.2373004,-0.18385151,266.97394,270.88828,273.96753,276.91956,279.29074,1.0,0.0,0.29998592,0.3111834,0.31769556,0.3069046
55.4018,-123.4256,53.743,-120.27,D,2016,09,29,2016-09-29,307.1,65,18.5,282.2,0,-1.2373004,-0.18385151,266.97394,270.88828,273.96753,276.91956,279.29074,1.0,0.0,0.29998592,0.3111834,0.31769556,0.3069046
55.149,-123.3628,53.743,-120.27,D,2016,09,29,2016-09-29,366.9,100,191.1,282.9,1,-1.2373004,-0.18385151,266.97394,270.88828,273.96753,276.91956,279.29074,1.0,0.0,0.29998592,0.3111834,0.31769556,0.3069046
55.1442,-123.3402,53.743,-120.27,D,2016,09,29,2016-09-29,337.6,91,72.7,281.4,1,-1.2373004,-0.18385151,266.97394,270.88828,273.96753,276.91956,279.29074,1.0,0.0,0.29998592,0.3111834,0.31769556,0.3069046
55.1464,-123.3717,53.743,-120.27,D,2016,09,29,2016-09-29,301.6,48,13.1,279.9,0,-1.2373004,-0.18385151,266.97394,270.88828,273.96753,276.91956,279.29074,1.0,0.0,0.29998592,0.3111834,0.31769556,0.3069046
55.1417,-123.3492,53.743,-120.27,D,2016,09,29,2016-09-29,305.9,51,15.0,280.2,0,-1.2373004,-0.18385151,266.97394,270.88828,273.96753,276.91956,279.29074,1.0,0.0,0.29998592,0.3111834,0.31769556,0.3069046
55.1268,-123.3332,53.743,-120.27,D,2016,09,29,2016-09-29,340.5,92,81.9,282.7,1,-1.2373004,-0.18385151,266.97394,270.88828,273.96753,276.91956,279.29074,1.0,0.0,0.29998592,0.3111834,0.31769556,0.3069046
55.122,-123.3107,53.743,-120.27,D,2016,09,29,2016-09-29,321.0,81,37.3,282.4,0,-1.2373004,-0.18385151,266.97394,270.88828,273.96753,276.91956,279.29074,1.0,0.0,0.29998592,0.3111834,0.31769556,0.3069046
55.977,-129.1292,53.743,-120.27,D,2016,09,29,2016-09-29,317.7,70,17.6,281.7,0,-1.2373004,-0.18385151,266.97394,270.88828,273.96753,276.91956,279.29074,1.0,0.0,0.29998592,0.3111834,0.31769556,0.3069046
55.9595,-129.1379,53.743,-120.27,D,2016,09,29,2016-09-29,341.9,93,48.9,282.2,1,-1.2373004,-0.18385151,266.97394,270.88828,273.96753,276.91956,279.29074,1.0,0.0,0.29998592,0.3111834,0.31769556,0.3069046
55.957,-129.1222,53.743,-120.27,D,2016,09,29,2016-09-29,315.8,55,15.6,281.2,0,-1.2373004,-0.18385151,266.97394,270.88828,273.96753,276.91956,279.29074,1.0,0.0,0.29998592,0.3111834,0.31769556,0.3069046
55.1208,-123.3418,53.743,-120.27,D,2016,09,29,2016-09-29,324.3,83,94.5,281.6,0,-1.2373004,-0.18385151,266.97394,270.88828,273.96753,276.91956,279.29074,1.0,0.0,0.29998592,0.3111834,0.31769556,0.3069046
55.146,-123.3609,53.743,-120.27,D,2016,09,29,2016-09-29,345.9,94,210.9,282.9,1,-1.2373004,-0.18385151,266.97394,270.88828,273.96753,276.91956,279.29074,1.0,0.0,0.29998592,0.3111834,0.31769556,0.3069046
55.3988,-123.4248,53.743,-120.27,D,2016,09,29,2016-09-29,324.8,83,95.4,282.3,0,-1.2373004,-0.18385151,266.97394,270.88828,273.96753,276.91956,279.29074,1.0,0.0,0.29998592,0.3111834,0.31769556,0.3069046
55.411,-123.4355,53.743,-120.27,D,2016,09,29,2016-09-29,341.4,92,176.1,283.2,1,-1.2373004,-0.18385151,266.97394,270.88828,273.96753,276.91956,279.29074,1.0,0.0,0.29998592,0.3111834,0.31769556,0.3069046
55.9465,-129.1632,53.743,-120.27,D,2016,09,29,2016-09-29,301.9,49,56.2,280.6,0,-1.2373004,-0.18385151,266.97394,270.88828,273.96753,276.91956,279.29074,1.0,0.0,0.29998592,0.3111834,0.31769556,0.3069046
54.0273,-128.6542,53.743,-120.27,D,2016,09,29,2016-09-29,302.0,44,9.7,284.2,0,-1.2373004,-0.18385151,266.97394,270.88828,273.96753,276.91956,279.29074,1.0,0.0,0.29998592,0.3111834,0.31769556,0.3069046
55.1171,-123.3213,53.743,-120.27,D,2016,09,29,2016-09-29,308.1,66,35.1,283.5,0,-1.2373004,-0.18385151,266.97394,270.88828,273.96753,276.91956,279.29074,1.0,0.0,0.29998592,0.3111834,0.31769556,0.3069046
55.1149,-123.3631,53.743,-120.27,D,2016,09,29,2016-09-29,302.5,41,23.7,281.7,0,-1.2373004,-0.18385151,266.97394,270.88828,273.96753,276.91956,279.29074,1.0,0.0,0.29998592,0.3111834,0.31769556,0.3069046
55.1133,-123.3301,53.743,-120.27,D,2016,09,29,2016-09-29,305.5,57,29.7,283.0,0,-1.2373004,-0.18385151,266.97394,270.88828,273.96753,276.91956,279.29074,1.0,0.0,0.29998592,0.3111834,0.31769556,0.3069046
55.1533,-123.3347,53.743,-120.27,D,2016,09,29,2016-09-29,314.0,74,49.8,283.6,0,-1.2373004,-0.18385151,266.97394,270.88828,273.96753,276.91956,279.29074,1.0,0.0,0.29998592,0.3111834,0.31769556,0.3069046
55.1514,-123.3752,53.743,-120.27,D,2016,09,29,2016-09-29,338.4,91,148.3,283.8,1,-1.2373004,-0.18385151,266.97394,270.88828,273.96753,276.91956,279.29074,1.0,0.0,0.29998592,0.3111834,0.31769556,0.3069046
55.4035,-123.4213,53.743,-120.27,D,2016,09,29,2016-09-29,316.4,77,57.2,283.9,0,-1.2373004,-0.18385151,266.97394,270.88828,273.96753,276.91956,279.29074,1.0,0.0,0.29998592,0.3111834,0.31769556,0.3069046
55.4016,-123.4604,53.743,-120.27,D,2016,09,29,2016-09-29,310.3,70,41.2,283.3,0,-1.2373004,-0.18385151,266.97394,270.88828,273.96753,276.91956,279.29074,1.0,0.0,0.29998592,0.3111834,0.31769556,0.3069046
55.4168,-123.4228,53.743,-120.27,D,2016,09,29,2016-09-29,305.4,32,27.0,283.2,0,-1.2373004,-0.18385151,266.97394,270.88828,273.96753,276.91956,279.29074,1.0,0.0,0.29998592,0.3111834,0.31769556,0.3069046
55.415,-123.4604,53.743,-120.27,D,2016,09,29,2016-09-29,304.1,16,24.8,283.5,0,-1.2373004,-0.18385151,266.97394,270.88828,273.96753,276.91956,279.29074,1.0,0.0,0.29998592,0.3111834,0.31769556,0.3069046
55.9585,-129.144,53.743,-120.27,D,2016,09,29,2016-09-29,340.3,92,68.8,285.5,1,-1.2373004,-0.18385151,266.97394,270.88828,273.96753,276.91956,279.29074,1.0,0.0,0.29998592,0.3111834,0.31769556,0.3069046
55.9566,-129.1281,53.743,-120.27,D,2016,09,29,2016-09-29,317.8,67,25.5,283.9,0,-1.2373004,-0.18385151,266.97394,270.88828,273.96753,276.91956,279.29074,1.0,0.0,0.29998592,0.3111834,0.31769556,0.3069046
55.9547,-129.1502,53.743,-120.27,D,2016,09,29,2016-09-29,308.8,17,14.4,284.1,0,-1.2373004,-0.18385151,266.97394,270.88828,273.96753,276.91956,279.29074,1.0,0.0,0.29998592,0.3111834,0.31769556,0.3069046
55.967,-129.1311,53.743,-120.27,D,2016,09,29,2016-09-29,333.9,89,54.1,284.7,0,-1.2373004,-0.18385151,266.97394,270.88828,273.96753,276.91956,279.29074,1.0,0.0,0.29998592,0.3111834,0.31769556,0.3069046
55.965,-129.153,53.743,-120.27,D,2016,09,29,2016-09-29,322.0,64,31.5,284.9,0,-1.2373004,-0.18385151,266.97394,270.88828,273.96753,276.91956,279.29074,1.0,0.0,0.29998592,0.3111834,0.31769556,0.3069046
56.6684,-129.7726,53.743,-120.27,D,2016,09,29,2016-09-29,303.8,54,13.3,273.9,0,-1.2373004,-0.18385151,266.97394,270.88828,273.96753,276.91956,279.29074,1.0,0.0,0.29998592,0.3111834,0.31769556,0.3069046
54.4087,-122.4497,53.569,-118.58,D,2016,09,30,2016-09-30,333.4,83,48.4,280.3,0,0.14940643,0.32306927,272.61853,273.0597,274.53906,276.99448,279.34326,1.0,1.2589577e-05,0.25538293,0.26246363,0.27527383,0.30063632
54.4066,-122.4298,53.569,-118.58,D,2016,09,30,2016-09-30,349.6,96,87.6,282.4,1,0.14940643,0.32306927,272.61853,273.0597,274.53906,276.99448,279.34326,1.0,1.2589577e-05,0.25538293,0.26246363,0.27527383,0.30063632
54.0921,-121.2233,53.569,-118.58,D,2016,09,30,2016-09-30,341.9,93,61.1,282.1,1,0.14940643,0.32306927,272.61853,273.0597,274.53906,276.99448,279.34326,1.0,1.2589577e-05,0.25538293,0.26246363,0.27527383,0.30063632
54.0902,-121.2065,53.569,-118.58,D,2016,09,30,2016-09-30,320.1,80,25.7,281.6,0,0.14940643,0.32306927,272.61853,273.0597,274.53906,276.99448,279.34326,1.0,1.2589577e-05,0.25538293,0.26246363,0.27527383,0.30063632
54.2703,-123.5013,53.569,-118.58,D,2016,09,30,2016-09-30,332.3,77,50.2,280.6,0,0.14940643,0.32306927,272.61853,273.0597,274.53906,276.99448,279.34326,1.0,1.2589577e-05,0.25538293,0.26246363,0.27527383,0.30063632
54.2683,-123.4803,53.569,-118.58,D,2016,09,30,2016-09-30,328.2,38,41.4,283.1,0,0.14940643,0.32306927,272.61853,273.0597,274.53906,276.99448,279.34326,1.0,1.2589577e-05,0.25538293,0.26246363,0.27527383,0.30063632
54.2619,-123.525,53.569,-118.58,D,2016,09,30,2016-09-30,321.0,81,31.0,277.9,0,0.14940643,0.32306927,272.61853,273.0597,274.53906,276.99448,279.34326,1.0,1.2589577e-05,0.25538293,0.26246363,0.27527383,0.30063632
54.2599,-123.504,53.569,-118.58,D,2016,09,30,2016-09-30,316.1,64,23.9,278.0,0,0.14940643,0.32306927,272.61853,273.0597,274.53906,276.99448,279.34326,1.0,1.2589577e-05,0.25538293,0.26246363,0.27527383,0.30063632
53.9199,-123.8801,53.569,-118.58,D,2016,09,30,2016-09-30,303.4,56,12.4,284.8,0,0.14940643,0.32306927,272.61853,273.0597,274.53906,276.99448,279.34326,1.0,1.2589577e-05,0.25538293,0.26246363,0.27527383,0.30063632
53.9393,-124.2831,53.569,-118.58,D,2016,09,30,2016-09-30,353.9,80,82.7,285.7,0,0.14940643,0.32306927,272.61853,273.0597,274.53906,276.99448,279.34326,1.0,1.2589577e-05,0.25538293,0.26246363,0.27527383,0.30063632
54.3212,-122.4061,53.569,-118.58,D,2016,09,30,2016-09-30,325.3,77,24.9,282.9,0,0.14940643,0.32306927,272.61853,273.0597,274.53906,276.99448,279.34326,1.0,1.2589577e-05,0.25538293,0.26246363,0.27527383,0.30063632
54.1988,-121.9946,53.569,-118.58,D,2016,09,30,2016-09-30,333.7,84,36.8,286.5,0,0.14940643,0.32306927,272.61853,273.0597,274.53906,276.99448,279.34326,1.0,1.2589577e-05,0.25538293,0.26246363,0.27527383,0.30063632
54.2708,-123.4616,53.569,-118.58,D,2016,09,30,2016-09-30,329.0,43,29.6,284.0,0,0.14940643,0.32306927,272.61853,273.0597,274.53906,276.99448,279.34326,1.0,1.2589577e-05,0.25538293,0.26246363,0.27527383,0.30063632
54.3276,-122.4253,53.569,-118.58,D,2016,09,30,2016-09-30,329.9,82,31.2,283.2,0,0.14940643,0.32306927,272.61853,273.0597,274.53906,276.99448,279.34326,1.0,1.2589577e-05,0.25538293,0.26246363,0.27527383,0.30063632
54.4017,-122.4343,53.569,-118.58,D,2016,09,30,2016-09-30,351.7,97,70.9,287.1,1,0.14940643,0.32306927,272.61853,273.0597,274.53906,276.99448,279.34326,1.0,1.2589577e-05,0.25538293,0.26246363,0.27527383,0.30063632
54.3992,-122.4497,53.569,-118.58,D,2016,09,30,2016-09-30,328.9,86,31.1,284.6,0,0.14940643,0.32306927,272.61853,273.0597,274.53906,276.99448,279.34326,1.0,1.2589577e-05,0.25538293,0.26246363,0.27527383,0.30063632
54.2538,-123.5046,53.569,-118.58,D,2016,09,30,2016-09-30,326.6,66,26.1,280.1,0,0.14940643,0.32306927,272.61853,273.0597,274.53906,276.99448,279.34326,1.0,1.2589577e-05,0.25538293,0.26246363,0.27527383,0.30063632
54.33,-122.4103,53.569,-118.58,D,2016,09,30,2016-09-30,314.4,57,14.5,280.8,0,0.14940643,0.32306927,272.61853,273.0597,274.53906,276.99448,279.34326,1.0,1.2589577e-05,0.25538293,0.26246363,0.27527383,0.30063632
54.2681,-123.4774,53.569,-118.58,D,2016,09,30,2016-09-30,391.6,87,225.5,290.2,0,0.14940643,0.32306927,272.61853,273.0597,274.53906,276.99448,279.34326,1.0,1.2589577e-05,0.25538293,0.26246363,0.27527383,0.30063632
54.2654,-123.4933,53.569,-118.58,D,2016,09,30,2016-09-30,396.6,94,254.1,290.2,1,0.14940643,0.32306927,272.61853,273.0597,274.53906,276.99448,279.34326,1.0,1.2589577e-05,0.25538293,0.26246363,0.27527383,0.30063632
54.2628,-123.5091,53.569,-118.58,D,2016,09,30,2016-09-30,357.8,99,86.1,283.2,1,0.14940643,0.32306927,272.61853,273.0597,274.53906,276.99448,279.34326,1.0,1.2589577e-05,0.25538293,0.26246363,0.27527383,0.30063632
54.2601,-123.525,53.569,-118.58,D,2016,09,30,2016-09-30,345.3,94,57.4,283.7,1,0.14940643,0.32306927,272.61853,273.0597,274.53906,276.99448,279.34326,1.0,1.2589577e-05,0.25538293,0.26246363,0.27527383,0.30063632
54.1964,-122.0097,53.569,-118.58,D,2016,09,30,2016-09-30,312.1,63,13.3,284.8,0,0.14940643,0.32306927,272.61853,273.0597,274.53906,276.99448,279.34326,1.0,1.2589577e-05,0.25538293,0.26246363,0.27527383,0.30063632
52.1515,-103.2089,51.18,-103.222,D,2016,10,01,2016-10-01,306.5,64,6.3,291.5,0,-0.98610544,1.6970029,280.2296,282.00043,285.20535,284.548,284.92325,2.0,0.0,0.3206033,0.33205295,0.29868072,0.27201125
52.1493,-103.8957,51.18,-103.222,D,2016,10,01,2016-10-01,305.4,61,5.4,293.0,0,-0.98610544,1.6970029,280.2296,282.00043,285.20535,284.548,284.92325,2.0,0.0,0.3206033,0.33205295,0.29868072,0.27201125
51.1758,-103.6395,51.18,-103.222,D,2016,10,01,2016-10-01,304.4,46,4.5,294.4,0,-0.98610544,1.6970029,280.2296,282.00043,285.20535,284.548,284.92325,2.0,0.0,0.3206033,0.33205295,0.29868072,0.27201125
51.2178,-103.5315,51.18,-103.222,D,2016,10,01,2016-10-01,311.8,68,9.2,293.5,0,-0.98610544,1.6970029,280.2296,282.00043,285.20535,284.548,284.92325,2.0,0.0,0.3206033,0.33205295,0.29868072,0.27201125
51.2159,-103.5462,51.18,-103.222,D,2016,10,01,2016-10-01,307.7,57,6.1,293.7,0,-0.98610544,1.6970029,280.2296,282.00043,285.20535,284.548,284.92325,2.0,0.0,0.3206033,0.33205295,0.29868072,0.27201125
51.2061,-104.7257,51.18,-103.222,D,2016,10,01,2016-10-01,308.9,63,5.3,295.8,0,-0.98610544,1.6970029,280.2296,282.00043,285.20535,284.548,284.92325,2.0,0.0,0.3206033,0.33205295,0.29868072,0.27201125
51.2042,-104.7398,51.18,-103.222,D,2016,10,01,2016-10-01,319.0,77,13.6,295.9,0,-0.98610544,1.6970029,280.2296,282.00043,285.20535,284.548,284.92325,2.0,0.0,0.3206033,0.33205295,0.29868072,0.27201125
53.081,-131.8979,51.18,-103.222,D,2016,10,01,2016-10-01,319.9,72,19.5,284.7,0,-0.98610544,1.6970029,280.2296,282.00043,285.20535,284.548,284.92325,2.0,0.0,0.3206033,0.33205295,0.29868072,0.27201125
53.0832,-131.8832,51.18,-103.222,D,2016,10,01,2016-10-01,336.4,88,39.8,285.3,0,-0.98610544,1.6970029,280.2296,282.00043,285.20535,284.548,284.92325,2.0,0.0,0.3206033,0.33205295,0.29868072,0.27201125
54.6886,-126.0713,53.641,-118.595,D,2016,10,02,2016-10-02,400.0,75,918.6,286.2,0,0.9725743,1.0394851,270.3732,273.65698,275.30093,277.05756,279.56033,2.0,2.3862053e-06,0.30960456,0.29915136,0.30060968,0.32161167
54.7276,-126.1629,53.641,-118.595,D,2016,10,02,2016-10-02,365.3,87,359.7,281.5,0,0.9725743,1.0394851,270.3732,273.65698,275.30093,277.05756,279.56033,2.0,2.3862053e-06,0.30960456,0.29915136,0.30060968,0.32161167
54.7395,-126.1518,53.641,-118.595,D,2016,10,02,2016-10-02,391.0,0,727.8,283.6,0,0.9725743,1.0394851,270.3732,273.65698,275.30093,277.05756,279.56033,2.0,2.3862053e-06,0.30960456,0.29915136,0.30060968,0.32161167
54.6456,-126.3967,53.641,-118.595,D,2016,10,02,2016-10-02,328.0,81,99.4,276.0,0,0.9725743,1.0394851,270.3732,273.65698,275.30093,277.05756,279.56033,2.0,2.3862053e-06,0.30960456,0.29915136,0.30060968,0.32161167
54.6768,-126.083,53.641,-118.595,D,2016,10,02,2016-10-02,349.6,90,227.1,277.4,1,0.9725743,1.0394851,270.3732,273.65698,275.30093,277.05756,279.56033,2.0,2.3862053e-06,0.30960456,0.29915136,0.30060968,0.32161167
54.6673,-126.0474,53.641,-118.595,D,2016,10,02,2016-10-02,319.1,55,65.8,279.7,0,0.9725743,1.0394851,270.3732,273.65698,275.30093,277.05756,279.56033,2.0,2.3862053e-06,0.30960456,0.29915136,0.30060968,0.32161167
54.6704,-126.0968,53.641,-118.595,D,2016,10,02,2016-10-02,327.4,85,97.1,275.5,0,0.9725743,1.0394851,270.3732,273.65698,275.30093,277.05756,279.56033,2.0,2.3862053e-06,0.30960456,0.29915136,0.30060968,0.32161167
54.6611,-126.061,53.641,-118.595,D,2016,10,02,2016-10-02,316.5,65,57.0,277.9,0,0.9725743,1.0394851,270.3732,273.65698,275.30093,277.05756,279.56033,2.0,2.3862053e-06,0.30960456,0.29915136,0.30060968,0.32161167
54.6368,-126.3634,53.641,-118.595,D,2016,10,02,2016-10-02,305.1,50,28.6,274.8,0,0.9725743,1.0394851,270.3732,273.65698,275.30093,277.05756,279.56033,2.0,2.3862053e-06,0.30960456,0.29915136,0.30060968,0.32161167
54.6496,-126.3986,53.641,-118.595,D,2016,10,02,2016-10-02,325.5,79,88.3,274.3,0,0.9725743,1.0394851,270.3732,273.65698,275.30093,277.05756,279.56033,2.0,2.3862053e-06,0.30960456,0.29915136,0.30060968,0.32161167
54.641,-126.3653,53.641,-118.595,D,2016,10,02,2016-10-02,311.3,67,42.0,275.5,0,0.9725743,1.0394851,270.3732,273.65698,275.30093,277.05756,279.56033,2.0,2.3862053e-06,0.30960456,0.29915136,0.30060968,0.32161167
54.6698,-126.0737,53.641,-118.595,D,2016,10,02,2016-10-02,358.5,75,161.0,277.3,0,0.9725743,1.0394851,270.3732,273.65698,275.30093,277.05756,279.56033,2.0,2.3862053e-06,0.30960456,0.29915136,0.30060968,0.32161167
54.665,-126.0956,53.641,-118.595,D,2016,10,02,2016-10-02,340.6,72,86.9,277.9,0,0.9725743,1.0394851,270.3732,273.65698,275.30093,277.05756,279.56033,2.0,2.3862053e-06,0.30960456,0.29915136,0.30060968,0.32161167
54.6906,-126.0888,53.641,-118.595,D,2016,10,02,2016-10-02,324.1,72,46.5,274.6,0,0.9725743,1.0394851,270.3732,273.65698,275.30093,277.05756,279.56033,2.0,2.3862053e-06,0.30960456,0.29915136,0.30060968,0.32161167
54.6387,-126.3801,53.641,-118.595,D,2016,10,02,2016-10-02,324.7,83,50.0,273.9,0,0.9725743,1.0394851,270.3732,273.65698,275.30093,277.05756,279.56033,2.0,2.3862053e-06,0.30960456,0.29915136,0.30060968,0.32161167
54.6334,-126.4042,53.641,-118.595,D,2016,10,02,2016-10-02,328.2,85,59.1,279.2,0,0.9725743,1.0394851,270.3732,273.65698,275.30093,277.05756,279.56033,2.0,2.3862053e-06,0.30960456,0.29915136,0.30060968,0.32161167
54.6372,-126.3864,53.641,-118.595,D,2016,10,02,2016-10-02,331.6,76,68.5,274.4,0,0.9725743,1.0394851,270.3732,273.65698,275.30093,277.05756,279.56033,2.0,2.3862053e-06,0.30960456,0.29915136,0.30060968,0.32161167
54.6318,-126.4102,53.641,-118.595,D,2016,10,02,2016-10-02,309.9,41,24.2,278.9,0,0.9725743,1.0394851,270.3732,273.65698,275.30093,277.05756,279.56033,2.0,2.3862053e-06,0.30960456,0.29915136,0.30060968,0.32161167
54.7115,-126.1628,53.641,-118.595,D,2016,10,02,2016-10-02,319.4,68,35.5,275.6,0,0.9725743,1.0394851,270.3732,273.65698,275.30093,277.05756,279.56033,2.0,2.3862053e-06,0.30960456,0.29915136,0.30060968,0.32161167
54.7219,-126.1705,53.641,-118.595,D,2016,10,02,2016-10-02,350.5,73,125.4,277.1,0,0.9725743,1.0394851,270.3732,273.65698,275.30093,277.05756,279.56033,2.0,2.3862053e-06,0.30960456,0.29915136,0.30060968,0.32161167
54.6337,-126.4171,53.641,-118.595,D,2016,10,02,2016-10-02,301.1,44,50.2,278.3,0,0.9725743,1.0394851,270.3732,273.65698,275.30093,277.05756,279.56033,2.0,2.3862053e-06,0.30960456,0.29915136,0.30060968,0.32161167
54.6741,-126.0608,53.641,-118.595,D,2016,10,02,2016-10-02,331.8,78,241.2,276.8,0,0.9725743,1.0394851,270.3732,273.65698,275.30093,277.05756,279.56033,2.0,2.3862053e-06,0.30960456,0.29915136,0.30060968,0.32161167
54.6737,-126.1275,53.641,-118.595,D,2016,10,02,2016-10-02,313.6,68,102.5,277.4,0,0.9725743,1.0394851,270.3732,273.65698,275.30093,277.05756,279.56033,2.0,2.3862053e-06,0.30960456,0.29915136,0.30060968,0.32161167
54.6909,-126.058,53.641,-118.595,D,2016,10,02,2016-10-02,365.6,75,747.0,278.7,0,0.9725743,1.0394851,270.3732,273.65698,275.30093,277.05756,279.56033,2.0,2.3862053e-06,0.30960456,0.29915136,0.30060968,0.32161167
54.6904,-126.1242,53.641,-118.595,D,2016,10,02,2016-10-02,342.4,93,349.5,280.0,1,0.9725743,1.0394851,270.3732,273.65698,275.30093,277.05756,279.56033,2.0,2.3862053e-06,0.30960456,0.29915136,0.30060968,0.32161167
54.7233,-126.1815,53.641,-118.595,D,2016,10,02,2016-10-02,339.9,69,314.1,278.9,0,0.9725743,1.0394851,270.3732,273.65698,275.30093,277.05756,279.56033,2.0,2.3862053e-06,0.30960456,0.29915136,0.30060968,0.32161167
54.756,-126.2412,53.641,-118.595,D,2016,10,02,2016-10-02,306.4,0,67.0,276.4,0,0.9725743,1.0394851,270.3732,273.65698,275.30093,277.05756,279.56033,2.0,2.3862053e-06,0.30960456,0.29915136,0.30060968,0.32161167
54.7687,-126.5413,53.641,-118.595,D,2016,10,02,2016-10-02,301.3,46,50.4,281.0,0,0.9725743,1.0394851,270.3732,273.65698,275.30093,277.05756,279.56033,2.0,2.3862053e-06,0.30960456,0.29915136,0.30060968,0.32161167
54.7764,-126.5506,53.641,-118.595,D,2016,10,02,2016-10-02,304.5,59,62.7,280.9,0,0.9725743,1.0394851,270.3732,273.65698,275.30093,277.05756,279.56033,2.0,2.3862053e-06,0.30960456,0.29915136,0.30060968,0.32161167
54.7468,-126.2278,50.367,-105.05,N,2016,10,03,2016-10-03,317.5,46,19.5,268.0,0,-4.963405,-5.7883806,281.11633,283.5037,285.14062,286.70294,286.8658,4.0,0.00049308746,0.4785695,0.38303006,0.30088902,0.34897494
54.9413,-125.8303,52.868,-116.23,D,2016,10,03,2016-10-03,317.3,77,18.9,275.4,0,2.2338455,0.9893745,270.2868,272.91382,277.88196,280.5752,281.52002,2.0,0.0,0.52450925,0.5260625,0.5073386,0.51109797
54.9649,-125.7334,52.868,-116.23,D,2016,10,03,2016-10-03,360.7,94,90.7,276.4,1,2.2338455,0.9893745,270.2868,272.91382,277.88196,280.5752,281.52002,2.0,0.0,0.52450925,0.5260625,0.5073386,0.51109797
54.9325,-125.8341,52.868,-116.23,D,2016,10,03,2016-10-03,345.4,94,55.9,276.4,1,2.2338455,0.9893745,270.2868,272.91382,277.88196,280.5752,281.52002,2.0,0.0,0.52450925,0.5260625,0.5073386,0.51109797
54.9435,-125.846,52.868,-116.23,D,2016,10,03,2016-10-03,305.2,38,9.6,274.9,0,2.2338455,0.9893745,270.2868,272.91382,277.88196,280.5752,281.52002,2.0,0.0,0.52450925,0.5260625,0.5073386,0.51109797
54.9347,-125.8497,52.868,-116.23,D,2016,10,03,2016-10-03,349.2,88,63.1,276.7,0,2.2338455,0.9893745,270.2868,272.91382,277.88196,280.5752,281.52002,2.0,0.0,0.52450925,0.5260625,0.5073386,0.51109797
54.8948,-125.7097,52.868,-116.23,D,2016,10,03,2016-10-03,340.5,80,53.6,283.8,0,2.2338455,0.9893745,270.2868,272.91382,277.88196,280.5752,281.52002,2.0,0.0,0.52450925,0.5260625,0.5073386,0.51109797
54.9287,-125.8274,52.868,-116.23,D,2016,10,03,2016-10-03,312.5,55,16.2,277.1,0,2.2338455,0.9893745,270.2868,272.91382,277.88196,280.5752,281.52002,2.0,0.0,0.52450925,0.5260625,0.5073386,0.51109797
54.9268,-125.8434,52.868,-116.23,D,2016,10,03,2016-10-03,324.8,55,28.7,276.3,0,2.2338455,0.9893745,270.2868,272.91382,277.88196,280.5752,281.52002,2.0,0.0,0.52450925,0.5260625,0.5073386,0.51109797
54.8149,-127.5129,52.868,-116.23,D,2016,10,03,2016-10-03,415.7,100,0.0,271.7,1,2.2338455,0.9893745,270.2868,272.91382,277.88196,280.5752,281.52002,2.0,0.0,0.52450925,0.5260625,0.5073386,0.51109797
54.8968,-125.6933,52.868,-116.23,D,2016,10,03,2016-10-03,336.0,0,46.0,278.2,0,2.2338455,0.9893745,270.2868,272.91382,277.88196,280.5752,281.52002,2.0,0.0,0.52450925,0.5260625,0.5073386,0.51109797
54.2214,-113.3544,50.93,-96.03,D,2016,10,04,2016-10-04,323.4,82,25.7,282.2,0,-3.5932236,3.128876,287.38602,287.56442,288.1972,285.46652,284.11694,6.0,0.0,0.64165795,0.65171814,0.6550599,0.63694984
55.2407,-122.9619,53.237,-122.738,D,2016,10,05,2016-10-05,341.0,79,46.3,273.9,0,1.3352276,-1.1159201,274.32812,275.7127,278.9127,280.69092,284.14282,4.0,7.482913e-08,0.4419323,0.43933296,0.40457064,0.41541955
55.1381,-122.9599,53.237,-122.738,D,2016,10,05,2016-10-05,364.7,100,101.2,279.2,1,1.3352276,-1.1159201,274.32812,275.7127,278.9127,280.69092,284.14282,4.0,7.482913e-08,0.4419323,0.43933296,0.40457064,0.41541955
55.1311,-122.9695,53.237,-122.738,D,2016,10,05,2016-10-05,314.4,61,13.8,274.4,0,1.3352276,-1.1159201,274.32812,275.7127,278.9127,280.69092,284.14282,4.0,7.482913e-08,0.4419323,0.43933296,0.40457064,0.41541955
55.2339,-122.9812,53.237,-122.738,D,2016,10,05,2016-10-05,364.5,0,100.9,277.3,0,1.3352276,-1.1159201,274.32812,275.7127,278.9127,280.69092,284.14282,4.0,7.482913e-08,0.4419323,0.43933296,0.40457064,0.41541955
53.8571,-126.7205,50.302,-95.584,D,2016,10,06,2016-10-06,302.0,0,12.4,277.4,0,5.154264,4.6360493,276.53967,278.14078,284.1033,286.53247,286.3114,2.0,6.6710413e-06,0.5085339,0.5034034,0.5029892,0.4834824
53.8472,-126.726,50.302,-95.584,D,2016,10,06,2016-10-06,388.3,87,300.1,285.5,0,5.154264,4.6360493,276.53967,278.14078,284.1033,286.53247,286.3114,2.0,6.6710413e-06,0.5085339,0.5034034,0.5029892,0.4834824
53.8431,-126.706,50.302,-95.584,D,2016,10,06,2016-10-06,327.3,85,43.8,278.9,0,5.154264,4.6360493,276.53967,278.14078,284.1033,286.53247,286.3114,2.0,6.6710413e-06,0.5085339,0.5034034,0.5029892,0.4834824
53.0893,-131.8888,50.302,-95.584,D,2016,10,06,2016-10-06,322.1,57,22.9,282.5,0,5.154264,4.6360493,276.53967,278.14078,284.1033,286.53247,286.3114,2.0,6.6710413e-06,0.5085339,0.5034034,0.5029892,0.4834824
53.0869,-131.8741,50.302,-95.584,D,2016,10,06,2016-10-06,316.5,62,17.4,283.0,0,5.154264,4.6360493,276.53967,278.14078,284.1033,286.53247,286.3114,2.0,6.6710413e-06,0.5085339,0.5034034,0.5029892,0.4834824
50.4733,-117.2148,50.302,-95.584,D,2016,10,06,2016-10-06,308.4,43,20.0,275.0,0,5.154264,4.6360493,276.53967,278.14078,284.1033,286.53247,286.3114,2.0,6.6710413e-06,0.5085339,0.5034034,0.5029892,0.4834824
53.8438,-126.7253,50.302,-95.584,D,2016,10,06,2016-10-06,342.3,75,286.0,277.2,0,5.154264,4.6360493,276.53967,278.14078,284.1033,286.53247,286.3114,2.0,6.6710413e-06,0.5085339,0.5034034,0.5029892,0.4834824
56.1019,-119.449,50.302,-95.584,D,2016,10,06,2016-10-06,300.3,34,15.4,268.8,0,5.154264,4.6360493,276.53967,278.14078,284.1033,286.53247,286.3114,2.0,6.6710413e-06,0.5085339,0.5034034,0.5029892,0.4834824
53.8337,-126.7731,50.302,-95.584,D,2016,10,06,2016-10-06,314.8,0,93.9,277.0,0,5.154264,4.6360493,276.53967,278.14078,284.1033,286.53247,286.3114,2.0,6.6710413e-06,0.5085339,0.5034034,0.5029892,0.4834824
53.8476,-126.7252,50.302,-95.584,D,2016,10,06,2016-10-06,340.6,59,268.7,276.8,0,5.154264,4.6360493,276.53967,278.14078,284.1033,286.53247,286.3114,2.0,6.6710413e-06,0.5085339,0.5034034,0.5029892,0.4834824
57.9943,-116.3785,50.302,-95.584,D,2016,10,06,2016-10-06,302.5,53,10.0,276.8,0,5.154264,4.6360493,276.53967,278.14078,284.1033,286.53247,286.3114,2.0,6.6710413e-06,0.5085339,0.5034034,0.5029892,0.4834824
58.3465,-115.5187,50.302,-95.584,D,2016,10,06,2016-10-06,319.9,80,23.2,269.3,0,5.154264,4.6360493,276.53967,278.14078,284.1033,286.53247,286.3114,2.0,6.6710413e-06,0.5085339,0.5034034,0.5029892,0.4834824
58.4082,-116.468,50.302,-95.584,D,2016,10,06,2016-10-06,304.3,58,10.6,272.2,0,5.154264,4.6360493,276.53967,278.14078,284.1033,286.53247,286.3114,2.0,6.6710413e-06,0.5085339,0.5034034,0.5029892,0.4834824
53.9034,-126.7568,50.302,-95.584,D,2016,10,06,2016-10-06,300.3,0,17.3,272.2,0,5.154264,4.6360493,276.53967,278.14078,284.1033,286.53247,286.3114,2.0,6.6710413e-06,0.5085339,0.5034034,0.5029892,0.4834824
53.8417,-126.7087,50.302,-95.584,D,2016,10,06,2016-10-06,310.9,71,31.3,279.5,0,5.154264,4.6360493,276.53967,278.14078,284.1033,286.53247,286.3114,2.0,6.6710413e-06,0.5085339,0.5034034,0.5029892,0.4834824
53.8398,-126.7374,50.302,-95.584,D,2016,10,06,2016-10-06,344.2,94,132.4,281.7,1,5.154264,4.6360493,276.53967,278.14078,284.1033,286.53247,286.3114,2.0,6.6710413e-06,0.5085339,0.5034034,0.5029892,0.4834824
53.9784,-127.1697,50.302,-95.584,D,2016,10,06,2016-10-06,327.4,0,66.4,278.5,0,5.154264,4.6360493,276.53967,278.14078,284.1033,286.53247,286.3114,2.0,6.6710413e-06,0.5085339,0.5034034,0.5029892,0.4834824
53.9726,-127.252,50.302,-95.584,D,2016,10,06,2016-10-06,306.4,52,23.6,276.5,0,5.154264,4.6360493,276.53967,278.14078,284.1033,286.53247,286.3114,2.0,6.6710413e-06,0.5085339,0.5034034,0.5029892,0.4834824
53.5286,-132.1816,50.302,-95.584,D,2016,10,06,2016-10-06,309.1,68,14.5,282.8,0,5.154264,4.6360493,276.53967,278.14078,284.1033,286.53247,286.3114,2.0,6.6710413e-06,0.5085339,0.5034034,0.5029892,0.4834824
55.2102,-124.0515,55.314,-120.216,N,2016,10,07,2016-10-07,323.3,100,32.0,271.7,1,-4.3858175,-1.2621417,271.16534,271.61917,274.2326,278.51672,282.74066,2.0,0.00039709543,0.3738215,0.37675777,0.3607343,0.34425205
55.2194,-124.057,55.314,-120.216,N,2016,10,07,2016-10-07,307.1,33,14.7,270.3,0,-4.3858175,-1.2621417,271.16534,271.61917,274.2326,278.51672,282.74066,2.0,0.00039709543,0.3738215,0.37675777,0.3607343,0.34425205
58.0933,-116.0819,52.631,-98.381,D,2016,10,08,2016-10-08,345.5,71,148.3,272.9,0,-1.5186841,-6.5975804,277.41772,283.257,283.25644,283.25726,283.27112,0.0,0.00010393234,7.241964e-05,5.64456e-05,7.343292e-05,5.2049756e-05
58.1007,-116.1118,52.631,-98.381,D,2016,10,08,2016-10-08,318.3,49,49.2,270.8,0,-1.5186841,-6.5975804,277.41772,283.257,283.25644,283.25726,283.27112,0.0,0.00010393234,7.241964e-05,5.64456e-05,7.343292e-05,5.2049756e-05
58.085,-116.0839,52.631,-98.381,D,2016,10,08,2016-10-08,335.1,38,95.9,274.0,0,-1.5186841,-6.5975804,277.41772,283.257,283.25644,283.25726,283.27112,0.0,0.00010393234,7.241964e-05,5.64456e-05,7.343292e-05,5.2049756e-05
58.0961,-116.0739,52.631,-98.381,D,2016,10,08,2016-10-08,324.3,25,61.5,269.3,0,-1.5186841,-6.5975804,277.41772,283.257,283.25644,283.25726,283.27112,0.0,0.00010393234,7.241964e-05,5.64456e-05,7.343292e-05,5.2049756e-05
58.0821,-116.0919,52.631,-98.381,D,2016,10,08,2016-10-08,320.1,80,56.5,274.1,0,-1.5186841,-6.5975804,277.41772,283.257,283.25644,283.25726,283.27112,0.0,0.00010393234,7.241964e-05,5.64456e-05,7.343292e-05,5.2049756e-05
58.0922,-116.092,52.631,-98.381,D,2016,10,08,2016-10-08,377.5,100,198.2,279.0,1,-1.5186841,-6.5975804,277.41772,283.257,283.25644,283.25726,283.27112,0.0,0.00010393234,7.241964e-05,5.64456e-05,7.343292e-05,5.2049756e-05
58.0829,-116.0854,52.631,-98.381,D,2016,10,08,2016-10-08,328.7,86,42.3,271.8,0,-1.5186841,-6.5975804,277.41772,283.257,283.25644,283.25726,283.27112,0.0,0.00010393234,7.241964e-05,5.64456e-05,7.343292e-05,5.2049756e-05
58.079,-116.1051,52.631,-98.381,D,2016,10,08,2016-10-08,311.9,72,20.3,272.1,0,-1.5186841,-6.5975804,277.41772,283.257,283.25644,283.25726,283.27112,0.0,0.00010393234,7.241964e-05,5.64456e-05,7.343292e-05,5.2049756e-05
58.0884,-116.1117,52.631,-98.381,D,2016,10,08,2016-10-08,326.5,84,37.9,275.0,0,-1.5186841,-6.5975804,277.41772,283.257,283.25644,283.25726,283.27112,0.0,0.00010393234,7.241964e-05,5.64456e-05,7.343292e-05,5.2049756e-05
51.0291,-116.2233,49.837,-104.503,D,2016,10,09,2016-10-09,317.1,0,18.5,272.9,0,-2.4447298,5.653139,276.77914,276.51352,278.82718,283.46805,287.66196,2.0,0.0,0.39036652,0.3771429,0.25903437,0.2786174
51.0276,-116.2188,49.837,-104.503,D,2016,10,09,2016-10-09,333.9,84,40.0,274.8,0,-2.4447298,5.653139,276.77914,276.51352,278.82718,283.46805,287.66196,2.0,0.0,0.39036652,0.3771429,0.25903437,0.2786174
51.0258,-116.2327,49.837,-104.503,D,2016,10,09,2016-10-09,332.5,88,37.7,277.5,0,-2.4447298,5.653139,276.77914,276.51352,278.82718,283.46805,287.66196,2.0,0.0,0.39036652,0.3771429,0.25903437,0.2786174
55.0573,-123.3423,51.863,-104.503,D,2016,10,10,2016-10-10,317.7,78,22.8,272.6,0,2.9677298,-4.2965603,273.14346,275.19714,277.43246,281.06003,285.19937,2.0,5.5781115e-06,0.38819638,0.38280162,0.29559058,0.2820729
53.927,-125.3897,51.863,-104.503,D,2016,10,10,2016-10-10,338.8,0,46.4,268.9,0,2.9677298,-4.2965603,273.14346,275.19714,277.43246,281.06003,285.19937,2.0,5.5781115e-06,0.38819638,0.38280162,0.29559058,0.2820729
53.9246,-125.3748,51.863,-104.503,D,2016,10,10,2016-10-10,367.5,0,114.9,274.2,0,2.9677298,-4.2965603,273.14346,275.19714,277.43246,281.06003,285.19937,2.0,5.5781115e-06,0.38819638,0.38280162,0.29559058,0.2820729
54.4012,-122.4254,51.863,-104.503,D,2016,10,10,2016-10-10,330.6,87,42.0,275.2,0,2.9677298,-4.2965603,273.14346,275.19714,277.43246,281.06003,285.19937,2.0,5.5781115e-06,0.38819638,0.38280162,0.29559058,0.2820729
54.5132,-122.2212,51.863,-104.503,D,2016,10,10,2016-10-10,319.4,79,25.9,273.5,0,2.9677298,-4.2965603,273.14346,275.19714,277.43246,281.06003,285.19937,2.0,5.5781115e-06,0.38819638,0.38280162,0.29559058,0.2820729
54.5224,-122.2161,51.863,-104.503,D,2016,10,10,2016-10-10,322.6,82,30.0,275.3,0,2.9677298,-4.2965603,273.14346,275.19714,277.43246,281.06003,285.19937,2.0,5.5781115e-06,0.38819638,0.38280162,0.29559058,0.2820729
54.398,-122.3533,51.863,-104.503,D,2016,10,10,2016-10-10,334.4,82,46.3,273.2,0,2.9677298,-4.2965603,273.14346,275.19714,277.43246,281.06003,285.19937,2.0,5.5781115e-06,0.38819638,0.38280162,0.29559058,0.2820729
54.3855,-122.3402,51.863,-104.503,D,2016,10,10,2016-10-10,307.5,62,14.4,272.0,0,2.9677298,-4.2965603,273.14346,275.19714,277.43246,281.06003,285.19937,2.0,5.5781115e-06,0.38819638,0.38280162,0.29559058,0.2820729
55.1387,-128.0177,51.863,-104.503,D,2016,10,10,2016-10-10,308.1,66,13.4,276.2,0,2.9677298,-4.2965603,273.14346,275.19714,277.43246,281.06003,285.19937,2.0,5.5781115e-06,0.38819638,0.38280162,0.29559058,0.2820729
55.1366,-128.0018,51.863,-104.503,D,2016,10,10,2016-10-10,305.5,62,11.6,276.6,0,2.9677298,-4.2965603,273.14346,275.19714,277.43246,281.06003,285.19937,2.0,5.5781115e-06,0.38819638,0.38280162,0.29559058,0.2820729
53.9103,-122.2296,51.863,-104.503,D,2016,10,10,2016-10-10,328.8,86,41.0,276.5,0,2.9677298,-4.2965603,273.14346,275.19714,277.43246,281.06003,285.19937,2.0,5.5781115e-06,0.38819638,0.38280162,0.29559058,0.2820729
54.0062,-123.878,51.863,-104.503,D,2016,10,10,2016-10-10,313.7,74,17.8,277.8,0,2.9677298,-4.2965603,273.14346,275.19714,277.43246,281.06003,285.19937,2.0,5.5781115e-06,0.38819638,0.38280162,0.29559058,0.2820729
53.4878,-122.3876,51.863,-104.503,D,2016,10,10,2016-10-10,304.5,56,13.9,269.6,0,2.9677298,-4.2965603,273.14346,275.19714,277.43246,281.06003,285.19937,2.0,5.5781115e-06,0.38819638,0.38280162,0.29559058,0.2820729
53.491,-122.4045,51.863,-104.503,D,2016,10,10,2016-10-10,305.8,59,14.8,269.0,0,2.9677298,-4.2965603,273.14346,275.19714,277.43246,281.06003,285.19937,2.0,5.5781115e-06,0.38819638,0.38280162,0.29559058,0.2820729
54.3891,-122.3741,51.863,-104.503,D,2016,10,10,2016-10-10,312.9,46,104.2,272.4,0,2.9677298,-4.2965603,273.14346,275.19714,277.43246,281.06003,285.19937,2.0,5.5781115e-06,0.38819638,0.38280162,0.29559058,0.2820729
54.3827,-122.3615,51.863,-104.503,D,2016,10,10,2016-10-10,325.5,70,187.1,274.0,0,2.9677298,-4.2965603,273.14346,275.19714,277.43246,281.06003,285.19937,2.0,5.5781115e-06,0.38819638,0.38280162,0.29559058,0.2820729
53.3081,-123.4132,51.863,-104.503,D,2016,10,10,2016-10-10,319.1,79,32.2,275.8,0,2.9677298,-4.2965603,273.14346,275.19714,277.43246,281.06003,285.19937,2.0,5.5781115e-06,0.38819638,0.38280162,0.29559058,0.2820729
53.3127,-123.4197,51.863,-104.503,D,2016,10,10,2016-10-10,316.2,76,29.7,276.2,0,2.9677298,-4.2965603,273.14346,275.19714,277.43246,281.06003,285.19937,2.0,5.5781115e-06,0.38819638,0.38280162,0.29559058,0.2820729
53.4898,-122.4016,51.863,-104.503,D,2016,10,10,2016-10-10,306.1,43,19.8,269.4,0,2.9677298,-4.2965603,273.14346,275.19714,277.43246,281.06003,285.19937,2.0,5.5781115e-06,0.38819638,0.38280162,0.29559058,0.2820729
53.902,-122.239,51.863,-104.503,D,2016,10,10,2016-10-10,312.5,73,30.1,276.8,0,2.9677298,-4.2965603,273.14346,275.19714,277.43246,281.06003,285.19937,2.0,5.5781115e-06,0.38819638,0.38280162,0.29559058,0.2820729
54.9832,-124.311,51.863,-104.503,D,2016,10,10,2016-10-10,325.6,79,42.8,275.4,0,2.9677298,-4.2965603,273.14346,275.19714,277.43246,281.06003,285.19937,2.0,5.5781115e-06,0.38819638,0.38280162,0.29559058,0.2820729
54.3916,-122.338,51.863,-104.503,D,2016,10,10,2016-10-10,306.2,59,21.5,274.2,0,2.9677298,-4.2965603,273.14346,275.19714,277.43246,281.06003,285.19937,2.0,5.5781115e-06,0.38819638,0.38280162,0.29559058,0.2820729
54.3897,-122.3619,51.863,-104.503,D,2016,10,10,2016-10-10,332.4,88,69.1,275.0,0,2.9677298,-4.2965603,273.14346,275.19714,277.43246,281.06003,285.19937,2.0,5.5781115e-06,0.38819638,0.38280162,0.29559058,0.2820729
54.3922,-122.3455,51.863,-104.503,D,2016,10,10,2016-10-10,323.8,78,49.4,274.7,0,2.9677298,-4.2965603,273.14346,275.19714,277.43246,281.06003,285.19937,2.0,5.5781115e-06,0.38819638,0.38280162,0.29559058,0.2820729
54.3903,-122.3694,51.863,-104.503,D,2016,10,10,2016-10-10,319.6,79,40.1,273.9,0,2.9677298,-4.2965603,273.14346,275.19714,277.43246,281.06003,285.19937,2.0,5.5781115e-06,0.38819638,0.38280162,0.29559058,0.2820729
54.5137,-122.228,51.863,-104.503,D,2016,10,10,2016-10-10,315.0,75,36.2,275.7,0,2.9677298,-4.2965603,273.14346,275.19714,277.43246,281.06003,285.19937,2.0,5.5781115e-06,0.38819638,0.38280162,0.29559058,0.2820729
55.0583,-123.3515,51.863,-104.503,D,2016,10,10,2016-10-10,302.7,53,16.7,274.5,0,2.9677298,-4.2965603,273.14346,275.19714,277.43246,281.06003,285.19937,2.0,5.5781115e-06,0.38819638,0.38280162,0.29559058,0.2820729
54.9729,-124.308,51.863,-104.503,D,2016,10,10,2016-10-10,361.5,94,145.4,276.6,1,2.9677298,-4.2965603,273.14346,275.19714,277.43246,281.06003,285.19937,2.0,5.5781115e-06,0.38819638,0.38280162,0.29559058,0.2820729
54.9788,-124.2983,54.265,-123.947,D,2016,10,11,2016-10-11,336.6,90,156.2,275.0,1,1.0166316,0.5077446,268.40695,267.31827,273.8812,278.82538,283.72287,2.0,0.0,0.3984771,0.39570883,0.38242137,0.38017467
54.8274,-124.138,54.265,-123.947,D,2016,10,11,2016-10-11,333.8,84,134.2,272.2,0,1.0166316,0.5077446,268.40695,267.31827,273.8812,278.82538,283.72287,2.0,0.0,0.3984771,0.39570883,0.38242137,0.38017467
54.8257,-124.1005,54.265,-123.947,D,2016,10,11,2016-10-11,324.0,78,90.8,273.4,0,1.0166316,0.5077446,268.40695,267.31827,273.8812,278.82538,283.72287,2.0,0.0,0.3984771,0.39570883,0.38242137,0.38017467
54.814,-124.1404,54.265,-123.947,D,2016,10,11,2016-10-11,304.9,17,31.4,270.0,0,1.0166316,0.5077446,268.40695,267.31827,273.8812,278.82538,283.72287,2.0,0.0,0.3984771,0.39570883,0.38242137,0.38017467
54.8192,-124.1453,54.265,-123.947,D,2016,10,11,2016-10-11,326.8,80,103.5,271.1,0,1.0166316,0.5077446,268.40695,267.31827,273.8812,278.82538,283.72287,2.0,0.0,0.3984771,0.39570883,0.38242137,0.38017467
54.8173,-124.108,54.265,-123.947,D,2016,10,11,2016-10-11,333.6,84,134.0,273.1,0,1.0166316,0.5077446,268.40695,267.31827,273.8812,278.82538,283.72287,2.0,0.0,0.3984771,0.39570883,0.38242137,0.38017467
54.9805,-124.3358,54.265,-123.947,D,2016,10,11,2016-10-11,340.4,92,180.0,274.6,1,1.0166316,0.5077446,268.40695,267.31827,273.8812,278.82538,283.72287,2.0,0.0,0.3984771,0.39570883,0.38242137,0.38017467
54.2833,-124.7442,54.265,-123.947,D,2016,10,11,2016-10-11,306.1,44,40.9,272.0,0,1.0166316,0.5077446,268.40695,267.31827,273.8812,278.82538,283.72287,2.0,0.0,0.3984771,0.39570883,0.38242137,0.38017467
54.2732,-124.8277,54.265,-123.947,D,2016,10,11,2016-10-11,307.7,55,45.4,273.9,0,1.0166316,0.5077446,268.40695,267.31827,273.8812,278.82538,283.72287,2.0,0.0,0.3984771,0.39570883,0.38242137,0.38017467
54.2714,-124.7863,54.265,-123.947,D,2016,10,11,2016-10-11,326.6,84,110.4,273.2,0,1.0166316,0.5077446,268.40695,267.31827,273.8812,278.82538,283.72287,2.0,0.0,0.3984771,0.39570883,0.38242137,0.38017467
54.2852,-124.7862,54.265,-123.947,D,2016,10,11,2016-10-11,331.6,87,133.8,274.2,0,1.0166316,0.5077446,268.40695,267.31827,273.8812,278.82538,283.72287,2.0,0.0,0.3984771,0.39570883,0.38242137,0.38017467
54.984,-124.3164,54.265,-123.947,D,2016,10,11,2016-10-11,325.4,79,103.1,275.5,0,1.0166316,0.5077446,268.40695,267.31827,273.8812,278.82538,283.72287,2.0,0.0,0.3984771,0.39570883,0.38242137,0.38017467
54.9717,-124.3262,54.265,-123.947,D,2016,10,11,2016-10-11,327.3,85,110.2,274.6,0,1.0166316,0.5077446,268.40695,267.31827,273.8812,278.82538,283.72287,2.0,0.0,0.3984771,0.39570883,0.38242137,0.38017467
54.8255,-124.1511,54.265,-123.947,D,2016,10,11,2016-10-11,314.8,71,67.1,275.6,0,1.0166316,0.5077446,268.40695,267.31827,273.8812,278.82538,283.72287,2.0,0.0,0.3984771,0.39570883,0.38242137,0.38017467
54.816,-124.1156,54.265,-123.947,D,2016,10,11,2016-10-11,338.3,86,173.0,276.8,0,1.0166316,0.5077446,268.40695,267.31827,273.8812,278.82538,283.72287,2.0,0.0,0.3984771,0.39570883,0.38242137,0.38017467
55.4424,-128.1679,54.265,-123.947,D,2016,10,11,2016-10-11,306.5,64,22.6,277.6,0,1.0166316,0.5077446,268.40695,267.31827,273.8812,278.82538,283.72287,2.0,0.0,0.3984771,0.39570883,0.38242137,0.38017467
55.4378,-128.1476,54.265,-123.947,D,2016,10,11,2016-10-11,336.7,90,86.6,277.8,1,1.0166316,0.5077446,268.40695,267.31827,273.8812,278.82538,283.72287,2.0,0.0,0.3984771,0.39570883,0.38242137,0.38017467
55.318,-128.6455,54.265,-123.947,D,2016,10,11,2016-10-11,306.5,64,23.1,275.4,0,1.0166316,0.5077446,268.40695,267.31827,273.8812,278.82538,283.72287,2.0,0.0,0.3984771,0.39570883,0.38242137,0.38017467
54.3156,-124.8524,54.265,-123.947,D,2016,10,11,2016-10-11,306.1,33,36.2,273.9,0,1.0166316,0.5077446,268.40695,267.31827,273.8812,278.82538,283.72287,2.0,0.0,0.3984771,0.39570883,0.38242137,0.38017467
54.2972,-124.7827,54.265,-123.947,D,2016,10,11,2016-10-11,357.7,99,302.3,277.3,1,1.0166316,0.5077446,268.40695,267.31827,273.8812,278.82538,283.72287,2.0,0.0,0.3984771,0.39570883,0.38242137,0.38017467
54.2886,-124.7501,54.265,-123.947,D,2016,10,11,2016-10-11,325.8,74,97.1,273.4,0,1.0166316,0.5077446,268.40695,267.31827,273.8812,278.82538,283.72287,2.0,0.0,0.3984771,0.39570883,0.38242137,0.38017467
54.2848,-124.7924,54.265,-123.947,D,2016,10,11,2016-10-11,362.5,100,353.2,276.7,1,1.0166316,0.5077446,268.40695,267.31827,273.8812,278.82538,283.72287,2.0,0.0,0.3984771,0.39570883,0.38242137,0.38017467
54.2765,-124.7611,54.265,-123.947,D,2016,10,11,2016-10-11,317.4,78,69.3,273.4,0,1.0166316,0.5077446,268.40695,267.31827,273.8812,278.82538,283.72287,2.0,0.0,0.3984771,0.39570883,0.38242137,0.38017467
54.2726,-124.8025,54.265,-123.947,D,2016,10,11,2016-10-11,322.3,78,84.9,274.3,0,1.0166316,0.5077446,268.40695,267.31827,273.8812,278.82538,283.72287,2.0,0.0,0.3984771,0.39570883,0.38242137,0.38017467
54.2742,-124.7916,54.265,-123.947,D,2016,10,11,2016-10-11,341.7,92,105.4,275.7,1,1.0166316,0.5077446,268.40695,267.31827,273.8812,278.82538,283.72287,2.0,0.0,0.3984771,0.39570883,0.38242137,0.38017467
54.2687,-124.8164,54.265,-123.947,D,2016,10,11,2016-10-11,323.3,82,52.1,275.1,0,1.0166316,0.5077446,268.40695,267.31827,273.8812,278.82538,283.72287,2.0,0.0,0.3984771,0.39570883,0.38242137,0.38017467
54.2903,-124.775,54.265,-123.947,D,2016,10,11,2016-10-11,390.7,100,428.7,280.1,1,1.0166316,0.5077446,268.40695,267.31827,273.8812,278.82538,283.72287,2.0,0.0,0.3984771,0.39570883,0.38242137,0.38017467
54.2848,-124.7997,54.265,-123.947,D,2016,10,11,2016-10-11,382.3,99,346.8,280.6,1,1.0166316,0.5077446,268.40695,267.31827,273.8812,278.82538,283.72287,2.0,0.0,0.3984771,0.39570883,0.38242137,0.38017467
54.288,-124.7807,54.265,-123.947,D,2016,10,11,2016-10-11,400.0,100,537.9,282.3,1,1.0166316,0.5077446,268.40695,267.31827,273.8812,278.82538,283.72287,2.0,0.0,0.3984771,0.39570883,0.38242137,0.38017467
54.2824,-124.8054,54.265,-123.947,D,2016,10,11,2016-10-11,360.5,62,184.1,279.5,0,1.0166316,0.5077446,268.40695,267.31827,273.8812,278.82538,283.72287,2.0,0.0,0.3984771,0.39570883,0.38242137,0.38017467
54.315,-124.8799,54.265,-123.947,D,2016,10,11,2016-10-11,319.5,79,47.4,273.6,0,1.0166316,0.5077446,268.40695,267.31827,273.8812,278.82538,283.72287,2.0,0.0,0.3984771,0.39570883,0.38242137,0.38017467
54.3096,-124.9038,54.265,-123.947,D,2016,10,11,2016-10-11,303.1,55,20.3,273.5,0,1.0166316,0.5077446,268.40695,267.31827,273.8812,278.82538,283.72287,2.0,0.0,0.3984771,0.39570883,0.38242137,0.38017467
54.8209,-124.1144,54.265,-123.947,D,2016,10,11,2016-10-11,338.7,86,84.8,277.2,0,1.0166316,0.5077446,268.40695,267.31827,273.8812,278.82538,283.72287,2.0,0.0,0.3984771,0.39570883,0.38242137,0.38017467
54.8161,-124.1369,54.265,-123.947,D,2016,10,11,2016-10-11,360.4,100,170.7,279.5,1,1.0166316,0.5077446,268.40695,267.31827,273.8812,278.82538,283.72287,2.0,0.0,0.3984771,0.39570883,0.38242137,0.38017467
54.8225,-124.1224,54.265,-123.947,D,2016,10,11,2016-10-11,356.9,98,153.0,277.9,1,1.0166316,0.5077446,268.40695,267.31827,273.8812,278.82538,283.72287,2.0,0.0,0.3984771,0.39570883,0.38242137,0.38017467
54.8176,-124.1448,54.265,-123.947,D,2016,10,11,2016-10-11,340.5,92,90.1,277.6,1,1.0166316,0.5077446,268.40695,267.31827,273.8812,278.82538,283.72287,2.0,0.0,0.3984771,0.39570883,0.38242137,0.38017467
54.7844,-124.5134,54.265,-123.947,D,2016,10,11,2016-10-11,303.8,46,17.2,274.7,0,1.0166316,0.5077446,268.40695,267.31827,273.8812,278.82538,283.72287,2.0,0.0,0.3984771,0.39570883,0.38242137,0.38017467
54.7517,-125.2044,54.265,-123.947,D,2016,10,11,2016-10-11,307.3,49,25.3,271.8,0,1.0166316,0.5077446,268.40695,267.31827,273.8812,278.82538,283.72287,2.0,0.0,0.3984771,0.39570883,0.38242137,0.38017467
54.9739,-124.3024,54.265,-123.947,D,2016,10,11,2016-10-11,317.1,77,36.7,275.7,0,1.0166316,0.5077446,268.40695,267.31827,273.8812,278.82538,283.72287,2.0,0.0,0.3984771,0.39570883,0.38242137,0.38017467
54.969,-124.3249,54.265,-123.947,D,2016,10,11,2016-10-11,345.1,94,107.5,277.3,1,1.0166316,0.5077446,268.40695,267.31827,273.8812,278.82538,283.72287,2.0,0.0,0.3984771,0.39570883,0.38242137,0.38017467
54.9752,-124.3105,54.265,-123.947,D,2016,10,11,2016-10-11,343.6,93,101.5,276.8,1,1.0166316,0.5077446,268.40695,267.31827,273.8812,278.82538,283.72287,2.0,0.0,0.3984771,0.39570883,0.38242137,0.38017467
54.9703,-124.3329,54.265,-123.947,D,2016,10,11,2016-10-11,344.6,94,105.8,277.3,1,1.0166316,0.5077446,268.40695,267.31827,273.8812,278.82538,283.72287,2.0,0.0,0.3984771,0.39570883,0.38242137,0.38017467
55.4395,-128.1445,54.265,-123.947,D,2016,10,11,2016-10-11,312.9,69,47.3,274.3,0,1.0166316,0.5077446,268.40695,267.31827,273.8812,278.82538,283.72287,2.0,0.0,0.3984771,0.39570883,0.38242137,0.38017467
55.4294,-128.1854,54.265,-123.947,D,2016,10,11,2016-10-11,306.6,64,33.7,278.1,0,1.0166316,0.5077446,268.40695,267.31827,273.8812,278.82538,283.72287,2.0,0.0,0.3984771,0.39570883,0.38242137,0.38017467
55.4386,-128.1551,54.265,-123.947,D,2016,10,11,2016-10-11,319.1,75,62.0,275.0,0,1.0166316,0.5077446,268.40695,267.31827,273.8812,278.82538,283.72287,2.0,0.0,0.3984771,0.39570883,0.38242137,0.38017467
55.4264,-128.1344,54.265,-123.947,D,2016,10,11,2016-10-11,300.1,18,29.0,277.5,0,1.0166316,0.5077446,268.40695,267.31827,273.8812,278.82538,283.72287,2.0,0.0,0.3984771,0.39570883,0.38242137,0.38017467
54.2352,-124.4144,54.265,-123.947,D,2016,10,11,2016-10-11,314.8,75,128.2,275.8,0,1.0166316,0.5077446,268.40695,267.31827,273.8812,278.82538,283.72287,2.0,0.0,0.3984771,0.39570883,0.38242137,0.38017467
54.2808,-124.7787,54.265,-123.947,D,2016,10,11,2016-10-11,356.3,98,562.7,277.3,1,1.0166316,0.5077446,268.40695,267.31827,273.8812,278.82538,283.72287,2.0,0.0,0.3984771,0.39570883,0.38242137,0.38017467
54.28,-124.8343,54.265,-123.947,D,2016,10,11,2016-10-11,349.2,96,445.9,279.4,1,1.0166316,0.5077446,268.40695,267.31827,273.8812,278.82538,283.72287,2.0,0.0,0.3984771,0.39570883,0.38242137,0.38017467
54.2974,-124.7765,54.265,-123.947,D,2016,10,11,2016-10-11,338.0,91,302.7,276.4,1,1.0166316,0.5077446,268.40695,267.31827,273.8812,278.82538,283.72287,2.0,0.0,0.3984771,0.39570883,0.38242137,0.38017467
54.2964,-124.8372,54.265,-123.947,D,2016,10,11,2016-10-11,330.4,87,224.8,277.1,0,1.0166316,0.5077446,268.40695,267.31827,273.8812,278.82538,283.72287,2.0,0.0,0.3984771,0.39570883,0.38242137,0.38017467
54.2413,-124.3596,54.265,-123.947,D,2016,10,11,2016-10-11,322.1,61,163.5,276.2,0,1.0166316,0.5077446,268.40695,267.31827,273.8812,278.82538,283.72287,2.0,0.0,0.3984771,0.39570883,0.38242137,0.38017467
54.2714,-124.7882,54.265,-123.947,D,2016,10,11,2016-10-11,313.7,74,111.7,275.2,0,1.0166316,0.5077446,268.40695,267.31827,273.8812,278.82538,283.72287,2.0,0.0,0.3984771,0.39570883,0.38242137,0.38017467
54.2708,-124.8436,54.265,-123.947,D,2016,10,11,2016-10-11,305.1,61,69.0,276.6,0,1.0166316,0.5077446,268.40695,267.31827,273.8812,278.82538,283.72287,2.0,0.0,0.3984771,0.39570883,0.38242137,0.38017467
54.2879,-124.7864,54.265,-123.947,D,2016,10,11,2016-10-11,374.8,100,944.8,279.1,1,1.0166316,0.5077446,268.40695,267.31827,273.8812,278.82538,283.72287,2.0,0.0,0.3984771,0.39570883,0.38242137,0.38017467
54.2873,-124.8451,54.265,-123.947,D,2016,10,11,2016-10-11,341.8,93,336.3,279.3,1,1.0166316,0.5077446,268.40695,267.31827,273.8812,278.82538,283.72287,2.0,0.0,0.3984771,0.39570883,0.38242137,0.38017467
54.7408,-125.1837,54.265,-123.947,D,2016,10,11,2016-10-11,305.3,58,72.2,273.6,0,1.0166316,0.5077446,268.40695,267.31827,273.8812,278.82538,283.72287,2.0,0.0,0.3984771,0.39570883,0.38242137,0.38017467
54.74,-125.2382,54.265,-123.947,D,2016,10,11,2016-10-11,315.7,72,120.2,274.8,0,1.0166316,0.5077446,268.40695,267.31827,273.8812,278.82538,283.72287,2.0,0.0,0.3984771,0.39570883,0.38242137,0.38017467
54.7563,-125.2392,54.265,-123.947,D,2016,10,11,2016-10-11,332.7,78,230.5,274.3,0,1.0166316,0.5077446,268.40695,267.31827,273.8812,278.82538,283.72287,2.0,0.0,0.3984771,0.39570883,0.38242137,0.38017467
54.7815,-124.5192,54.265,-123.947,D,2016,10,11,2016-10-11,348.8,0,460.5,279.0,0,1.0166316,0.5077446,268.40695,267.31827,273.8812,278.82538,283.72287,2.0,0.0,0.3984771,0.39570883,0.38242137,0.38017467
54.8024,-124.0117,54.265,-123.947,D,2016,10,11,2016-10-11,318.2,74,153.5,277.1,0,1.0166316,0.5077446,268.40695,267.31827,273.8812,278.82538,283.72287,2.0,0.0,0.3984771,0.39570883,0.38242137,0.38017467
54.802,-124.0769,54.265,-123.947,D,2016,10,11,2016-10-11,311.7,72,109.9,276.7,0,1.0166316,0.5077446,268.40695,267.31827,273.8812,278.82538,283.72287,2.0,0.0,0.3984771,0.39570883,0.38242137,0.38017467
54.7982,-124.5199,54.265,-123.947,D,2016,10,11,2016-10-11,314.4,71,125.2,276.1,0,1.0166316,0.5077446,268.40695,267.31827,273.8812,278.82538,283.72287,2.0,0.0,0.3984771,0.39570883,0.38242137,0.38017467
54.8186,-124.1414,54.265,-123.947,D,2016,10,11,2016-10-11,314.6,65,120.3,277.1,0,1.0166316,0.5077446,268.40695,267.31827,273.8812,278.82538,283.72287,2.0,0.0,0.3984771,0.39570883,0.38242137,0.38017467
54.7875,-124.528,54.265,-123.947,D,2016,10,11,2016-10-11,350.0,73,487.1,279.2,0,1.0166316,0.5077446,268.40695,267.31827,273.8812,278.82538,283.72287,2.0,0.0,0.3984771,0.39570883,0.38242137,0.38017467
54.8065,-124.0206,54.265,-123.947,D,2016,10,11,2016-10-11,323.2,78,192.5,277.2,0,1.0166316,0.5077446,268.40695,267.31827,273.8812,278.82538,283.72287,2.0,0.0,0.3984771,0.39570883,0.38242137,0.38017467
54.8064,-124.0857,54.265,-123.947,D,2016,10,11,2016-10-11,305.1,61,76.1,276.9,0,1.0166316,0.5077446,268.40695,267.31827,273.8812,278.82538,283.72287,2.0,0.0,0.3984771,0.39570883,0.38242137,0.38017467
54.8232,-124.1505,54.265,-123.947,D,2016,10,11,2016-10-11,311.3,57,100.7,276.7,0,1.0166316,0.5077446,268.40695,267.31827,273.8812,278.82538,283.72287,2.0,0.0,0.3984771,0.39570883,0.38242137,0.38017467
54.9599,-124.3524,54.265,-123.947,D,2016,10,11,2016-10-11,303.4,34,65.8,275.3,0,1.0166316,0.5077446,268.40695,267.31827,273.8812,278.82538,283.72287,2.0,0.0,0.3984771,0.39570883,0.38242137,0.38017467
54.9767,-124.3536,54.265,-123.947,D,2016,10,11,2016-10-11,305.9,59,81.3,275.5,0,1.0166316,0.5077446,268.40695,267.31827,273.8812,278.82538,283.72287,2.0,0.0,0.3984771,0.39570883,0.38242137,0.38017467
54.9483,-124.3605,54.265,-123.947,D,2016,10,11,2016-10-11,302.7,29,63.0,275.3,0,1.0166316,0.5077446,268.40695,267.31827,273.8812,278.82538,283.72287,2.0,0.0,0.3984771,0.39570883,0.38242137,0.38017467
55.3128,-128.6568,54.265,-123.947,D,2016,10,11,2016-10-11,322.1,81,96.2,277.7,0,1.0166316,0.5077446,268.40695,267.31827,273.8812,278.82538,283.72287,2.0,0.0,0.3984771,0.39570883,0.38242137,0.38017467
55.317,-128.6609,54.265,-123.947,D,2016,10,11,2016-10-11,320.5,80,89.3,277.7,0,1.0166316,0.5077446,268.40695,267.31827,273.8812,278.82538,283.72287,2.0,0.0,0.3984771,0.39570883,0.38242137,0.38017467
55.4352,-128.1643,54.265,-123.947,D,2016,10,11,2016-10-11,322.6,82,103.3,279.8,0,1.0166316,0.5077446,268.40695,267.31827,273.8812,278.82538,283.72287,2.0,0.0,0.3984771,0.39570883,0.38242137,0.38017467
55.4252,-128.1685,54.265,-123.947,D,2016,10,11,2016-10-11,307.3,59,46.1,280.3,0,1.0166316,0.5077446,268.40695,267.31827,273.8812,278.82538,283.72287,2.0,0.0,0.3984771,0.39570883,0.38242137,0.38017467
55.4394,-128.1726,54.265,-123.947,D,2016,10,11,2016-10-11,307.8,55,47.2,279.3,0,1.0166316,0.5077446,268.40695,267.31827,273.8812,278.82538,283.72287,2.0,0.0,0.3984771,0.39570883,0.38242137,0.38017467
54.3194,-124.8518,54.114,-123.33,N,2016,10,12,2016-10-12,308.9,70,14.0,268.3,0,-1.4257908,1.0247988,280.57858,272.12265,273.3795,278.13513,283.9044,2.0,0.0,0.37521398,0.37701902,0.35953933,0.35836446
54.3171,-124.8668,54.114,-123.33,N,2016,10,12,2016-10-12,310.5,80,15.2,269.3,0,-1.4257908,1.0247988,280.57858,272.12265,273.3795,278.13513,283.9044,2.0,0.0,0.37521398,0.37701902,0.35953933,0.35836446
54.5855,-123.8834,54.114,-123.33,N,2016,10,12,2016-10-12,300.2,19,9.6,269.6,0,-1.4257908,1.0247988,280.57858,272.12265,273.3795,278.13513,283.9044,2.0,0.0,0.37521398,0.37701902,0.35953933,0.35836446
54.5942,-123.8872,54.114,-123.33,N,2016,10,12,2016-10-12,321.2,100,24.4,269.6,1,-1.4257908,1.0247988,280.57858,272.12265,273.3795,278.13513,283.9044,2.0,0.0,0.37521398,0.37701902,0.35953933,0.35836446
54.592,-123.9023,54.114,-123.33,N,2016,10,12,2016-10-12,325.6,100,29.0,270.1,1,-1.4257908,1.0247988,280.57858,272.12265,273.3795,278.13513,283.9044,2.0,0.0,0.37521398,0.37701902,0.35953933,0.35836446
54.7092,-123.6055,54.114,-123.33,N,2016,10,12,2016-10-12,326.1,100,30.0,271.8,1,-1.4257908,1.0247988,280.57858,272.12265,273.3795,278.13513,283.9044,2.0,0.0,0.37521398,0.37701902,0.35953933,0.35836446
54.707,-123.6207,54.114,-123.33,N,2016,10,12,2016-10-12,308.8,76,14.4,269.3,0,-1.4257908,1.0247988,280.57858,272.12265,273.3795,278.13513,283.9044,2.0,0.0,0.37521398,0.37701902,0.35953933,0.35836446
54.7659,-124.4978,54.114,-123.33,N,2016,10,12,2016-10-12,327.7,100,30.3,272.7,1,-1.4257908,1.0247988,280.57858,272.12265,273.3795,278.13513,283.9044,2.0,0.0,0.37521398,0.37701902,0.35953933,0.35836446
54.7747,-124.5017,54.114,-123.33,N,2016,10,12,2016-10-12,341.1,98,48.9,272.3,1,-1.4257908,1.0247988,280.57858,272.12265,273.3795,278.13513,283.9044,2.0,0.0,0.37521398,0.37701902,0.35953933,0.35836446
54.7834,-124.5057,54.114,-123.33,N,2016,10,12,2016-10-12,310.4,20,13.7,270.7,0,-1.4257908,1.0247988,280.57858,272.12265,273.3795,278.13513,283.9044,2.0,0.0,0.37521398,0.37701902,0.35953933,0.35836446
54.7812,-124.5209,54.114,-123.33,N,2016,10,12,2016-10-12,356.9,100,82.4,272.2,1,-1.4257908,1.0247988,280.57858,272.12265,273.3795,278.13513,283.9044,2.0,0.0,0.37521398,0.37701902,0.35953933,0.35836446
54.7789,-124.536,54.114,-123.33,N,2016,10,12,2016-10-12,336.3,87,41.5,271.2,0,-1.4257908,1.0247988,280.57858,272.12265,273.3795,278.13513,283.9044,2.0,0.0,0.37521398,0.37701902,0.35953933,0.35836446
54.7766,-124.5512,54.114,-123.33,N,2016,10,12,2016-10-12,320.5,100,23.3,271.2,1,-1.4257908,1.0247988,280.57858,272.12265,273.3795,278.13513,283.9044,2.0,0.0,0.37521398,0.37701902,0.35953933,0.35836446
54.7936,-124.4997,54.114,-123.33,N,2016,10,12,2016-10-12,314.8,90,19.0,271.6,1,-1.4257908,1.0247988,280.57858,272.12265,273.3795,278.13513,283.9044,2.0,0.0,0.37521398,0.37701902,0.35953933,0.35836446
54.7914,-124.5148,54.114,-123.33,N,2016,10,12,2016-10-12,302.0,46,9.4,270.1,0,-1.4257908,1.0247988,280.57858,272.12265,273.3795,278.13513,283.9044,2.0,0.0,0.37521398,0.37701902,0.35953933,0.35836446
54.7868,-124.5452,54.114,-123.33,N,2016,10,12,2016-10-12,300.9,34,9.0,269.2,0,-1.4257908,1.0247988,280.57858,272.12265,273.3795,278.13513,283.9044,2.0,0.0,0.37521398,0.37701902,0.35953933,0.35836446
54.7845,-124.5604,54.114,-123.33,N,2016,10,12,2016-10-12,312.7,85,17.4,269.4,0,-1.4257908,1.0247988,280.57858,272.12265,273.3795,278.13513,283.9044,2.0,0.0,0.37521398,0.37701902,0.35953933,0.35836446
54.7507,-125.2122,54.114,-123.33,N,2016,10,12,2016-10-12,349.2,100,67.6,272.0,1,-1.4257908,1.0247988,280.57858,272.12265,273.3795,278.13513,283.9044,2.0,0.0,0.37521398,0.37701902,0.35953933,0.35836446
54.757,-125.2318,54.114,-123.33,N,2016,10,12,2016-10-12,310.2,80,15.1,268.9,0,-1.4257908,1.0247988,280.57858,272.12265,273.3795,278.13513,283.9044,2.0,0.0,0.37521398,0.37701902,0.35953933,0.35836446
54.8058,-125.0976,54.114,-123.33,N,2016,10,12,2016-10-12,308.7,75,14.2,270.0,0,-1.4257908,1.0247988,280.57858,272.12265,273.3795,278.13513,283.9044,2.0,0.0,0.37521398,0.37701902,0.35953933,0.35836446
54.8034,-125.1129,54.114,-123.33,N,2016,10,12,2016-10-12,334.7,100,41.5,271.0,1,-1.4257908,1.0247988,280.57858,272.12265,273.3795,278.13513,283.9044,2.0,0.0,0.37521398,0.37701902,0.35953933,0.35836446
54.9359,-124.3596,54.114,-123.33,N,2016,10,12,2016-10-12,305.4,26,11.2,269.5,0,-1.4257908,1.0247988,280.57858,272.12265,273.3795,278.13513,283.9044,2.0,0.0,0.37521398,0.37701902,0.35953933,0.35836446
54.9336,-124.3749,54.114,-123.33,N,2016,10,12,2016-10-12,305.5,57,11.7,268.9,0,-1.4257908,1.0247988,280.57858,272.12265,273.3795,278.13513,283.9044,2.0,0.0,0.37521398,0.37701902,0.35953933,0.35836446
55.2338,-124.6827,54.114,-123.33,N,2016,10,12,2016-10-12,302.5,49,10.9,268.7,0,-1.4257908,1.0247988,280.57858,272.12265,273.3795,278.13513,283.9044,2.0,0.0,0.37521398,0.37701902,0.35953933,0.35836446
55.22,-124.7747,54.114,-123.33,N,2016,10,12,2016-10-12,325.4,100,29.5,271.2,1,-1.4257908,1.0247988,280.57858,272.12265,273.3795,278.13513,283.9044,2.0,0.0,0.37521398,0.37701902,0.35953933,0.35836446
55.2177,-124.7901,54.114,-123.33,N,2016,10,12,2016-10-12,307.3,71,13.7,270.0,0,-1.4257908,1.0247988,280.57858,272.12265,273.3795,278.13513,283.9044,2.0,0.0,0.37521398,0.37701902,0.35953933,0.35836446
54.7947,-125.1086,54.114,-123.33,N,2016,10,12,2016-10-12,310.7,72,14.9,269.4,0,-1.4257908,1.0247988,280.57858,272.12265,273.3795,278.13513,283.9044,2.0,0.0,0.37521398,0.37701902,0.35953933,0.35836446
54.2364,-124.3526,54.114,-123.33,N,2016,10,12,2016-10-12,323.3,100,27.4,269.8,1,-1.4257908,1.0247988,280.57858,272.12265,273.3795,278.13513,283.9044,2.0,0.0,0.37521398,0.37701902,0.35953933,0.35836446
54.2341,-124.3676,54.114,-123.33,N,2016,10,12,2016-10-12,368.1,100,116.7,274.2,1,-1.4257908,1.0247988,280.57858,272.12265,273.3795,278.13513,283.9044,2.0,0.0,0.37521398,0.37701902,0.35953933,0.35836446
54.2319,-124.3826,54.114,-123.33,N,2016,10,12,2016-10-12,321.0,100,24.9,269.7,1,-1.4257908,1.0247988,280.57858,272.12265,273.3795,278.13513,283.9044,2.0,0.0,0.37521398,0.37701902,0.35953933,0.35836446
54.2451,-124.3565,54.114,-123.33,N,2016,10,12,2016-10-12,321.4,100,25.3,269.9,1,-1.4257908,1.0247988,280.57858,272.12265,273.3795,278.13513,283.9044,2.0,0.0,0.37521398,0.37701902,0.35953933,0.35836446
54.2429,-124.3715,54.114,-123.33,N,2016,10,12,2016-10-12,338.7,100,47.7,270.7,1,-1.4257908,1.0247988,280.57858,272.12265,273.3795,278.13513,283.9044,2.0,0.0,0.37521398,0.37701902,0.35953933,0.35836446
54.2802,-124.8017,54.114,-123.33,N,2016,10,12,2016-10-12,324.6,34,26.2,270.1,0,-1.4257908,1.0247988,280.57858,272.12265,273.3795,278.13513,283.9044,2.0,0.0,0.37521398,0.37701902,0.35953933,0.35836446
54.2959,-124.7605,54.114,-123.33,N,2016,10,12,2016-10-12,331.4,100,35.7,270.9,1,-1.4257908,1.0247988,280.57858,272.12265,273.3795,278.13513,283.9044,2.0,0.0,0.37521398,0.37701902,0.35953933,0.35836446
54.2936,-124.7755,54.114,-123.33,N,2016,10,12,2016-10-12,329.5,64,32.2,271.8,0,-1.4257908,1.0247988,280.57858,272.12265,273.3795,278.13513,283.9044,2.0,0.0,0.37521398,0.37701902,0.35953933,0.35836446
54.2913,-124.7906,54.114,-123.33,N,2016,10,12,2016-10-12,342.6,100,52.4,272.9,1,-1.4257908,1.0247988,280.57858,272.12265,273.3795,278.13513,283.9044,2.0,0.0,0.37521398,0.37701902,0.35953933,0.35836446
54.2889,-124.8057,54.114,-123.33,N,2016,10,12,2016-10-12,342.6,100,52.7,271.8,1,-1.4257908,1.0247988,280.57858,272.12265,273.3795,278.13513,283.9044,2.0,0.0,0.37521398,0.37701902,0.35953933,0.35836446
54.3,-124.7947,54.114,-123.33,N,2016,10,12,2016-10-12,308.0,73,13.6,270.1,0,-1.4257908,1.0247988,280.57858,272.12265,273.3795,278.13513,283.9044,2.0,0.0,0.37521398,0.37701902,0.35953933,0.35836446
54.2977,-124.8098,54.114,-123.33,N,2016,10,12,2016-10-12,306.5,68,12.6,268.8,0,-1.4257908,1.0247988,280.57858,272.12265,273.3795,278.13513,283.9044,2.0,0.0,0.37521398,0.37701902,0.35953933,0.35836446
54.306,-124.8777,54.114,-123.33,N,2016,10,12,2016-10-12,304.8,34,11.1,268.0,0,-1.4257908,1.0247988,280.57858,272.12265,273.3795,278.13513,283.9044,2.0,0.0,0.37521398,0.37701902,0.35953933,0.35836446
55.324,-128.6438,54.114,-123.33,N,2016,10,12,2016-10-12,301.0,37,11.6,271.9,0,-1.4257908,1.0247988,280.57858,272.12265,273.3795,278.13513,283.9044,2.0,0.0,0.37521398,0.37701902,0.35953933,0.35836446
55.4389,-128.1431,54.114,-123.33,N,2016,10,12,2016-10-12,308.3,74,16.5,271.8,0,-1.4257908,1.0247988,280.57858,272.12265,273.3795,278.13513,283.9044,2.0,0.0,0.37521398,0.37701902,0.35953933,0.35836446
55.4354,-128.1627,54.114,-123.33,N,2016,10,12,2016-10-12,306.5,68,15.0,272.1,0,-1.4257908,1.0247988,280.57858,272.12265,273.3795,278.13513,283.9044,2.0,0.0,0.37521398,0.37701902,0.35953933,0.35836446
55.5895,-127.7728,54.114,-123.33,N,2016,10,12,2016-10-12,318.5,97,25.1,272.0,1,-1.4257908,1.0247988,280.57858,272.12265,273.3795,278.13513,283.9044,2.0,0.0,0.37521398,0.37701902,0.35953933,0.35836446
54.7794,-124.5247,54.114,-123.33,N,2016,10,12,2016-10-12,305.9,66,28.6,269.0,0,-1.4257908,1.0247988,280.57858,272.12265,273.3795,278.13513,283.9044,2.0,0.0,0.37521398,0.37701902,0.35953933,0.35836446
54.7775,-124.4971,54.114,-123.33,N,2016,10,12,2016-10-12,303.5,55,24.6,269.4,0,-1.4257908,1.0247988,280.57858,272.12265,273.3795,278.13513,283.9044,2.0,0.0,0.37521398,0.37701902,0.35953933,0.35836446
54.8257,-124.1141,53.184,-121.73,D,2016,10,12,2016-10-12,380.4,87,158.8,281.7,0,-1.4295461,1.5444806,268.54095,268.9354,273.2662,276.76318,281.34003,2.0,0.0,0.33245078,0.34322655,0.35215837,0.35217112
55.5564,-124.2214,53.184,-121.73,D,2016,10,12,2016-10-12,359.3,99,91.6,279.8,1,-1.4295461,1.5444806,268.54095,268.9354,273.2662,276.76318,281.34003,2.0,0.0,0.33245078,0.34322655,0.35215837,0.35217112
55.5543,-124.2056,53.184,-121.73,D,2016,10,12,2016-10-12,311.2,71,15.1,276.0,0,-1.4295461,1.5444806,268.54095,268.9354,273.2662,276.76318,281.34003,2.0,0.0,0.33245078,0.34322655,0.35215837,0.35217112
55.2316,-123.3013,53.184,-121.73,D,2016,10,12,2016-10-12,407.1,100,303.1,288.4,1,-1.4295461,1.5444806,268.54095,268.9354,273.2662,276.76318,281.34003,2.0,0.0,0.33245078,0.34322655,0.35215837,0.35217112
55.2294,-123.2859,53.184,-121.73,D,2016,10,12,2016-10-12,352.1,97,71.3,278.9,1,-1.4295461,1.5444806,268.54095,268.9354,273.2662,276.76318,281.34003,2.0,0.0,0.33245078,0.34322655,0.35215837,0.35217112
55.2229,-123.3052,53.184,-121.73,D,2016,10,12,2016-10-12,375.4,100,140.0,278.8,1,-1.4295461,1.5444806,268.54095,268.9354,273.2662,276.76318,281.34003,2.0,0.0,0.33245078,0.34322655,0.35215837,0.35217112
55.2206,-123.2898,53.184,-121.73,D,2016,10,12,2016-10-12,339.5,92,46.8,276.4,1,-1.4295461,1.5444806,268.54095,268.9354,273.2662,276.76318,281.34003,2.0,0.0,0.33245078,0.34322655,0.35215837,0.35217112
55.1507,-123.131,53.184,-121.73,D,2016,10,12,2016-10-12,339.9,69,48.0,278.7,0,-1.4295461,1.5444806,268.54095,268.9354,273.2662,276.76318,281.34003,2.0,0.0,0.33245078,0.34322655,0.35215837,0.35217112
55.2457,-124.6733,53.184,-121.73,D,2016,10,12,2016-10-12,336.7,90,45.0,275.8,1,-1.4295461,1.5444806,268.54095,268.9354,273.2662,276.76318,281.34003,2.0,0.0,0.33245078,0.34322655,0.35215837,0.35217112
55.1924,-124.9015,53.184,-121.73,D,2016,10,12,2016-10-12,310.4,30,14.0,272.1,0,-1.4295461,1.5444806,268.54095,268.9354,273.2662,276.76318,281.34003,2.0,0.0,0.33245078,0.34322655,0.35215837,0.35217112
55.2148,-125.1454,53.184,-121.73,D,2016,10,12,2016-10-12,303.3,0,10.2,272.3,0,-1.4295461,1.5444806,268.54095,268.9354,273.2662,276.76318,281.34003,2.0,0.0,0.33245078,0.34322655,0.35215837,0.35217112
55.1813,-124.8885,53.184,-121.73,D,2016,10,12,2016-10-12,303.3,26,9.4,271.6,0,-1.4295461,1.5444806,268.54095,268.9354,273.2662,276.76318,281.34003,2.0,0.0,0.33245078,0.34322655,0.35215837,0.35217112
54.9915,-123.837,53.184,-121.73,D,2016,10,12,2016-10-12,344.5,94,56.9,277.2,1,-1.4295461,1.5444806,268.54095,268.9354,273.2662,276.76318,281.34003,2.0,0.0,0.33245078,0.34322655,0.35215837,0.35217112
54.9893,-123.8217,53.184,-121.73,D,2016,10,12,2016-10-12,344.9,94,57.3,277.0,1,-1.4295461,1.5444806,268.54095,268.9354,273.2662,276.76318,281.34003,2.0,0.0,0.33245078,0.34322655,0.35215837,0.35217112
54.9827,-123.8407,53.184,-121.73,D,2016,10,12,2016-10-12,364.6,87,105.1,277.9,0,-1.4295461,1.5444806,268.54095,268.9354,273.2662,276.76318,281.34003,2.0,0.0,0.33245078,0.34322655,0.35215837,0.35217112
54.9805,-123.8254,53.184,-121.73,D,2016,10,12,2016-10-12,371.8,94,128.2,278.0,1,-1.4295461,1.5444806,268.54095,268.9354,273.2662,276.76318,281.34003,2.0,0.0,0.33245078,0.34322655,0.35215837,0.35217112
54.9146,-123.8208,53.184,-121.73,D,2016,10,12,2016-10-12,322.0,81,24.7,276.5,0,-1.4295461,1.5444806,268.54095,268.9354,273.2662,276.76318,281.34003,2.0,0.0,0.33245078,0.34322655,0.35215837,0.35217112
54.9066,-123.83,53.184,-121.73,D,2016,10,12,2016-10-12,373.1,100,132.7,279.7,1,-1.4295461,1.5444806,268.54095,268.9354,273.2662,276.76318,281.34003,2.0,0.0,0.33245078,0.34322655,0.35215837,0.35217112
54.9045,-123.8147,53.184,-121.73,D,2016,10,12,2016-10-12,328.3,86,31.5,275.7,0,-1.4295461,1.5444806,268.54095,268.9354,273.2662,276.76318,281.34003,2.0,0.0,0.33245078,0.34322655,0.35215837,0.35217112
55.4069,-128.1246,53.184,-121.73,D,2016,10,12,2016-10-12,321.2,70,32.5,277.5,0,-1.4295461,1.5444806,268.54095,268.9354,273.2662,276.76318,281.34003,2.0,0.0,0.33245078,0.34322655,0.35215837,0.35217112
55.4046,-128.1026,53.184,-121.73,D,2016,10,12,2016-10-12,321.2,76,32.8,276.8,0,-1.4295461,1.5444806,268.54095,268.9354,273.2662,276.76318,281.34003,2.0,0.0,0.33245078,0.34322655,0.35215837,0.35217112
54.9512,-124.349,53.184,-121.73,D,2016,10,12,2016-10-12,374.6,100,138.8,280.1,1,-1.4295461,1.5444806,268.54095,268.9354,273.2662,276.76318,281.34003,2.0,0.0,0.33245078,0.34322655,0.35215837,0.35217112
54.9491,-124.3335,53.184,-121.73,D,2016,10,12,2016-10-12,336.7,90,42.4,275.9,1,-1.4295461,1.5444806,268.54095,268.9354,273.2662,276.76318,281.34003,2.0,0.0,0.33245078,0.34322655,0.35215837,0.35217112
54.9423,-124.3526,53.184,-121.73,D,2016,10,12,2016-10-12,373.2,100,134.6,278.5,1,-1.4295461,1.5444806,268.54095,268.9354,273.2662,276.76318,281.34003,2.0,0.0,0.33245078,0.34322655,0.35215837,0.35217112
54.9402,-124.337,53.184,-121.73,D,2016,10,12,2016-10-12,317.1,77,19.5,274.0,0,-1.4295461,1.5444806,268.54095,268.9354,273.2662,276.76318,281.34003,2.0,0.0,0.33245078,0.34322655,0.35215837,0.35217112
54.8168,-124.1177,53.184,-121.73,D,2016,10,12,2016-10-12,316.3,72,17.7,276.9,0,-1.4295461,1.5444806,268.54095,268.9354,273.2662,276.76318,281.34003,2.0,0.0,0.33245078,0.34322655,0.35215837,0.35217112
54.8147,-124.1024,53.184,-121.73,D,2016,10,12,2016-10-12,378.7,87,154.1,279.6,0,-1.4295461,1.5444806,268.54095,268.9354,273.2662,276.76318,281.34003,2.0,0.0,0.33245078,0.34322655,0.35215837,0.35217112
54.8125,-124.087,53.184,-121.73,D,2016,10,12,2016-10-12,317.6,59,18.6,277.1,0,-1.4295461,1.5444806,268.54095,268.9354,273.2662,276.76318,281.34003,2.0,0.0,0.33245078,0.34322655,0.35215837,0.35217112
54.7807,-124.5292,53.184,-121.73,D,2016,10,12,2016-10-12,378.5,75,155.1,282.6,0,-1.4295461,1.5444806,268.54095,268.9354,273.2662,276.76318,281.34003,2.0,0.0,0.33245078,0.34322655,0.35215837,0.35217112
54.7786,-124.5137,53.184,-121.73,D,2016,10,12,2016-10-12,325.5,73,27.4,277.6,0,-1.4295461,1.5444806,268.54095,268.9354,273.2662,276.76318,281.34003,2.0,0.0,0.33245078,0.34322655,0.35215837,0.35217112
54.5641,-123.9763,53.184,-121.73,D,2016,10,12,2016-10-12,336.6,90,42.8,277.6,1,-1.4295461,1.5444806,268.54095,268.9354,273.2662,276.76318,281.34003,2.0,0.0,0.33245078,0.34322655,0.35215837,0.35217112
54.562,-123.9612,53.184,-121.73,D,2016,10,12,2016-10-12,340.8,92,49.2,281.2,1,-1.4295461,1.5444806,268.54095,268.9354,273.2662,276.76318,281.34003,2.0,0.0,0.33245078,0.34322655,0.35215837,0.35217112
54.5598,-123.946,53.184,-121.73,D,2016,10,12,2016-10-12,328.6,86,31.4,278.0,0,-1.4295461,1.5444806,268.54095,268.9354,273.2662,276.76318,281.34003,2.0,0.0,0.33245078,0.34322655,0.35215837,0.35217112
54.5541,-123.9706,53.184,-121.73,D,2016,10,12,2016-10-12,384.3,87,177.0,283.9,0,-1.4295461,1.5444806,268.54095,268.9354,273.2662,276.76318,281.34003,2.0,0.0,0.33245078,0.34322655,0.35215837,0.35217112
54.5519,-123.9554,53.184,-121.73,D,2016,10,12,2016-10-12,385.7,75,183.5,283.6,0,-1.4295461,1.5444806,268.54095,268.9354,273.2662,276.76318,281.34003,2.0,0.0,0.33245078,0.34322655,0.35215837,0.35217112
53.1295,-121.7249,53.184,-121.73,D,2016,10,12,2016-10-12,314.6,75,18.5,275.7,0,-1.4295461,1.5444806,268.54095,268.9354,273.2662,276.76318,281.34003,2.0,0.0,0.33245078,0.34322655,0.35215837,0.35217112
53.1385,-121.7212,53.184,-121.73,D,2016,10,12,2016-10-12,304.1,46,10.2,275.8,0,-1.4295461,1.5444806,268.54095,268.9354,273.2662,276.76318,281.34003,2.0,0.0,0.33245078,0.34322655,0.35215837,0.35217112
53.3008,-122.657,53.184,-121.73,D,2016,10,12,2016-10-12,306.3,63,11.6,277.1,0,-1.4295461,1.5444806,268.54095,268.9354,273.2662,276.76318,281.34003,2.0,0.0,0.33245078,0.34322655,0.35215837,0.35217112
53.5923,-122.4879,53.184,-121.73,D,2016,10,12,2016-10-12,382.2,100,169.9,282.4,1,-1.4295461,1.5444806,268.54095,268.9354,273.2662,276.76318,281.34003,2.0,0.0,0.33245078,0.34322655,0.35215837,0.35217112
53.5947,-122.5027,53.184,-121.73,D,2016,10,12,2016-10-12,345.4,94,57.7,280.0,1,-1.4295461,1.5444806,268.54095,268.9354,273.2662,276.76318,281.34003,2.0,0.0,0.33245078,0.34322655,0.35215837,0.35217112
53.9935,-124.816,53.184,-121.73,D,2016,10,12,2016-10-12,335.2,89,42.0,273.7,0,-1.4295461,1.5444806,268.54095,268.9354,273.2662,276.76318,281.34003,2.0,0.0,0.33245078,0.34322655,0.35215837,0.35217112
53.9956,-124.8311,53.184,-121.73,D,2016,10,12,2016-10-12,310.3,70,15.1,272.4,0,-1.4295461,1.5444806,268.54095,268.9354,273.2662,276.76318,281.34003,2.0,0.0,0.33245078,0.34322655,0.35215837,0.35217112
53.6497,-122.0864,53.184,-121.73,D,2016,10,12,2016-10-12,324.9,83,27.6,277.0,0,-1.4295461,1.5444806,268.54095,268.9354,273.2662,276.76318,281.34003,2.0,0.0,0.33245078,0.34322655,0.35215837,0.35217112
53.6521,-122.1015,53.184,-121.73,D,2016,10,12,2016-10-12,341.4,92,51.4,277.9,1,-1.4295461,1.5444806,268.54095,268.9354,273.2662,276.76318,281.34003,2.0,0.0,0.33245078,0.34322655,0.35215837,0.35217112
53.6585,-122.0825,53.184,-121.73,D,2016,10,12,2016-10-12,332.9,88,36.6,278.2,0,-1.4295461,1.5444806,268.54095,268.9354,273.2662,276.76318,281.34003,2.0,0.0,0.33245078,0.34322655,0.35215837,0.35217112
53.661,-122.0974,53.184,-121.73,D,2016,10,12,2016-10-12,381.9,100,170.2,283.3,1,-1.4295461,1.5444806,268.54095,268.9354,273.2662,276.76318,281.34003,2.0,0.0,0.33245078,0.34322655,0.35215837,0.35217112
53.6634,-122.1124,53.184,-121.73,D,2016,10,12,2016-10-12,305.5,57,9.8,277.1,0,-1.4295461,1.5444806,268.54095,268.9354,273.2662,276.76318,281.34003,2.0,0.0,0.33245078,0.34322655,0.35215837,0.35217112
54.3071,-124.8675,53.184,-121.73,D,2016,10,12,2016-10-12,315.8,58,18.7,274.2,0,-1.4295461,1.5444806,268.54095,268.9354,273.2662,276.76318,281.34003,2.0,0.0,0.33245078,0.34322655,0.35215837,0.35217112
54.3092,-124.8828,53.184,-121.73,D,2016,10,12,2016-10-12,318.6,59,21.6,274.4,0,-1.4295461,1.5444806,268.54095,268.9354,273.2662,276.76318,281.34003,2.0,0.0,0.33245078,0.34322655,0.35215837,0.35217112
53.6264,-125.1889,53.184,-121.73,D,2016,10,12,2016-10-12,339.7,92,49.1,273.7,1,-1.4295461,1.5444806,268.54095,268.9354,273.2662,276.76318,281.34003,2.0,0.0,0.33245078,0.34322655,0.35215837,0.35217112
53.2522,-123.4271,53.184,-121.73,D,2016,10,12,2016-10-12,307.5,65,12.2,275.2,0,-1.4295461,1.5444806,268.54095,268.9354,273.2662,276.76318,281.34003,2.0,0.0,0.33245078,0.34322655,0.35215837,0.35217112
53.1288,-121.7179,53.184,-121.73,D,2016,10,12,2016-10-12,318.6,79,27.9,278.4,0,-1.4295461,1.5444806,268.54095,268.9354,273.2662,276.76318,281.34003,2.0,0.0,0.33245078,0.34322655,0.35215837,0.35217112
53.127,-121.7352,53.184,-121.73,D,2016,10,12,2016-10-12,300.8,42,10.9,278.6,0,-1.4295461,1.5444806,268.54095,268.9354,273.2662,276.76318,281.34003,2.0,0.0,0.33245078,0.34322655,0.35215837,0.35217112
53.3033,-122.6526,53.184,-121.73,D,2016,10,12,2016-10-12,308.3,67,13.9,279.5,0,-1.4295461,1.5444806,268.54095,268.9354,273.2662,276.76318,281.34003,2.0,0.0,0.33245078,0.34322655,0.35215837,0.35217112
53.2526,-123.4252,53.184,-121.73,D,2016,10,12,2016-10-12,305.4,61,11.6,278.2,0,-1.4295461,1.5444806,268.54095,268.9354,273.2662,276.76318,281.34003,2.0,0.0,0.33245078,0.34322655,0.35215837,0.35217112
53.5875,-122.4769,53.184,-121.73,D,2016,10,12,2016-10-12,314.3,75,19.9,277.6,0,-1.4295461,1.5444806,268.54095,268.9354,273.2662,276.76318,281.34003,2.0,0.0,0.33245078,0.34322655,0.35215837,0.35217112
53.5856,-122.4939,53.184,-121.73,D,2016,10,12,2016-10-12,334.0,89,46.6,280.7,0,-1.4295461,1.5444806,268.54095,268.9354,273.2662,276.76318,281.34003,2.0,0.0,0.33245078,0.34322655,0.35215837,0.35217112
53.597,-122.4798,53.184,-121.73,D,2016,10,12,2016-10-12,307.0,58,12.7,277.2,0,-1.4295461,1.5444806,268.54095,268.9354,273.2662,276.76318,281.34003,2.0,0.0,0.33245078,0.34322655,0.35215837,0.35217112
53.5952,-122.4966,53.184,-121.73,D,2016,10,12,2016-10-12,357.0,98,101.8,283.6,1,-1.4295461,1.5444806,268.54095,268.9354,273.2662,276.76318,281.34003,2.0,0.0,0.33245078,0.34322655,0.35215837,0.35217112
53.6488,-122.092,53.184,-121.73,D,2016,10,12,2016-10-12,323.9,83,33.5,279.9,0,-1.4295461,1.5444806,268.54095,268.9354,273.2662,276.76318,281.34003,2.0,0.0,0.33245078,0.34322655,0.35215837,0.35217112
53.6469,-122.1099,53.184,-121.73,D,2016,10,12,2016-10-12,307.4,65,15.0,279.4,0,-1.4295461,1.5444806,268.54095,268.9354,273.2662,276.76318,281.34003,2.0,0.0,0.33245078,0.34322655,0.35215837,0.35217112
53.6585,-122.095,53.184,-121.73,D,2016,10,12,2016-10-12,346.1,94,74.1,281.4,1,-1.4295461,1.5444806,268.54095,268.9354,273.2662,276.76318,281.34003,2.0,0.0,0.33245078,0.34322655,0.35215837,0.35217112
53.6566,-122.1129,53.184,-121.73,D,2016,10,12,2016-10-12,327.4,85,36.2,280.8,0,-1.4295461,1.5444806,268.54095,268.9354,273.2662,276.76318,281.34003,2.0,0.0,0.33245078,0.34322655,0.35215837,0.35217112
53.6301,-125.1795,53.184,-121.73,D,2016,10,12,2016-10-12,369.8,100,121.8,278.5,1,-1.4295461,1.5444806,268.54095,268.9354,273.2662,276.76318,281.34003,2.0,0.0,0.33245078,0.34322655,0.35215837,0.35217112
53.6281,-125.1945,53.184,-121.73,D,2016,10,12,2016-10-12,413.0,100,352.7,287.1,1,-1.4295461,1.5444806,268.54095,268.9354,273.2662,276.76318,281.34003,2.0,0.0,0.33245078,0.34322655,0.35215837,0.35217112
53.6261,-125.2096,53.184,-121.73,D,2016,10,12,2016-10-12,327.4,85,29.3,276.2,0,-1.4295461,1.5444806,268.54095,268.9354,273.2662,276.76318,281.34003,2.0,0.0,0.33245078,0.34322655,0.35215837,0.35217112
53.639,-125.1827,53.184,-121.73,D,2016,10,12,2016-10-12,319.6,60,21.8,276.7,0,-1.4295461,1.5444806,268.54095,268.9354,273.2662,276.76318,281.34003,2.0,0.0,0.33245078,0.34322655,0.35215837,0.35217112
53.637,-125.1978,53.184,-121.73,D,2016,10,12,2016-10-12,333.7,67,38.7,277.9,0,-1.4295461,1.5444806,268.54095,268.9354,273.2662,276.76318,281.34003,2.0,0.0,0.33245078,0.34322655,0.35215837,0.35217112
53.9927,-124.8205,53.184,-121.73,D,2016,10,12,2016-10-12,356.8,98,87.3,275.7,1,-1.4295461,1.5444806,268.54095,268.9354,273.2662,276.76318,281.34003,2.0,0.0,0.33245078,0.34322655,0.35215837,0.35217112
53.9907,-124.8362,53.184,-121.73,D,2016,10,12,2016-10-12,307.8,66,13.1,272.8,0,-1.4295461,1.5444806,268.54095,268.9354,273.2662,276.76318,281.34003,2.0,0.0,0.33245078,0.34322655,0.35215837,0.35217112
54.1693,-124.1443,53.184,-121.73,D,2016,10,12,2016-10-12,315.5,71,19.6,276.9,0,-1.4295461,1.5444806,268.54095,268.9354,273.2662,276.76318,281.34003,2.0,0.0,0.33245078,0.34322655,0.35215837,0.35217112
54.1673,-124.1605,53.184,-121.73,D,2016,10,12,2016-10-12,337.7,91,48.3,278.6,1,-1.4295461,1.5444806,268.54095,268.9354,273.2662,276.76318,281.34003,2.0,0.0,0.33245078,0.34322655,0.35215837,0.35217112
54.3078,-124.8814,53.184,-121.73,D,2016,10,12,2016-10-12,328.2,85,32.8,276.3,0,-1.4295461,1.5444806,268.54095,268.9354,273.2662,276.76318,281.34003,2.0,0.0,0.33245078,0.34322655,0.35215837,0.35217112
54.5524,-123.946,53.184,-121.73,D,2016,10,12,2016-10-12,333.2,77,40.1,278.8,0,-1.4295461,1.5444806,268.54095,268.9354,273.2662,276.76318,281.34003,2.0,0.0,0.33245078,0.34322655,0.35215837,0.35217112
54.5597,-123.9658,53.184,-121.73,D,2016,10,12,2016-10-12,333.0,77,41.7,279.7,0,-1.4295461,1.5444806,268.54095,268.9354,273.2662,276.76318,281.34003,2.0,0.0,0.33245078,0.34322655,0.35215837,0.35217112
54.5577,-123.9824,53.184,-121.73,D,2016,10,12,2016-10-12,324.8,72,29.9,278.9,0,-1.4295461,1.5444806,268.54095,268.9354,273.2662,276.76318,281.34003,2.0,0.0,0.33245078,0.34322655,0.35215837,0.35217112
54.818,-124.0431,53.184,-121.73,D,2016,10,12,2016-10-12,342.7,70,59.2,278.6,0,-1.4295461,1.5444806,268.54095,268.9354,273.2662,276.76318,281.34003,2.0,0.0,0.33245078,0.34322655,0.35215837,0.35217112
54.816,-124.0598,53.184,-121.73,D,2016,10,12,2016-10-12,348.1,0,69.4,280.1,0,-1.4295461,1.5444806,268.54095,268.9354,273.2662,276.76318,281.34003,2.0,0.0,0.33245078,0.34322655,0.35215837,0.35217112
54.8121,-124.0929,53.184,-121.73,D,2016,10,12,2016-10-12,317.7,59,21.7,279.9,0,-1.4295461,1.5444806,268.54095,268.9354,273.2662,276.76318,281.34003,2.0,0.0,0.33245078,0.34322655,0.35215837,0.35217112
54.8101,-124.1095,53.184,-121.73,D,2016,10,12,2016-10-12,314.4,70,18.4,278.6,0,-1.4295461,1.5444806,268.54095,268.9354,273.2662,276.76318,281.34003,2.0,0.0,0.33245078,0.34322655,0.35215837,0.35217112
54.8193,-124.1129,53.184,-121.73,D,2016,10,12,2016-10-12,377.6,94,164.4,285.5,1,-1.4295461,1.5444806,268.54095,268.9354,273.2662,276.76318,281.34003,2.0,0.0,0.33245078,0.34322655,0.35215837,0.35217112
54.7785,-124.5279,53.184,-121.73,D,2016,10,12,2016-10-12,351.4,84,76.0,281.7,0,-1.4295461,1.5444806,268.54095,268.9354,273.2662,276.76318,281.34003,2.0,0.0,0.33245078,0.34322655,0.35215837,0.35217112
54.7765,-124.5441,53.184,-121.73,D,2016,10,12,2016-10-12,328.1,0,33.1,280.6,0,-1.4295461,1.5444806,268.54095,268.9354,273.2662,276.76318,281.34003,2.0,0.0,0.33245078,0.34322655,0.35215837,0.35217112
54.907,-123.8162,53.184,-121.73,D,2016,10,12,2016-10-12,341.6,92,58.2,277.5,1,-1.4295461,1.5444806,268.54095,268.9354,273.2662,276.76318,281.34003,2.0,0.0,0.33245078,0.34322655,0.35215837,0.35217112
54.905,-123.8334,53.184,-121.73,D,2016,10,12,2016-10-12,396.0,100,271.6,286.4,1,-1.4295461,1.5444806,268.54095,268.9354,273.2662,276.76318,281.34003,2.0,0.0,0.33245078,0.34322655,0.35215837,0.35217112
54.7704,-125.1705,53.184,-121.73,D,2016,10,12,2016-10-12,314.1,65,17.9,273.7,0,-1.4295461,1.5444806,268.54095,268.9354,273.2662,276.76318,281.34003,2.0,0.0,0.33245078,0.34322655,0.35215837,0.35217112
54.7814,-125.158,53.184,-121.73,D,2016,10,12,2016-10-12,360.2,100,95.6,274.6,1,-1.4295461,1.5444806,268.54095,268.9354,273.2662,276.76318,281.34003,2.0,0.0,0.33245078,0.34322655,0.35215837,0.35217112
54.7794,-125.1737,53.184,-121.73,D,2016,10,12,2016-10-12,388.5,94,205.7,279.0,1,-1.4295461,1.5444806,268.54095,268.9354,273.2662,276.76318,281.34003,2.0,0.0,0.33245078,0.34322655,0.35215837,0.35217112
54.7774,-125.1893,53.184,-121.73,D,2016,10,12,2016-10-12,328.4,65,31.6,273.6,0,-1.4295461,1.5444806,268.54095,268.9354,273.2662,276.76318,281.34003,2.0,0.0,0.33245078,0.34322655,0.35215837,0.35217112
54.7713,-125.2365,53.184,-121.73,D,2016,10,12,2016-10-12,314.1,74,17.1,273.4,0,-1.4295461,1.5444806,268.54095,268.9354,273.2662,276.76318,281.34003,2.0,0.0,0.33245078,0.34322655,0.35215837,0.35217112
54.7803,-125.2398,53.184,-121.73,D,2016,10,12,2016-10-12,328.9,75,31.9,274.3,0,-1.4295461,1.5444806,268.54095,268.9354,273.2662,276.76318,281.34003,2.0,0.0,0.33245078,0.34322655,0.35215837,0.35217112
54.9786,-123.831,53.184,-121.73,D,2016,10,12,2016-10-12,361.2,87,106.5,281.1,0,-1.4295461,1.5444806,268.54095,268.9354,273.2662,276.76318,281.34003,2.0,0.0,0.33245078,0.34322655,0.35215837,0.35217112
54.9899,-123.8173,53.184,-121.73,D,2016,10,12,2016-10-12,311.6,71,16.8,276.2,0,-1.4295461,1.5444806,268.54095,268.9354,273.2662,276.76318,281.34003,2.0,0.0,0.33245078,0.34322655,0.35215837,0.35217112
54.9879,-123.8345,53.184,-121.73,D,2016,10,12,2016-10-12,384.3,94,203.4,282.5,1,-1.4295461,1.5444806,268.54095,268.9354,273.2662,276.76318,281.34003,2.0,0.0,0.33245078,0.34322655,0.35215837,0.35217112
54.9859,-123.8517,53.184,-121.73,D,2016,10,12,2016-10-12,378.6,94,175.2,281.9,1,-1.4295461,1.5444806,268.54095,268.9354,273.2662,276.76318,281.34003,2.0,0.0,0.33245078,0.34322655,0.35215837,0.35217112
54.984,-123.8689,53.184,-121.73,D,2016,10,12,2016-10-12,304.2,55,11.4,275.8,0,-1.4295461,1.5444806,268.54095,268.9354,273.2662,276.76318,281.34003,2.0,0.0,0.33245078,0.34322655,0.35215837,0.35217112
54.947,-124.3459,53.184,-121.73,D,2016,10,12,2016-10-12,383.2,100,188.5,283.0,1,-1.4295461,1.5444806,268.54095,268.9354,273.2662,276.76318,281.34003,2.0,0.0,0.33245078,0.34322655,0.35215837,0.35217112
54.9378,-124.3427,53.184,-121.73,D,2016,10,12,2016-10-12,315.0,75,18.5,275.9,0,-1.4295461,1.5444806,268.54095,268.9354,273.2662,276.76318,281.34003,2.0,0.0,0.33245078,0.34322655,0.35215837,0.35217112
54.9358,-124.3591,53.184,-121.73,D,2016,10,12,2016-10-12,324.5,83,28.7,277.2,0,-1.4295461,1.5444806,268.54095,268.9354,273.2662,276.76318,281.34003,2.0,0.0,0.33245078,0.34322655,0.35215837,0.35217112
54.949,-124.3293,53.184,-121.73,D,2016,10,12,2016-10-12,312.7,42,15.2,276.6,0,-1.4295461,1.5444806,268.54095,268.9354,273.2662,276.76318,281.34003,2.0,0.0,0.33245078,0.34322655,0.35215837,0.35217112
54.945,-124.3623,53.184,-121.73,D,2016,10,12,2016-10-12,350.4,96,72.1,280.4,1,-1.4295461,1.5444806,268.54095,268.9354,273.2662,276.76318,281.34003,2.0,0.0,0.33245078,0.34322655,0.35215837,0.35217112
55.1447,-123.1402,53.184,-121.73,D,2016,10,12,2016-10-12,318.4,78,23.5,279.5,0,-1.4295461,1.5444806,268.54095,268.9354,273.2662,276.76318,281.34003,2.0,0.0,0.33245078,0.34322655,0.35215837,0.35217112
55.1482,-123.1276,53.184,-121.73,D,2016,10,12,2016-10-12,307.9,50,15.1,279.1,0,-1.4295461,1.5444806,268.54095,268.9354,273.2662,276.76318,281.34003,2.0,0.0,0.33245078,0.34322655,0.35215837,0.35217112
55.1462,-123.1459,53.184,-121.73,D,2016,10,12,2016-10-12,308.8,64,15.8,279.2,0,-1.4295461,1.5444806,268.54095,268.9354,273.2662,276.76318,281.34003,2.0,0.0,0.33245078,0.34322655,0.35215837,0.35217112
55.2229,-123.2918,53.184,-121.73,D,2016,10,12,2016-10-12,347.8,95,76.4,280.8,1,-1.4295461,1.5444806,268.54095,268.9354,273.2662,276.76318,281.34003,2.0,0.0,0.33245078,0.34322655,0.35215837,0.35217112
55.2209,-123.3096,53.184,-121.73,D,2016,10,12,2016-10-12,345.8,94,71.3,282.7,1,-1.4295461,1.5444806,268.54095,268.9354,273.2662,276.76318,281.34003,2.0,0.0,0.33245078,0.34322655,0.35215837,0.35217112
55.2323,-123.2955,53.184,-121.73,D,2016,10,12,2016-10-12,341.6,92,62.1,278.3,1,-1.4295461,1.5444806,268.54095,268.9354,273.2662,276.76318,281.34003,2.0,0.0,0.33245078,0.34322655,0.35215837,0.35217112
55.2304,-123.3131,53.184,-121.73,D,2016,10,12,2016-10-12,344.6,94,68.7,279.9,1,-1.4295461,1.5444806,268.54095,268.9354,273.2662,276.76318,281.34003,2.0,0.0,0.33245078,0.34322655,0.35215837,0.35217112
55.23,-124.2044,53.184,-121.73,D,2016,10,12,2016-10-12,372.6,100,144.8,283.0,1,-1.4295461,1.5444806,268.54095,268.9354,273.2662,276.76318,281.34003,2.0,0.0,0.33245078,0.34322655,0.35215837,0.35217112
55.2281,-124.2214,53.184,-121.73,D,2016,10,12,2016-10-12,380.6,100,179.3,284.3,1,-1.4295461,1.5444806,268.54095,268.9354,273.2662,276.76318,281.34003,2.0,0.0,0.33245078,0.34322655,0.35215837,0.35217112
55.2413,-124.1909,53.184,-121.73,D,2016,10,12,2016-10-12,386.8,100,211.2,281.9,1,-1.4295461,1.5444806,268.54095,268.9354,273.2662,276.76318,281.34003,2.0,0.0,0.33245078,0.34322655,0.35215837,0.35217112
55.2393,-124.2079,53.184,-121.73,D,2016,10,12,2016-10-12,445.3,100,744.0,300.3,1,-1.4295461,1.5444806,268.54095,268.9354,273.2662,276.76318,281.34003,2.0,0.0,0.33245078,0.34322655,0.35215837,0.35217112
55.2373,-124.2249,53.184,-121.73,D,2016,10,12,2016-10-12,413.5,100,392.4,295.6,1,-1.4295461,1.5444806,268.54095,268.9354,273.2662,276.76318,281.34003,2.0,0.0,0.33245078,0.34322655,0.35215837,0.35217112
55.2353,-124.2418,53.184,-121.73,D,2016,10,12,2016-10-12,357.6,99,94.0,282.8,1,-1.4295461,1.5444806,268.54095,268.9354,273.2662,276.76318,281.34003,2.0,0.0,0.33245078,0.34322655,0.35215837,0.35217112
55.2505,-124.1944,53.184,-121.73,D,2016,10,12,2016-10-12,308.5,67,13.0,277.5,0,-1.4295461,1.5444806,268.54095,268.9354,273.2662,276.76318,281.34003,2.0,0.0,0.33245078,0.34322655,0.35215837,0.35217112
55.2485,-124.2113,53.184,-121.73,D,2016,10,12,2016-10-12,340.5,92,53.9,277.7,1,-1.4295461,1.5444806,268.54095,268.9354,273.2662,276.76318,281.34003,2.0,0.0,0.33245078,0.34322655,0.35215837,0.35217112
55.184,-124.8995,53.184,-121.73,D,2016,10,12,2016-10-12,333.7,84,40.6,274.6,0,-1.4295461,1.5444806,268.54095,268.9354,273.2662,276.76318,281.34003,2.0,0.0,0.33245078,0.34322655,0.35215837,0.35217112
55.182,-124.9155,53.184,-121.73,D,2016,10,12,2016-10-12,396.2,94,253.8,283.5,1,-1.4295461,1.5444806,268.54095,268.9354,273.2662,276.76318,281.34003,2.0,0.0,0.33245078,0.34322655,0.35215837,0.35217112
55.18,-124.9317,53.184,-121.73,D,2016,10,12,2016-10-12,347.9,90,66.0,277.3,1,-1.4295461,1.5444806,268.54095,268.9354,273.2662,276.76318,281.34003,2.0,0.0,0.33245078,0.34322655,0.35215837,0.35217112
55.1931,-124.9026,53.184,-121.73,D,2016,10,12,2016-10-12,328.4,81,32.6,274.6,0,-1.4295461,1.5444806,268.54095,268.9354,273.2662,276.76318,281.34003,2.0,0.0,0.33245078,0.34322655,0.35215837,0.35217112
55.1891,-124.935,53.184,-121.73,D,2016,10,12,2016-10-12,361.5,82,100.1,280.4,0,-1.4295461,1.5444806,268.54095,268.9354,273.2662,276.76318,281.34003,2.0,0.0,0.33245078,0.34322655,0.35215837,0.35217112
55.2002,-124.9221,53.184,-121.73,D,2016,10,12,2016-10-12,304.0,0,10.6,277.2,0,-1.4295461,1.5444806,268.54095,268.9354,273.2662,276.76318,281.34003,2.0,0.0,0.33245078,0.34322655,0.35215837,0.35217112
55.2418,-124.6638,53.184,-121.73,D,2016,10,12,2016-10-12,364.8,100,113.2,279.4,1,-1.4295461,1.5444806,268.54095,268.9354,273.2662,276.76318,281.34003,2.0,0.0,0.33245078,0.34322655,0.35215837,0.35217112
55.2397,-124.6805,53.184,-121.73,D,2016,10,12,2016-10-12,385.9,100,200.2,283.2,1,-1.4295461,1.5444806,268.54095,268.9354,273.2662,276.76318,281.34003,2.0,0.0,0.33245078,0.34322655,0.35215837,0.35217112
55.2377,-124.6969,53.184,-121.73,D,2016,10,12,2016-10-12,305.1,44,10.3,276.2,0,-1.4295461,1.5444806,268.54095,268.9354,273.2662,276.76318,281.34003,2.0,0.0,0.33245078,0.34322655,0.35215837,0.35217112
55.2498,-124.6566,53.184,-121.73,D,2016,10,12,2016-10-12,338.4,86,49.4,276.5,0,-1.4295461,1.5444806,268.54095,268.9354,273.2662,276.76318,281.34003,2.0,0.0,0.33245078,0.34322655,0.35215837,0.35217112
55.2478,-124.6736,53.184,-121.73,D,2016,10,12,2016-10-12,342.4,93,57.7,278.9,1,-1.4295461,1.5444806,268.54095,268.9354,273.2662,276.76318,281.34003,2.0,0.0,0.33245078,0.34322655,0.35215837,0.35217112
55.2458,-124.6901,53.184,-121.73,D,2016,10,12,2016-10-12,308.2,67,14.3,275.9,0,-1.4295461,1.5444806,268.54095,268.9354,273.2662,276.76318,281.34003,2.0,0.0,0.33245078,0.34322655,0.35215837,0.35217112
55.2186,-125.1404,53.184,-121.73,D,2016,10,12,2016-10-12,332.8,83,39.8,275.9,0,-1.4295461,1.5444806,268.54095,268.9354,273.2662,276.76318,281.34003,2.0,0.0,0.33245078,0.34322655,0.35215837,0.35217112
55.2165,-125.1565,53.184,-121.73,D,2016,10,12,2016-10-12,370.2,0,129.9,281.9,0,-1.4295461,1.5444806,268.54095,268.9354,273.2662,276.76318,281.34003,2.0,0.0,0.33245078,0.34322655,0.35215837,0.35217112
55.554,-124.2173,53.184,-121.73,D,2016,10,12,2016-10-12,321.1,77,24.1,279.3,0,-1.4295461,1.5444806,268.54095,268.9354,273.2662,276.76318,281.34003,2.0,0.0,0.33245078,0.34322655,0.35215837,0.35217112
55.5519,-124.2345,53.184,-121.73,D,2016,10,12,2016-10-12,375.7,100,160.5,284.2,1,-1.4295461,1.5444806,268.54095,268.9354,273.2662,276.76318,281.34003,2.0,0.0,0.33245078,0.34322655,0.35215837,0.35217112
55.5499,-124.2518,53.184,-121.73,D,2016,10,12,2016-10-12,324.5,83,28.3,279.1,0,-1.4295461,1.5444806,268.54095,268.9354,273.2662,276.76318,281.34003,2.0,0.0,0.33245078,0.34322655,0.35215837,0.35217112
55.5612,-124.2382,53.184,-121.73,D,2016,10,12,2016-10-12,309.7,15,12.5,278.0,0,-1.4295461,1.5444806,268.54095,268.9354,273.2662,276.76318,281.34003,2.0,0.0,0.33245078,0.34322655,0.35215837,0.35217112
55.1943,-128.6708,53.184,-121.73,D,2016,10,12,2016-10-12,319.6,79,22.2,274.5,0,-1.4295461,1.5444806,268.54095,268.9354,273.2662,276.76318,281.34003,2.0,0.0,0.33245078,0.34322655,0.35215837,0.35217112
55.203,-128.6753,53.184,-121.73,D,2016,10,12,2016-10-12,338.0,91,44.7,274.0,1,-1.4295461,1.5444806,268.54095,268.9354,273.2662,276.76318,281.34003,2.0,0.0,0.33245078,0.34322655,0.35215837,0.35217112
55.3585,-128.0947,53.184,-121.73,D,2016,10,12,2016-10-12,357.1,0,83.3,281.0,0,-1.4295461,1.5444806,268.54095,268.9354,273.2662,276.76318,281.34003,2.0,0.0,0.33245078,0.34322655,0.35215837,0.35217112
55.3562,-128.1101,53.184,-121.73,D,2016,10,12,2016-10-12,327.5,0,30.3,280.9,0,-1.4295461,1.5444806,268.54095,268.9354,273.2662,276.76318,281.34003,2.0,0.0,0.33245078,0.34322655,0.35215837,0.35217112
55.4023,-128.1151,53.184,-121.73,D,2016,10,12,2016-10-12,379.5,75,156.4,284.4,0,-1.4295461,1.5444806,268.54095,268.9354,273.2662,276.76318,281.34003,2.0,0.0,0.33245078,0.34322655,0.35215837,0.35217112
55.4336,-128.1516,53.184,-121.73,D,2016,10,12,2016-10-12,306.0,63,11.2,278.4,0,-1.4295461,1.5444806,268.54095,268.9354,273.2662,276.76318,281.34003,2.0,0.0,0.33245078,0.34322655,0.35215837,0.35217112
51.0349,-122.7543,50.773,-107.937,D,2016,10,13,2016-10-13,313.6,59,68.2,274.0,0,-3.3650694,1.675448,269.40048,272.23337,276.1054,281.0563,286.71982,2.0,0.0,0.34011155,0.3372156,0.26321268,0.23040783
51.0209,-122.7579,50.773,-107.937,D,2016,10,13,2016-10-13,326.3,79,115.1,274.0,0,-3.3650694,1.675448,269.40048,272.23337,276.1054,281.0563,286.71982,2.0,0.0,0.34011155,0.3372156,0.26321268,0.23040783
51.0301,-122.7553,50.773,-107.937,D,2016,10,13,2016-10-13,300.1,19,26.1,273.6,0,-3.3650694,1.675448,269.40048,272.23337,276.1054,281.0563,286.71982,2.0,0.0,0.34011155,0.3372156,0.26321268,0.23040783
53.2084,-121.9911,50.773,-107.937,D,2016,10,13,2016-10-13,314.9,59,113.0,276.1,0,-3.3650694,1.675448,269.40048,272.23337,276.1054,281.0563,286.71982,2.0,0.0,0.34011155,0.3372156,0.26321268,0.23040783
53.2147,-121.9955,50.773,-107.937,D,2016,10,13,2016-10-13,317.2,59,124.9,275.5,0,-3.3650694,1.675448,269.40048,272.23337,276.1054,281.0563,286.71982,2.0,0.0,0.34011155,0.3372156,0.26321268,0.23040783
53.7326,-120.1322,53.351,-116.62,N,2016,10,14,2016-10-14,317.4,95,20.9,272.5,1,-1.5053807,-1.0122429,270.93542,271.01077,273.67896,278.10455,281.85727,6.0,1.9703182e-06,0.64045167,0.64754975,0.65461576,0.62737525
53.7305,-120.1471,53.351,-116.62,N,2016,10,14,2016-10-14,316.2,93,20.0,271.5,1,-1.5053807,-1.0122429,270.93542,271.01077,273.67896,278.10455,281.85727,6.0,1.9703182e-06,0.64045167,0.64754975,0.65461576,0.62737525
54.712,-123.9292,53.351,-116.62,N,2016,10,14,2016-10-14,313.7,88,19.7,270.8,0,-1.5053807,-1.0122429,270.93542,271.01077,273.67896,278.10455,281.85727,6.0,1.9703182e-06,0.64045167,0.64754975,0.65461576,0.62737525
54.7092,-123.9455,53.351,-116.62,N,2016,10,14,2016-10-14,311.3,82,17.7,270.6,0,-1.5053807,-1.0122429,270.93542,271.01077,273.67896,278.10455,281.85727,6.0,1.9703182e-06,0.64045167,0.64754975,0.65461576,0.62737525
54.7881,-126.8928,49.908,-104.608,D,2016,10,15,2016-10-15,319.3,71,22.6,269.7,0,2.7552023,-1.8206439,275.4375,277.27847,280.8161,281.45453,286.90628,2.0,0.0,0.37761348,0.365807,0.28635946,0.29332575
54.8034,-126.9213,49.908,-104.608,D,2016,10,15,2016-10-15,315.0,43,17.2,272.0,0,2.7552023,-1.8206439,275.4375,277.27847,280.8161,281.45453,286.90628,2.0,0.0,0.37761348,0.365807,0.28635946,0.29332575
52.8989,-121.6044,49.908,-104.608,D,2016,10,15,2016-10-15,337.1,83,120.6,275.8,0,2.7552023,-1.8206439,275.4375,277.27847,280.8161,281.45453,286.90628,2.0,0.0,0.37761348,0.365807,0.28635946,0.29332575
52.8921,-121.5765,49.908,-104.608,D,2016,10,15,2016-10-15,310.2,27,38.5,273.1,0,2.7552023,-1.8206439,275.4375,277.27847,280.8161,281.45453,286.90628,2.0,0.0,0.37761348,0.365807,0.28635946,0.29332575
52.8972,-121.6108,49.908,-104.608,D,2016,10,15,2016-10-15,326.6,80,78.2,275.0,0,2.7552023,-1.8206439,275.4375,277.27847,280.8161,281.45453,286.90628,2.0,0.0,0.37761348,0.365807,0.28635946,0.29332575
52.8905,-121.5827,49.908,-104.608,D,2016,10,15,2016-10-15,312.8,55,41.2,273.4,0,2.7552023,-1.8206439,275.4375,277.27847,280.8161,281.45453,286.90628,2.0,0.0,0.37761348,0.365807,0.28635946,0.29332575
50.2281,-104.543,49.908,-104.608,D,2016,10,15,2016-10-15,300.8,41,7.1,279.6,0,2.7552023,-1.8206439,275.4375,277.27847,280.8161,281.45453,286.90628,2.0,0.0,0.37761348,0.365807,0.28635946,0.29332575
52.8948,-121.6276,49.908,-104.608,D,2016,10,15,2016-10-15,315.9,54,64.2,275.1,0,2.7552023,-1.8206439,275.4375,277.27847,280.8161,281.45453,286.90628,2.0,0.0,0.37761348,0.365807,0.28635946,0.29332575
52.9043,-121.5915,49.908,-104.608,D,2016,10,15,2016-10-15,314.4,37,57.6,272.4,0,2.7552023,-1.8206439,275.4375,277.27847,280.8161,281.45453,286.90628,2.0,0.0,0.37761348,0.365807,0.28635946,0.29332575
53.6492,-132.1951,49.908,-104.608,D,2016,10,15,2016-10-15,310.3,32,13.2,280.6,0,2.7552023,-1.8206439,275.4375,277.27847,280.8161,281.45453,286.90628,2.0,0.0,0.37761348,0.365807,0.28635946,0.29332575
53.4102,-122.1494,52.056,-112.169,D,2016,10,16,2016-10-16,309.4,68,13.0,277.3,0,-4.833138,2.2756433,273.38824,270.72144,273.82553,278.13135,285.3001,2.0,1.5655722e-05,0.343332,0.32586455,0.30209404,0.2782436
53.4014,-122.1452,52.056,-112.169,D,2016,10,16,2016-10-16,325.5,84,27.8,277.8,0,-4.833138,2.2756433,273.38824,270.72144,273.82553,278.13135,285.3001,2.0,1.5655722e-05,0.343332,0.32586455,0.30209404,0.2782436
53.4917,-122.3938,52.056,-112.169,D,2016,10,16,2016-10-16,321.9,81,24.9,277.1,0,-4.833138,2.2756433,273.38824,270.72144,273.82553,278.13135,285.3001,2.0,1.5655722e-05,0.343332,0.32586455,0.30209404,0.2782436
53.4942,-122.3782,52.056,-112.169,D,2016,10,16,2016-10-16,323.7,83,27.0,273.9,0,-4.833138,2.2756433,273.38824,270.72144,273.82553,278.13135,285.3001,2.0,1.5655722e-05,0.343332,0.32586455,0.30209404,0.2782436
54.686,-124.1446,53.482,-122.506,N,2016,10,17,2016-10-17,300.4,26,11.5,270.5,0,0.52523804,-0.534578,275.15857,275.12656,275.23157,276.7621,281.9891,2.0,1.7478626e-05,0.41677055,0.42513645,0.40296674,0.39131147
54.6744,-124.1599,53.482,-122.506,N,2016,10,17,2016-10-17,313.5,87,22.0,270.7,0,0.52523804,-0.534578,275.15857,275.12656,275.23157,276.7621,281.9891,2.0,1.7478626e-05,0.41677055,0.42513645,0.40296674,0.39131147
54.684,-124.1632,53.482,-122.506,N,2016,10,17,2016-10-17,324.9,100,36.5,270.5,1,0.52523804,-0.534578,275.15857,275.12656,275.23157,276.7621,281.9891,2.0,1.7478626e-05,0.41677055,0.42513645,0.40296674,0.39131147
54.7269,-123.9497,53.482,-122.506,N,2016,10,17,2016-10-17,304.1,58,14.5,267.2,0,0.52523804,-0.534578,275.15857,275.12656,275.23157,276.7621,281.9891,2.0,1.7478626e-05,0.41677055,0.42513645,0.40296674,0.39131147
55.3428,-128.9093,51.966,-123.533,D,2016,10,17,2016-10-17,301.6,30,7.0,276.0,0,0.66851807,0.17406085,271.45016,273.90073,275.7403,277.55728,282.1413,2.0,4.1168403e-07,0.3898728,0.38927078,0.360551,0.34331673
55.3406,-128.8929,51.966,-123.533,D,2016,10,17,2016-10-17,321.6,72,22.7,273.9,0,0.66851807,0.17406085,271.45016,273.90073,275.7403,277.55728,282.1413,2.0,4.1168403e-07,0.3898728,0.38927078,0.360551,0.34331673
53.3369,-132.2572,51.966,-123.533,D,2016,10,17,2016-10-17,310.8,22,13.8,281.6,0,0.66851807,0.17406085,271.45016,273.90073,275.7403,277.55728,282.1413,2.0,4.1168403e-07,0.3898728,0.38927078,0.360551,0.34331673
53.3254,-132.2428,51.966,-123.533,D,2016,10,17,2016-10-17,313.7,54,16.7,280.3,0,0.66851807,0.17406085,271.45016,273.90073,275.7403,277.55728,282.1413,2.0,4.1168403e-07,0.3898728,0.38927078,0.360551,0.34331673
51.8571,-124.9207,51.966,-123.533,D,2016,10,17,2016-10-17,309.1,25,15.9,269.2,0,0.66851807,0.17406085,271.45016,273.90073,275.7403,277.55728,282.1413,2.0,4.1168403e-07,0.3898728,0.38927078,0.360551,0.34331673
51.8673,-124.9227,51.966,-123.533,D,2016,10,17,2016-10-17,388.4,87,287.6,277.6,0,0.66851807,0.17406085,271.45016,273.90073,275.7403,277.55728,282.1413,2.0,4.1168403e-07,0.3898728,0.38927078,0.360551,0.34331673
51.8655,-124.9416,51.966,-123.533,D,2016,10,17,2016-10-17,332.5,54,47.0,275.9,0,0.66851807,0.17406085,271.45016,273.90073,275.7403,277.55728,282.1413,2.0,4.1168403e-07,0.3898728,0.38927078,0.360551,0.34331673
53.1006,-131.6935,51.966,-123.533,D,2016,10,17,2016-10-17,315.2,0,16.4,283.2,0,0.66851807,0.17406085,271.45016,273.90073,275.7403,277.55728,282.1413,2.0,4.1168403e-07,0.3898728,0.38927078,0.360551,0.34331673
55.3417,-128.887,51.966,-123.533,D,2016,10,17,2016-10-17,306.9,0,9.5,271.2,0,0.66851807,0.17406085,271.45016,273.90073,275.7403,277.55728,282.1413,2.0,4.1168403e-07,0.3898728,0.38927078,0.360551,0.34331673
55.3399,-128.9024,51.966,-123.533,D,2016,10,17,2016-10-17,327.4,56,30.3,275.0,0,0.66851807,0.17406085,271.45016,273.90073,275.7403,277.55728,282.1413,2.0,4.1168403e-07,0.3898728,0.38927078,0.360551,0.34331673
55.3492,-128.9051,51.966,-123.533,D,2016,10,17,2016-10-17,301.0,18,5.8,272.8,0,0.66851807,0.17406085,271.45016,273.90073,275.7403,277.55728,282.1413,2.0,4.1168403e-07,0.3898728,0.38927078,0.360551,0.34331673
53.3244,-132.248,51.966,-123.533,D,2016,10,17,2016-10-17,333.1,56,36.0,275.5,0,0.66851807,0.17406085,271.45016,273.90073,275.7403,277.55728,282.1413,2.0,4.1168403e-07,0.3898728,0.38927078,0.360551,0.34331673
51.9679,-122.9215,51.928,-122.571,D,2016,10,18,2016-10-18,336.0,87,317.1,276.6,0,0.57094806,0.12982154,274.26187,275.11328,276.0995,278.2042,282.82193,2.0,0.00025623897,0.3832218,0.37584198,0.3231604,0.290434
51.9799,-122.9165,51.928,-122.571,D,2016,10,18,2016-10-18,320.4,68,162.4,274.6,0,0.57094806,0.12982154,274.26187,275.11328,276.0995,278.2042,282.82193,2.0,0.00025623897,0.3832218,0.37584198,0.3231604,0.290434
51.9646,-122.9286,51.928,-122.571,D,2016,10,18,2016-10-18,326.3,75,206.3,276.3,0,0.57094806,0.12982154,274.26187,275.11328,276.0995,278.2042,282.82193,2.0,0.00025623897,0.3832218,0.37584198,0.3231604,0.290434
51.9687,-122.9207,51.928,-122.571,D,2016,10,18,2016-10-18,376.9,94,234.7,283.1,1,0.57094806,0.12982154,274.26187,275.11328,276.0995,278.2042,282.82193,2.0,0.00025623897,0.3832218,0.37584198,0.3231604,0.290434
51.9647,-122.9404,51.928,-122.571,D,2016,10,18,2016-10-18,329.6,64,47.7,278.8,0,0.57094806,0.12982154,274.26187,275.11328,276.0995,278.2042,282.82193,2.0,0.00025623897,0.3832218,0.37584198,0.3231604,0.290434
51.9787,-122.9264,51.928,-122.571,D,2016,10,18,2016-10-18,324.1,77,38.9,277.7,0,0.57094806,0.12982154,274.26187,275.11328,276.0995,278.2042,282.82193,2.0,0.00025623897,0.3832218,0.37584198,0.3231604,0.290434
51.9746,-122.9464,51.928,-122.571,D,2016,10,18,2016-10-18,310.4,35,19.2,279.4,0,0.57094806,0.12982154,274.26187,275.11328,276.0995,278.2042,282.82193,2.0,0.00025623897,0.3832218,0.37584198,0.3231604,0.290434
53.5223,-125.5792,51.625,-123.597,N,2016,10,19,2016-10-19,344.9,92,55.0,276.2,1,-0.6354973,3.5812104,278.63623,276.36908,274.71988,276.35352,280.41748,2.0,5.228396e-05,0.37230533,0.37750304,0.371921,0.35969108
53.518,-125.5459,51.625,-123.597,N,2016,10,19,2016-10-19,326.9,100,30.4,273.9,1,-0.6354973,3.5812104,278.63623,276.36908,274.71988,276.35352,280.41748,2.0,5.228396e-05,0.37230533,0.37750304,0.371921,0.35969108
53.5267,-125.5497,51.625,-123.597,N,2016,10,19,2016-10-19,313.7,24,15.8,273.8,0,-0.6354973,3.5812104,278.63623,276.36908,274.71988,276.35352,280.41748,2.0,5.228396e-05,0.37230533,0.37750304,0.371921,0.35969108
53.5245,-125.5645,51.625,-123.597,N,2016,10,19,2016-10-19,346.5,100,58.3,276.3,1,-0.6354973,3.5812104,278.63623,276.36908,274.71988,276.35352,280.41748,2.0,5.228396e-05,0.37230533,0.37750304,0.371921,0.35969108
53.5333,-125.5683,51.625,-123.597,N,2016,10,19,2016-10-19,339.4,98,45.7,275.9,1,-0.6354973,3.5812104,278.63623,276.36908,274.71988,276.35352,280.41748,2.0,5.228396e-05,0.37230533,0.37750304,0.371921,0.35969108
53.5311,-125.583,51.625,-123.597,N,2016,10,19,2016-10-19,337.6,100,43.1,275.2,1,-0.6354973,3.5812104,278.63623,276.36908,274.71988,276.35352,280.41748,2.0,5.228396e-05,0.37230533,0.37750304,0.371921,0.35969108
53.5421,-125.572,51.625,-123.597,N,2016,10,19,2016-10-19,306.1,32,11.0,273.8,0,-0.6354973,3.5812104,278.63623,276.36908,274.71988,276.35352,280.41748,2.0,5.228396e-05,0.37230533,0.37750304,0.371921,0.35969108
53.5398,-125.5868,51.625,-123.597,N,2016,10,19,2016-10-19,301.2,14,8.3,273.5,0,-0.6354973,3.5812104,278.63623,276.36908,274.71988,276.35352,280.41748,2.0,5.228396e-05,0.37230533,0.37750304,0.371921,0.35969108
53.5328,-125.5765,51.625,-123.597,N,2016,10,19,2016-10-19,313.4,41,32.6,273.0,0,-0.6354973,3.5812104,278.63623,276.36908,274.71988,276.35352,280.41748,2.0,5.228396e-05,0.37230533,0.37750304,0.371921,0.35969108
58.0324,-116.1452,50.479,-114.688,D,2016,10,19,2016-10-19,304.1,0,15.3,273.2,0,2.2638595,1.0137757,271.16473,273.36328,274.17978,275.9016,279.42935,2.0,8.111789e-06,0.3254228,0.32615143,0.2953662,0.3319858
55.6965,-121.0647,50.479,-114.688,D,2016,10,19,2016-10-19,300.1,22,9.4,274.6,0,2.2638595,1.0137757,271.16473,273.36328,274.17978,275.9016,279.42935,2.0,8.111789e-06,0.3254228,0.32615143,0.2953662,0.3319858
50.9199,-120.3891,50.479,-114.688,D,2016,10,19,2016-10-19,309.3,52,17.2,274.4,0,2.2638595,1.0137757,271.16473,273.36328,274.17978,275.9016,279.42935,2.0,8.111789e-06,0.3254228,0.32615143,0.2953662,0.3319858
52.1729,-114.7401,50.479,-114.688,D,2016,10,19,2016-10-19,304.1,58,30.5,280.3,0,2.2638595,1.0137757,271.16473,273.36328,274.17978,275.9016,279.42935,2.0,8.111789e-06,0.3254228,0.32615143,0.2953662,0.3319858
51.6989,-120.5661,50.479,-114.688,D,2016,10,19,2016-10-19,329.2,86,46.3,275.4,0,2.2638595,1.0137757,271.16473,273.36328,274.17978,275.9016,279.42935,2.0,8.111789e-06,0.3254228,0.32615143,0.2953662,0.3319858
51.6893,-120.5721,50.479,-114.688,D,2016,10,19,2016-10-19,343.3,93,78.9,274.3,1,2.2638595,1.0137757,271.16473,273.36328,274.17978,275.9016,279.42935,2.0,8.111789e-06,0.3254228,0.32615143,0.2953662,0.3319858
51.5057,-121.9812,50.479,-114.688,D,2016,10,19,2016-10-19,312.7,73,19.2,278.7,0,2.2638595,1.0137757,271.16473,273.36328,274.17978,275.9016,279.42935,2.0,8.111789e-06,0.3254228,0.32615143,0.2953662,0.3319858
51.5026,-121.9643,50.479,-114.688,D,2016,10,19,2016-10-19,306.3,63,13.5,278.7,0,2.2638595,1.0137757,271.16473,273.36328,274.17978,275.9016,279.42935,2.0,8.111789e-06,0.3254228,0.32615143,0.2953662,0.3319858
51.493,-122.078,50.479,-114.688,D,2016,10,19,2016-10-19,302.6,53,10.8,277.6,0,2.2638595,1.0137757,271.16473,273.36328,274.17978,275.9016,279.42935,2.0,8.111789e-06,0.3254228,0.32615143,0.2953662,0.3319858
51.2074,-120.7046,50.479,-114.688,D,2016,10,19,2016-10-19,310.1,69,19.5,278.2,0,2.2638595,1.0137757,271.16473,273.36328,274.17978,275.9016,279.42935,2.0,8.111789e-06,0.3254228,0.32615143,0.2953662,0.3319858
51.2038,-120.6867,50.479,-114.688,D,2016,10,19,2016-10-19,345.2,94,86.3,277.9,1,2.2638595,1.0137757,271.16473,273.36328,274.17978,275.9016,279.42935,2.0,8.111789e-06,0.3254228,0.32615143,0.2953662,0.3319858
51.0316,-120.5035,50.479,-114.688,D,2016,10,19,2016-10-19,327.4,74,47.8,272.0,0,2.2638595,1.0137757,271.16473,273.36328,274.17978,275.9016,279.42935,2.0,8.111789e-06,0.3254228,0.32615143,0.2953662,0.3319858
50.5931,-120.6005,50.479,-114.688,D,2016,10,19,2016-10-19,307.1,41,16.4,276.1,0,2.2638595,1.0137757,271.16473,273.36328,274.17978,275.9016,279.42935,2.0,8.111789e-06,0.3254228,0.32615143,0.2953662,0.3319858
50.5882,-120.6088,50.479,-114.688,D,2016,10,19,2016-10-19,305.9,62,16.7,277.5,0,2.2638595,1.0137757,271.16473,273.36328,274.17978,275.9016,279.42935,2.0,8.111789e-06,0.3254228,0.32615143,0.2953662,0.3319858
50.6471,-121.5007,50.479,-114.688,D,2016,10,19,2016-10-19,313.8,56,23.1,270.1,0,2.2638595,1.0137757,271.16473,273.36328,274.17978,275.9016,279.42935,2.0,8.111789e-06,0.3254228,0.32615143,0.2953662,0.3319858
50.5195,-127.5337,50.479,-114.688,D,2016,10,19,2016-10-19,323.0,76,24.4,280.6,0,2.2638595,1.0137757,271.16473,273.36328,274.17978,275.9016,279.42935,2.0,8.111789e-06,0.3254228,0.32615143,0.2953662,0.3319858
52.1771,-114.7235,50.479,-114.688,D,2016,10,19,2016-10-19,303.8,57,33.8,280.2,0,2.2638595,1.0137757,271.16473,273.36328,274.17978,275.9016,279.42935,2.0,8.111789e-06,0.3254228,0.32615143,0.2953662,0.3319858
52.1684,-114.7568,50.479,-114.688,D,2016,10,19,2016-10-19,302.5,53,31.1,280.3,0,2.2638595,1.0137757,271.16473,273.36328,274.17978,275.9016,279.42935,2.0,8.111789e-06,0.3254228,0.32615143,0.2953662,0.3319858
51.6866,-120.5617,50.479,-114.688,D,2016,10,19,2016-10-19,307.2,0,82.7,270.3,0,2.2638595,1.0137757,271.16473,273.36328,274.17978,275.9016,279.42935,2.0,8.111789e-06,0.3254228,0.32615143,0.2953662,0.3319858
51.6854,-120.5699,50.479,-114.688,D,2016,10,19,2016-10-19,310.0,0,114.5,270.5,0,2.2638595,1.0137757,271.16473,273.36328,274.17978,275.9016,279.42935,2.0,8.111789e-06,0.3254228,0.32615143,0.2953662,0.3319858
52.1751,-114.7401,50.479,-114.688,D,2016,10,19,2016-10-19,313.7,74,67.5,281.6,0,2.2638595,1.0137757,271.16473,273.36328,274.17978,275.9016,279.42935,2.0,8.111789e-06,0.3254228,0.32615143,0.2953662,0.3319858
52.1751,-114.7449,50.479,-114.688,D,2016,10,19,2016-10-19,313.0,73,68.4,281.7,0,2.2638595,1.0137757,271.16473,273.36328,274.17978,275.9016,279.42935,2.0,8.111789e-06,0.3254228,0.32615143,0.2953662,0.3319858
52.4133,-123.2564,50.479,-114.688,D,2016,10,19,2016-10-19,316.0,66,23.2,279.9,0,2.2638595,1.0137757,271.16473,273.36328,274.17978,275.9016,279.42935,2.0,8.111789e-06,0.3254228,0.32615143,0.2953662,0.3319858
51.3031,-120.3905,50.479,-114.688,D,2016,10,19,2016-10-19,310.1,12,22.6,266.9,0,2.2638595,1.0137757,271.16473,273.36328,274.17978,275.9016,279.42935,2.0,8.111789e-06,0.3254228,0.32615143,0.2953662,0.3319858
52.4663,-123.3307,50.479,-114.688,D,2016,10,19,2016-10-19,375.5,100,176.1,280.5,1,2.2638595,1.0137757,271.16473,273.36328,274.17978,275.9016,279.42935,2.0,8.111789e-06,0.3254228,0.32615143,0.2953662,0.3319858
52.4645,-123.348,50.479,-114.688,D,2016,10,19,2016-10-19,363.1,94,123.0,278.1,1,2.2638595,1.0137757,271.16473,273.36328,274.17978,275.9016,279.42935,2.0,8.111789e-06,0.3254228,0.32615143,0.2953662,0.3319858
53.5503,-125.5305,52.287,-125.061,D,2016,10,20,2016-10-20,311.3,0,73.7,275.1,0,-1.3779038,0.1588738,274.33093,274.48785,274.6795,276.04868,279.9375,2.0,0.00028445804,0.36902666,0.36748958,0.35453147,0.35664752
53.5336,-125.4799,52.287,-125.061,D,2016,10,20,2016-10-20,354.6,0,408.5,276.6,0,-1.3779038,0.1588738,274.33093,274.48785,274.6795,276.04868,279.9375,2.0,0.00028445804,0.36902666,0.36748958,0.35453147,0.35664752
53.5383,-125.5363,52.287,-125.061,D,2016,10,20,2016-10-20,315.0,30,84.9,273.1,0,-1.3779038,0.1588738,274.33093,274.48785,274.6795,276.04868,279.9375,2.0,0.00028445804,0.36902666,0.36748958,0.35453147,0.35664752
53.5368,-125.4881,52.287,-125.061,D,2016,10,20,2016-10-20,355.6,85,416.6,277.9,0,-1.3779038,0.1588738,274.33093,274.48785,274.6795,276.04868,279.9375,2.0,0.00028445804,0.36902666,0.36748958,0.35453147,0.35664752
53.1021,-131.6906,52.287,-125.061,D,2016,10,20,2016-10-20,327.7,76,39.0,281.8,0,-1.3779038,0.1588738,274.33093,274.48785,274.6795,276.04868,279.9375,2.0,0.00028445804,0.36902666,0.36748958,0.35453147,0.35664752
54.7443,-123.526,54.84,-121.51,N,2016,10,21,2016-10-21,303.2,54,10.0,273.2,0,1.0474323,2.2679148,275.04422,272.9782,272.08008,273.82907,278.02252,1.0,3.5589537e-06,0.25567585,0.24804844,0.25940853,0.2909173
54.7981,-123.5406,54.84,-121.51,N,2016,10,21,2016-10-21,306.3,37,11.3,272.9,0,1.0474323,2.2679148,275.04422,272.9782,272.08008,273.82907,278.02252,1.0,3.5589537e-06,0.25567585,0.24804844,0.25940853,0.2909173
54.7958,-123.5558,54.84,-121.51,N,2016,10,21,2016-10-21,300.4,11,8.1,272.9,0,1.0474323,2.2679148,275.04422,272.9782,272.08008,273.82907,278.02252,1.0,3.5589537e-06,0.25567585,0.24804844,0.25940853,0.2909173
54.7934,-123.5711,54.84,-121.51,N,2016,10,21,2016-10-21,308.9,54,13.1,272.9,0,1.0474323,2.2679148,275.04422,272.9782,272.08008,273.82907,278.02252,1.0,3.5589537e-06,0.25567585,0.24804844,0.25940853,0.2909173
54.7854,-124.5695,54.84,-121.51,N,2016,10,21,2016-10-21,303.5,54,10.5,273.1,0,1.0474323,2.2679148,275.04422,272.9782,272.08008,273.82907,278.02252,1.0,3.5589537e-06,0.25567585,0.24804844,0.25940853,0.2909173
54.7942,-124.574,54.84,-121.51,N,2016,10,21,2016-10-21,302.7,51,10.2,272.9,0,1.0474323,2.2679148,275.04422,272.9782,272.08008,273.82907,278.02252,1.0,3.5589537e-06,0.25567585,0.24804844,0.25940853,0.2909173
54.998,-124.2996,54.84,-121.51,N,2016,10,21,2016-10-21,320.0,100,23.7,273.9,1,1.0474323,2.2679148,275.04422,272.9782,272.08008,273.82907,278.02252,1.0,3.5589537e-06,0.25567585,0.24804844,0.25940853,0.2909173
54.9955,-124.315,54.84,-121.51,N,2016,10,21,2016-10-21,324.4,100,29.0,273.8,1,1.0474323,2.2679148,275.04422,272.9782,272.08008,273.82907,278.02252,1.0,3.5589537e-06,0.25567585,0.24804844,0.25940853,0.2909173
54.9957,-125.8885,54.84,-121.51,N,2016,10,21,2016-10-21,322.0,100,28.6,273.1,1,1.0474323,2.2679148,275.04422,272.9782,272.08008,273.82907,278.02252,1.0,3.5589537e-06,0.25567585,0.24804844,0.25940853,0.2909173
54.9754,-126.0044,54.84,-121.51,N,2016,10,21,2016-10-21,327.7,100,35.1,274.1,1,1.0474323,2.2679148,275.04422,272.9782,272.08008,273.82907,278.02252,1.0,3.5589537e-06,0.25567585,0.24804844,0.25940853,0.2909173
54.9844,-126.0094,54.84,-121.51,N,2016,10,21,2016-10-21,309.0,76,16.2,272.6,0,1.0474323,2.2679148,275.04422,272.9782,272.08008,273.82907,278.02252,1.0,3.5589537e-06,0.25567585,0.24804844,0.25940853,0.2909173
55.0141,-125.9528,54.84,-121.51,N,2016,10,21,2016-10-21,306.6,69,14.2,272.4,0,1.0474323,2.2679148,275.04422,272.9782,272.08008,273.82907,278.02252,1.0,3.5589537e-06,0.25567585,0.24804844,0.25940853,0.2909173
55.0442,-126.6256,54.84,-121.51,N,2016,10,21,2016-10-21,317.9,96,25.7,272.0,1,1.0474323,2.2679148,275.04422,272.9782,272.08008,273.82907,278.02252,1.0,3.5589537e-06,0.25567585,0.24804844,0.25940853,0.2909173
55.0411,-126.6425,54.84,-121.51,N,2016,10,21,2016-10-21,301.5,42,11.6,270.9,0,1.0474323,2.2679148,275.04422,272.9782,272.08008,273.82907,278.02252,1.0,3.5589537e-06,0.25567585,0.24804844,0.25940853,0.2909173
55.1664,-126.4749,54.84,-121.51,N,2016,10,21,2016-10-21,325.5,49,31.4,273.4,0,1.0474323,2.2679148,275.04422,272.9782,272.08008,273.82907,278.02252,1.0,3.5589537e-06,0.25567585,0.24804844,0.25940853,0.2909173
55.1846,-126.4849,54.84,-121.51,N,2016,10,21,2016-10-21,330.1,100,40.0,273.4,1,1.0474323,2.2679148,275.04422,272.9782,272.08008,273.82907,278.02252,1.0,3.5589537e-06,0.25567585,0.24804844,0.25940853,0.2909173
55.3854,-126.4793,54.84,-121.51,N,2016,10,21,2016-10-21,331.6,100,41.1,273.7,1,1.0474323,2.2679148,275.04422,272.9782,272.08008,273.82907,278.02252,1.0,3.5589537e-06,0.25567585,0.24804844,0.25940853,0.2909173
55.3824,-126.4962,54.84,-121.51,N,2016,10,21,2016-10-21,325.7,100,32.6,273.2,1,1.0474323,2.2679148,275.04422,272.9782,272.08008,273.82907,278.02252,1.0,3.5589537e-06,0.25567585,0.24804844,0.25940853,0.2909173
55.3945,-126.4843,54.84,-121.51,N,2016,10,21,2016-10-21,301.9,45,11.3,272.4,0,1.0474323,2.2679148,275.04422,272.9782,272.08008,273.82907,278.02252,1.0,3.5589537e-06,0.25567585,0.24804844,0.25940853,0.2909173
55.3915,-126.5012,54.84,-121.51,N,2016,10,21,2016-10-21,309.6,78,16.9,272.3,0,1.0474323,2.2679148,275.04422,272.9782,272.08008,273.82907,278.02252,1.0,3.5589537e-06,0.25567585,0.24804844,0.25940853,0.2909173
55.4035,-126.4893,54.84,-121.51,N,2016,10,21,2016-10-21,310.3,36,15.8,273.0,0,1.0474323,2.2679148,275.04422,272.9782,272.08008,273.82907,278.02252,1.0,3.5589537e-06,0.25567585,0.24804844,0.25940853,0.2909173
55.4005,-126.5062,54.84,-121.51,N,2016,10,21,2016-10-21,324.1,75,29.8,273.2,0,1.0474323,2.2679148,275.04422,272.9782,272.08008,273.82907,278.02252,1.0,3.5589537e-06,0.25567585,0.24804844,0.25940853,0.2909173
56.0978,-121.0336,51.487,-121.008,D,2016,10,21,2016-10-21,310.6,70,14.2,277.4,0,-1.8199252,2.3467681,274.89017,275.12848,276.80533,278.81683,282.53174,2.0,9.930563e-07,0.39437392,0.40090132,0.38953546,0.3416575
53.5504,-125.9539,51.487,-121.008,D,2016,10,21,2016-10-21,370.8,100,149.5,279.2,1,-1.8199252,2.3467681,274.89017,275.12848,276.80533,278.81683,282.53174,2.0,9.930563e-07,0.39437392,0.40090132,0.38953546,0.3416575
53.5534,-125.9461,51.487,-121.008,D,2016,10,21,2016-10-21,368.7,94,139.2,277.5,1,-1.8199252,2.3467681,274.89017,275.12848,276.80533,278.81683,282.53174,2.0,9.930563e-07,0.39437392,0.40090132,0.38953546,0.3416575
53.5553,-125.963,51.487,-121.008,D,2016,10,21,2016-10-21,336.3,87,48.7,275.0,0,-1.8199252,2.3467681,274.89017,275.12848,276.80533,278.81683,282.53174,2.0,9.930563e-07,0.39437392,0.40090132,0.38953546,0.3416575
53.0119,-121.8364,51.487,-121.008,D,2016,10,21,2016-10-21,320.6,76,23.5,269.3,0,-1.8199252,2.3467681,274.89017,275.12848,276.80533,278.81683,282.53174,2.0,9.930563e-07,0.39437392,0.40090132,0.38953546,0.3416575
53.0141,-121.851,51.487,-121.008,D,2016,10,21,2016-10-21,350.5,96,68.9,271.6,1,-1.8199252,2.3467681,274.89017,275.12848,276.80533,278.81683,282.53174,2.0,9.930563e-07,0.39437392,0.40090132,0.38953546,0.3416575
53.5026,-125.4286,51.487,-121.008,D,2016,10,21,2016-10-21,355.4,85,90.4,272.8,0,-1.8199252,2.3467681,274.89017,275.12848,276.80533,278.81683,282.53174,2.0,9.930563e-07,0.39437392,0.40090132,0.38953546,0.3416575
53.5045,-125.4446,51.487,-121.008,D,2016,10,21,2016-10-21,363.9,100,117.3,273.9,1,-1.8199252,2.3467681,274.89017,275.12848,276.80533,278.81683,282.53174,2.0,9.930563e-07,0.39437392,0.40090132,0.38953546,0.3416575
53.0715,-121.557,51.487,-121.008,D,2016,10,21,2016-10-21,303.9,46,10.2,269.9,0,-1.8199252,2.3467681,274.89017,275.12848,276.80533,278.81683,282.53174,2.0,9.930563e-07,0.39437392,0.40090132,0.38953546,0.3416575
53.674,-126.0261,51.487,-121.008,D,2016,10,21,2016-10-21,315.1,63,22.3,272.0,0,-1.8199252,2.3467681,274.89017,275.12848,276.80533,278.81683,282.53174,2.0,9.930563e-07,0.39437392,0.40090132,0.38953546,0.3416575
53.676,-126.0432,51.487,-121.008,D,2016,10,21,2016-10-21,350.0,95,82.4,272.8,1,-1.8199252,2.3467681,274.89017,275.12848,276.80533,278.81683,282.53174,2.0,9.930563e-07,0.39437392,0.40090132,0.38953546,0.3416575
53.0825,-121.5678,51.487,-121.008,D,2016,10,21,2016-10-21,305.2,52,10.7,271.4,0,-1.8199252,2.3467681,274.89017,275.12848,276.80533,278.81683,282.53174,2.0,9.930563e-07,0.39437392,0.40090132,0.38953546,0.3416575
53.5484,-125.9371,51.487,-121.008,D,2016,10,21,2016-10-21,322.7,76,29.9,274.5,0,-1.8199252,2.3467681,274.89017,275.12848,276.80533,278.81683,282.53174,2.0,9.930563e-07,0.39437392,0.40090132,0.38953546,0.3416575
53.5148,-125.6532,51.487,-121.008,D,2016,10,21,2016-10-21,312.4,31,16.8,274.5,0,-1.8199252,2.3467681,274.89017,275.12848,276.80533,278.81683,282.53174,2.0,9.930563e-07,0.39437392,0.40090132,0.38953546,0.3416575
53.323,-124.3929,51.487,-121.008,D,2016,10,21,2016-10-21,376.1,100,139.0,283.1,1,-1.8199252,2.3467681,274.89017,275.12848,276.80533,278.81683,282.53174,2.0,9.930563e-07,0.39437392,0.40090132,0.38953546,0.3416575
53.3251,-124.3782,51.487,-121.008,D,2016,10,21,2016-10-21,320.1,72,19.2,274.6,0,-1.8199252,2.3467681,274.89017,275.12848,276.80533,278.81683,282.53174,2.0,9.930563e-07,0.39437392,0.40090132,0.38953546,0.3416575
53.2945,-124.3972,51.487,-121.008,D,2016,10,21,2016-10-21,334.2,81,36.7,277.8,0,-1.8199252,2.3467681,274.89017,275.12848,276.80533,278.81683,282.53174,2.0,9.930563e-07,0.39437392,0.40090132,0.38953546,0.3416575
53.3445,-124.3771,51.487,-121.008,D,2016,10,21,2016-10-21,349.8,95,65.8,279.1,1,-1.8199252,2.3467681,274.89017,275.12848,276.80533,278.81683,282.53174,2.0,9.930563e-07,0.39437392,0.40090132,0.38953546,0.3416575
53.3403,-124.4066,51.487,-121.008,D,2016,10,21,2016-10-21,402.4,100,271.5,293.9,1,-1.8199252,2.3467681,274.89017,275.12848,276.80533,278.81683,282.53174,2.0,9.930563e-07,0.39437392,0.40090132,0.38953546,0.3416575
53.3383,-124.4213,51.487,-121.008,D,2016,10,21,2016-10-21,363.8,94,100.1,284.2,1,-1.8199252,2.3467681,274.89017,275.12848,276.80533,278.81683,282.53174,2.0,9.930563e-07,0.39437392,0.40090132,0.38953546,0.3416575
53.3512,-124.3953,51.487,-121.008,D,2016,10,21,2016-10-21,348.0,94,62.1,279.1,1,-1.8199252,2.3467681,274.89017,275.12848,276.80533,278.81683,282.53174,2.0,9.930563e-07,0.39437392,0.40090132,0.38953546,0.3416575
53.3491,-124.4101,51.487,-121.008,D,2016,10,21,2016-10-21,374.2,100,134.3,281.6,1,-1.8199252,2.3467681,274.89017,275.12848,276.80533,278.81683,282.53174,2.0,9.930563e-07,0.39437392,0.40090132,0.38953546,0.3416575
53.3471,-124.4248,51.487,-121.008,D,2016,10,21,2016-10-21,336.2,76,40.4,279.3,0,-1.8199252,2.3467681,274.89017,275.12848,276.80533,278.81683,282.53174,2.0,9.930563e-07,0.39437392,0.40090132,0.38953546,0.3416575
53.2966,-124.3825,51.487,-121.008,D,2016,10,21,2016-10-21,351.1,96,66.8,279.5,1,-1.8199252,2.3467681,274.89017,275.12848,276.80533,278.81683,282.53174,2.0,9.930563e-07,0.39437392,0.40090132,0.38953546,0.3416575
53.3424,-124.3919,51.487,-121.008,D,2016,10,21,2016-10-21,412.8,100,343.1,294.1,1,-1.8199252,2.3467681,274.89017,275.12848,276.80533,278.81683,282.53174,2.0,9.930563e-07,0.39437392,0.40090132,0.38953546,0.3416575
53.3256,-124.4406,51.487,-121.008,D,2016,10,21,2016-10-21,359.9,94,88.2,281.3,1,-1.8199252,2.3467681,274.89017,275.12848,276.80533,278.81683,282.53174,2.0,9.930563e-07,0.39437392,0.40090132,0.38953546,0.3416575
53.3297,-124.4111,51.487,-121.008,D,2016,10,21,2016-10-21,333.1,83,31.7,280.6,0,-1.8199252,2.3467681,274.89017,275.12848,276.80533,278.81683,282.53174,2.0,9.930563e-07,0.39437392,0.40090132,0.38953546,0.3416575
53.3318,-124.3964,51.487,-121.008,D,2016,10,21,2016-10-21,380.1,100,153.0,283.9,1,-1.8199252,2.3467681,274.89017,275.12848,276.80533,278.81683,282.53174,2.0,9.930563e-07,0.39437392,0.40090132,0.38953546,0.3416575
53.3339,-124.3817,51.487,-121.008,D,2016,10,21,2016-10-21,384.7,100,173.9,283.1,1,-1.8199252,2.3467681,274.89017,275.12848,276.80533,278.81683,282.53174,2.0,9.930563e-07,0.39437392,0.40090132,0.38953546,0.3416575
53.3168,-124.4371,51.487,-121.008,D,2016,10,21,2016-10-21,384.7,94,176.1,283.1,1,-1.8199252,2.3467681,274.89017,275.12848,276.80533,278.81683,282.53174,2.0,9.930563e-07,0.39437392,0.40090132,0.38953546,0.3416575
53.3235,-124.4553,51.487,-121.008,D,2016,10,21,2016-10-21,342.8,79,50.7,280.1,0,-1.8199252,2.3467681,274.89017,275.12848,276.80533,278.81683,282.53174,2.0,9.930563e-07,0.39437392,0.40090132,0.38953546,0.3416575
52.4922,-122.1667,52.01,-121.397,D,2016,10,22,2016-10-22,304.8,49,47.2,275.7,0,-1.0490527,1.3596222,272.9472,274.63528,276.65656,278.82098,282.4455,2.0,0.0,0.39786714,0.40369135,0.40499538,0.38195238
52.4937,-122.1739,52.01,-121.397,D,2016,10,22,2016-10-22,313.4,74,79.0,276.0,0,-1.0490527,1.3596222,272.9472,274.63528,276.65656,278.82098,282.4455,2.0,0.0,0.39786714,0.40369135,0.40499538,0.38195238
52.4935,-122.2095,52.01,-121.397,D,2016,10,22,2016-10-22,301.2,27,36.9,276.5,0,-1.0490527,1.3596222,272.9472,274.63528,276.65656,278.82098,282.4455,2.0,0.0,0.39786714,0.40369135,0.40499538,0.38195238
53.5791,-125.4764,52.01,-121.397,D,2016,10,22,2016-10-22,349.1,72,118.5,281.1,0,-1.0490527,1.3596222,272.9472,274.63528,276.65656,278.82098,282.4455,2.0,0.0,0.39786714,0.40369135,0.40499538,0.38195238
53.5744,-125.4548,52.01,-121.397,D,2016,10,22,2016-10-22,317.7,59,34.5,276.9,0,-1.0490527,1.3596222,272.9472,274.63528,276.65656,278.82098,282.4455,2.0,0.0,0.39786714,0.40369135,0.40499538,0.38195238
52.5159,-122.1923,52.01,-121.397,D,2016,10,22,2016-10-22,301.2,45,26.3,277.7,0,-1.0490527,1.3596222,272.9472,274.63528,276.65656,278.82098,282.4455,2.0,0.0,0.39786714,0.40369135,0.40499538,0.38195238
53.6024,-125.5844,52.01,-121.397,D,2016,10,22,2016-10-22,348.4,72,112.1,281.0,0,-1.0490527,1.3596222,272.9472,274.63528,276.65656,278.82098,282.4455,2.0,0.0,0.39786714,0.40369135,0.40499538,0.38195238
52.504,-122.2017,52.01,-121.397,D,2016,10,22,2016-10-22,333.4,88,123.7,279.2,0,-1.0490527,1.3596222,272.9472,274.63528,276.65656,278.82098,282.4455,2.0,0.0,0.39786714,0.40369135,0.40499538,0.38195238
52.4954,-122.1677,52.01,-121.397,D,2016,10,22,2016-10-22,335.0,89,132.0,279.9,0,-1.0490527,1.3596222,272.9472,274.63528,276.65656,278.82098,282.4455,2.0,0.0,0.39786714,0.40369135,0.40499538,0.38195238
53.5977,-125.5629,52.01,-121.397,D,2016,10,22,2016-10-22,391.2,87,379.5,285.2,0,-1.0490527,1.3596222,272.9472,274.63528,276.65656,278.82098,282.4455,2.0,0.0,0.39786714,0.40369135,0.40499538,0.38195238
53.5931,-125.5414,52.01,-121.397,D,2016,10,22,2016-10-22,325.4,59,44.9,278.6,0,-1.0490527,1.3596222,272.9472,274.63528,276.65656,278.82098,282.4455,2.0,0.0,0.39786714,0.40369135,0.40499538,0.38195238
53.5943,-125.4928,52.01,-121.397,D,2016,10,22,2016-10-22,376.1,100,257.4,282.2,1,-1.0490527,1.3596222,272.9472,274.63528,276.65656,278.82098,282.4455,2.0,0.0,0.39786714,0.40369135,0.40499538,0.38195238
53.5989,-125.5141,52.01,-121.397,D,2016,10,22,2016-10-22,340.0,92,83.3,279.0,1,-1.0490527,1.3596222,272.9472,274.63528,276.65656,278.82098,282.4455,2.0,0.0,0.39786714,0.40369135,0.40499538,0.38195238
53.2796,-123.8841,52.01,-121.397,D,2016,10,22,2016-10-22,324.8,71,60.2,273.0,0,-1.0490527,1.3596222,272.9472,274.63528,276.65656,278.82098,282.4455,2.0,0.0,0.39786714,0.40369135,0.40499538,0.38195238
53.2858,-123.9109,52.01,-121.397,D,2016,10,22,2016-10-22,345.9,71,134.5,271.6,0,-1.0490527,1.3596222,272.9472,274.63528,276.65656,278.82098,282.4455,2.0,0.0,0.39786714,0.40369135,0.40499538,0.38195238
53.6425,-125.4328,52.01,-121.397,D,2016,10,22,2016-10-22,308.7,52,21.8,274.1,0,-1.0490527,1.3596222,272.9472,274.63528,276.65656,278.82098,282.4455,2.0,0.0,0.39786714,0.40369135,0.40499538,0.38195238
53.1001,-121.6744,52.01,-121.397,D,2016,10,22,2016-10-22,311.9,62,52.1,269.9,0,-1.0490527,1.3596222,272.9472,274.63528,276.65656,278.82098,282.4455,2.0,0.0,0.39786714,0.40369135,0.40499538,0.38195238
53.1076,-121.7035,52.01,-121.397,D,2016,10,22,2016-10-22,307.0,0,40.3,270.1,0,-1.0490527,1.3596222,272.9472,274.63528,276.65656,278.82098,282.4455,2.0,0.0,0.39786714,0.40369135,0.40499538,0.38195238
56.0381,-124.6145,52.01,-121.397,D,2016,10,22,2016-10-22,367.8,0,187.9,277.7,0,-1.0490527,1.3596222,272.9472,274.63528,276.65656,278.82098,282.4455,2.0,0.0,0.39786714,0.40369135,0.40499538,0.38195238
52.4937,-122.1816,52.01,-121.397,D,2016,10,22,2016-10-22,351.3,96,237.7,281.2,1,-1.0490527,1.3596222,272.9472,274.63528,276.65656,278.82098,282.4455,2.0,0.0,0.39786714,0.40369135,0.40499538,0.38195238
52.4858,-122.2129,52.01,-121.397,D,2016,10,22,2016-10-22,314.2,74,55.0,280.0,0,-1.0490527,1.3596222,272.9472,274.63528,276.65656,278.82098,282.4455,2.0,0.0,0.39786714,0.40369135,0.40499538,0.38195238
53.272,-123.9059,52.01,-121.397,D,2016,10,22,2016-10-22,313.5,39,61.1,271.8,0,-1.0490527,1.3596222,272.9472,274.63528,276.65656,278.82098,282.4455,2.0,0.0,0.39786714,0.40369135,0.40499538,0.38195238
53.2853,-123.9139,52.01,-121.397,D,2016,10,22,2016-10-22,352.7,96,291.7,274.9,1,-1.0490527,1.3596222,272.9472,274.63528,276.65656,278.82098,282.4455,2.0,0.0,0.39786714,0.40369135,0.40499538,0.38195238
53.2764,-123.9124,52.01,-121.397,D,2016,10,22,2016-10-22,338.0,84,181.8,274.5,0,-1.0490527,1.3596222,272.9472,274.63528,276.65656,278.82098,282.4455,2.0,0.0,0.39786714,0.40369135,0.40499538,0.38195238
53.2897,-123.9199,52.01,-121.397,D,2016,10,22,2016-10-22,337.0,83,174.7,273.2,0,-1.0490527,1.3596222,272.9472,274.63528,276.65656,278.82098,282.4455,2.0,0.0,0.39786714,0.40369135,0.40499538,0.38195238
53.5955,-125.5148,52.01,-121.397,D,2016,10,22,2016-10-22,330.7,63,158.6,276.4,0,-1.0490527,1.3596222,272.9472,274.63528,276.65656,278.82098,282.4455,2.0,0.0,0.39786714,0.40369135,0.40499538,0.38195238
53.597,-125.5682,52.01,-121.397,D,2016,10,22,2016-10-22,345.8,0,285.0,276.4,0,-1.0490527,1.3596222,272.9472,274.63528,276.65656,278.82098,282.4455,2.0,0.0,0.39786714,0.40369135,0.40499538,0.38195238
53.595,-125.5184,52.01,-121.397,D,2016,10,22,2016-10-22,328.3,0,144.1,276.5,0,-1.0490527,1.3596222,272.9472,274.63528,276.65656,278.82098,282.4455,2.0,0.0,0.39786714,0.40369135,0.40499538,0.38195238
56.0332,-124.6158,52.01,-121.397,D,2016,10,22,2016-10-22,380.3,75,509.0,278.1,0,-1.0490527,1.3596222,272.9472,274.63528,276.65656,278.82098,282.4455,2.0,0.0,0.39786714,0.40369135,0.40499538,0.38195238
52.2865,-123.5013,52.01,-121.397,D,2016,10,22,2016-10-22,318.3,74,77.9,267.6,0,-1.0490527,1.3596222,272.9472,274.63528,276.65656,278.82098,282.4455,2.0,0.0,0.39786714,0.40369135,0.40499538,0.38195238
52.4888,-122.1821,52.01,-121.397,D,2016,10,22,2016-10-22,315.6,76,81.4,280.4,0,-1.0490527,1.3596222,272.9472,274.63528,276.65656,278.82098,282.4455,2.0,0.0,0.39786714,0.40369135,0.40499538,0.38195238
52.5036,-122.1846,52.01,-121.397,D,2016,10,22,2016-10-22,326.3,84,129.8,278.8,0,-1.0490527,1.3596222,272.9472,274.63528,276.65656,278.82098,282.4455,2.0,0.0,0.39786714,0.40369135,0.40499538,0.38195238
53.0996,-121.6743,52.01,-121.397,D,2016,10,22,2016-10-22,309.2,64,70.3,274.6,0,-1.0490527,1.3596222,272.9472,274.63528,276.65656,278.82098,282.4455,2.0,0.0,0.39786714,0.40369135,0.40499538,0.38195238
53.0954,-121.6767,52.01,-121.397,D,2016,10,22,2016-10-22,307.2,61,63.7,275.7,0,-1.0490527,1.3596222,272.9472,274.63528,276.65656,278.82098,282.4455,2.0,0.0,0.39786714,0.40369135,0.40499538,0.38195238
53.3345,-122.1749,52.01,-121.397,D,2016,10,22,2016-10-22,306.6,64,55.8,276.1,0,-1.0490527,1.3596222,272.9472,274.63528,276.65656,278.82098,282.4455,2.0,0.0,0.39786714,0.40369135,0.40499538,0.38195238
53.3332,-122.2155,52.01,-121.397,D,2016,10,22,2016-10-22,313.3,73,79.4,277.0,0,-1.0490527,1.3596222,272.9472,274.63528,276.65656,278.82098,282.4455,2.0,0.0,0.39786714,0.40369135,0.40499538,0.38195238
53.2803,-123.8746,52.01,-121.397,D,2016,10,22,2016-10-22,306.5,15,35.2,273.4,0,-1.0490527,1.3596222,272.9472,274.63528,276.65656,278.82098,282.4455,2.0,0.0,0.39786714,0.40369135,0.40499538,0.38195238
53.2784,-123.9133,52.01,-121.397,D,2016,10,22,2016-10-22,350.9,96,253.2,276.5,1,-1.0490527,1.3596222,272.9472,274.63528,276.65656,278.82098,282.4455,2.0,0.0,0.39786714,0.40369135,0.40499538,0.38195238
53.292,-123.9166,52.01,-121.397,D,2016,10,22,2016-10-22,326.2,84,99.6,273.9,0,-1.0490527,1.3596222,272.9472,274.63528,276.65656,278.82098,282.4455,2.0,0.0,0.39786714,0.40369135,0.40499538,0.38195238
53.3346,-122.1828,52.01,-121.397,D,2016,10,22,2016-10-22,314.2,75,83.3,276.4,0,-1.0490527,1.3596222,272.9472,274.63528,276.65656,278.82098,282.4455,2.0,0.0,0.39786714,0.40369135,0.40499538,0.38195238
53.3334,-122.2238,52.01,-121.397,D,2016,10,22,2016-10-22,305.4,61,51.7,276.9,0,-1.0490527,1.3596222,272.9472,274.63528,276.65656,278.82098,282.4455,2.0,0.0,0.39786714,0.40369135,0.40499538,0.38195238
53.2721,-123.9205,52.01,-121.397,D,2016,10,22,2016-10-22,305.4,48,34.7,273.5,0,-1.0490527,1.3596222,272.9472,274.63528,276.65656,278.82098,282.4455,2.0,0.0,0.39786714,0.40369135,0.40499538,0.38195238
53.2875,-123.8845,52.01,-121.397,D,2016,10,22,2016-10-22,322.1,77,87.7,274.0,0,-1.0490527,1.3596222,272.9472,274.63528,276.65656,278.82098,282.4455,2.0,0.0,0.39786714,0.40369135,0.40499538,0.38195238
53.2857,-123.9247,52.01,-121.397,D,2016,10,22,2016-10-22,351.8,91,264.7,276.6,1,-1.0490527,1.3596222,272.9472,274.63528,276.65656,278.82098,282.4455,2.0,0.0,0.39786714,0.40369135,0.40499538,0.38195238
53.3021,-124.4422,52.01,-121.397,D,2016,10,22,2016-10-22,334.3,77,135.2,274.1,0,-1.0490527,1.3596222,272.9472,274.63528,276.65656,278.82098,282.4455,2.0,0.0,0.39786714,0.40369135,0.40499538,0.38195238
53.3155,-124.4437,52.01,-121.397,D,2016,10,22,2016-10-22,342.2,88,180.1,275.9,0,-1.0490527,1.3596222,272.9472,274.63528,276.65656,278.82098,282.4455,2.0,0.0,0.39786714,0.40369135,0.40499538,0.38195238
53.7401,-125.124,52.01,-121.397,D,2016,10,22,2016-10-22,333.2,67,119.1,276.0,0,-1.0490527,1.3596222,272.9472,274.63528,276.65656,278.82098,282.4455,2.0,0.0,0.39786714,0.40369135,0.40499538,0.38195238
53.7389,-125.1312,52.01,-121.397,D,2016,10,22,2016-10-22,321.9,81,74.7,276.6,0,-1.0490527,1.3596222,272.9472,274.63528,276.65656,278.82098,282.4455,2.0,0.0,0.39786714,0.40369135,0.40499538,0.38195238
56.0351,-124.6202,52.01,-121.397,D,2016,10,22,2016-10-22,363.5,87,358.9,276.4,0,-1.0490527,1.3596222,272.9472,274.63528,276.65656,278.82098,282.4455,2.0,0.0,0.39786714,0.40369135,0.40499538,0.38195238
53.5947,-125.5295,53.317,-121.897,N,2016,10,23,2016-10-23,331.3,100,0.0,266.4,1,-0.6105747,3.2808342,280.68585,277.49323,275.23248,276.7605,280.43094,2.0,1.7709983e-05,0.3770255,0.38796902,0.3975462,0.38239002
56.0597,-124.6024,53.317,-121.897,N,2016,10,23,2016-10-23,316.1,93,24.3,270.5,1,-0.6105747,3.2808342,280.68585,277.49323,275.23248,276.7605,280.43094,2.0,1.7709983e-05,0.3770255,0.38796902,0.3975462,0.38239002
53.3041,-124.3805,52.247,-122.352,D,2016,10,23,2016-10-23,318.4,74,28.2,275.7,0,-3.3035312,1.8704382,276.9488,276.50275,276.64392,278.43726,282.5949,2.0,4.7458336e-05,0.36962327,0.37611207,0.3599108,0.3236888
53.6627,-125.1113,52.247,-122.352,D,2016,10,23,2016-10-23,327.9,81,47.7,272.5,0,-3.3035312,1.8704382,276.9488,276.50275,276.64392,278.43726,282.5949,2.0,4.7458336e-05,0.36962327,0.37611207,0.3599108,0.3236888
53.6524,-125.1139,52.247,-122.352,D,2016,10,23,2016-10-23,309.2,64,20.8,271.6,0,-3.3035312,1.8704382,276.9488,276.50275,276.64392,278.43726,282.5949,2.0,4.7458336e-05,0.36962327,0.37611207,0.3599108,0.3236888
53.606,-125.4706,52.247,-122.352,D,2016,10,23,2016-10-23,308.2,67,21.2,272.7,0,-3.3035312,1.8704382,276.9488,276.50275,276.64392,278.43726,282.5949,2.0,4.7458336e-05,0.36962327,0.37611207,0.3599108,0.3236888
53.5891,-125.519,52.247,-122.352,D,2016,10,23,2016-10-23,348.8,83,103.1,276.8,0,-3.3035312,1.8704382,276.9488,276.50275,276.64392,278.43726,282.5949,2.0,4.7458336e-05,0.36962327,0.37611207,0.3599108,0.3236888
53.5872,-125.4979,52.247,-122.352,D,2016,10,23,2016-10-23,328.6,79,48.5,271.8,0,-3.3035312,1.8704382,276.9488,276.50275,276.64392,278.43726,282.5949,2.0,4.7458336e-05,0.36962327,0.37611207,0.3599108,0.3236888
53.5787,-125.5221,52.247,-122.352,D,2016,10,23,2016-10-23,304.4,0,15.9,275.4,0,-3.3035312,1.8704382,276.9488,276.50275,276.64392,278.43726,282.5949,2.0,4.7458336e-05,0.36962327,0.37611207,0.3599108,0.3236888
53.2888,-123.85,52.247,-122.352,D,2016,10,23,2016-10-23,308.7,59,17.0,274.6,0,-3.3035312,1.8704382,276.9488,276.50275,276.64392,278.43726,282.5949,2.0,4.7458336e-05,0.36962327,0.37611207,0.3599108,0.3236888
53.281,-123.8707,52.247,-122.352,D,2016,10,23,2016-10-23,355.8,93,104.6,277.3,1,-3.3035312,1.8704382,276.9488,276.50275,276.64392,278.43726,282.5949,2.0,4.7458336e-05,0.36962327,0.37611207,0.3599108,0.3236888
53.318,-124.4154,52.247,-122.352,D,2016,10,23,2016-10-23,396.7,100,333.7,285.3,1,-3.3035312,1.8704382,276.9488,276.50275,276.64392,278.43726,282.5949,2.0,4.7458336e-05,0.36962327,0.37611207,0.3599108,0.3236888
53.316,-124.3966,52.247,-122.352,D,2016,10,23,2016-10-23,358.1,99,116.4,279.2,1,-3.3035312,1.8704382,276.9488,276.50275,276.64392,278.43726,282.5949,2.0,4.7458336e-05,0.36962327,0.37611207,0.3599108,0.3236888
53.314,-124.3778,52.247,-122.352,D,2016,10,23,2016-10-23,345.0,89,76.1,278.0,0,-3.3035312,1.8704382,276.9488,276.50275,276.64392,278.43726,282.5949,2.0,4.7458336e-05,0.36962327,0.37611207,0.3599108,0.3236888
53.308,-124.418,52.247,-122.352,D,2016,10,23,2016-10-23,401.3,100,373.0,282.5,1,-3.3035312,1.8704382,276.9488,276.50275,276.64392,278.43726,282.5949,2.0,4.7458336e-05,0.36962327,0.37611207,0.3599108,0.3236888
53.306,-124.3992,52.247,-122.352,D,2016,10,23,2016-10-23,337.1,90,58.4,276.9,1,-3.3035312,1.8704382,276.9488,276.50275,276.64392,278.43726,282.5949,2.0,4.7458336e-05,0.36962327,0.37611207,0.3599108,0.3236888
53.8239,-123.6585,52.247,-122.352,D,2016,10,23,2016-10-23,304.3,58,9.5,272.1,0,-3.3035312,1.8704382,276.9488,276.50275,276.64392,278.43726,282.5949,2.0,4.7458336e-05,0.36962327,0.37611207,0.3599108,0.3236888
52.7455,-124.1669,52.247,-122.352,D,2016,10,23,2016-10-23,315.1,0,20.7,267.2,0,-3.3035312,1.8704382,276.9488,276.50275,276.64392,278.43726,282.5949,2.0,4.7458336e-05,0.36962327,0.37611207,0.3599108,0.3236888
52.7429,-124.1822,52.247,-122.352,D,2016,10,23,2016-10-23,374.9,0,153.0,271.8,0,-3.3035312,1.8704382,276.9488,276.50275,276.64392,278.43726,282.5949,2.0,4.7458336e-05,0.36962327,0.37611207,0.3599108,0.3236888
53.3484,-122.4358,52.247,-122.352,D,2016,10,23,2016-10-23,348.5,95,61.9,282.2,1,-3.3035312,1.8704382,276.9488,276.50275,276.64392,278.43726,282.5949,2.0,4.7458336e-05,0.36962327,0.37611207,0.3599108,0.3236888
53.3462,-122.4505,52.247,-122.352,D,2016,10,23,2016-10-23,314.8,75,15.6,280.8,0,-3.3035312,1.8704382,276.9488,276.50275,276.64392,278.43726,282.5949,2.0,4.7458336e-05,0.36962327,0.37611207,0.3599108,0.3236888
53.3572,-122.4395,52.247,-122.352,D,2016,10,23,2016-10-23,305.1,32,8.1,281.0,0,-3.3035312,1.8704382,276.9488,276.50275,276.64392,278.43726,282.5949,2.0,4.7458336e-05,0.36962327,0.37611207,0.3599108,0.3236888
53.355,-122.4543,52.247,-122.352,D,2016,10,23,2016-10-23,338.9,91,43.8,282.0,1,-3.3035312,1.8704382,276.9488,276.50275,276.64392,278.43726,282.5949,2.0,4.7458336e-05,0.36962327,0.37611207,0.3599108,0.3236888
53.3527,-122.469,52.247,-122.352,D,2016,10,23,2016-10-23,337.1,90,40.5,283.7,1,-3.3035312,1.8704382,276.9488,276.50275,276.64392,278.43726,282.5949,2.0,4.7458336e-05,0.36962327,0.37611207,0.3599108,0.3236888
53.2739,-123.8601,52.247,-122.352,D,2016,10,23,2016-10-23,330.1,82,32.2,279.8,0,-3.3035312,1.8704382,276.9488,276.50275,276.64392,278.43726,282.5949,2.0,4.7458336e-05,0.36962327,0.37611207,0.3599108,0.3236888
53.2852,-123.8492,52.247,-122.352,D,2016,10,23,2016-10-23,324.4,78,25.6,279.3,0,-3.3035312,1.8704382,276.9488,276.50275,276.64392,278.43726,282.5949,2.0,4.7458336e-05,0.36962327,0.37611207,0.3599108,0.3236888
53.2828,-123.8642,52.247,-122.352,D,2016,10,23,2016-10-23,371.0,94,129.0,284.2,1,-3.3035312,1.8704382,276.9488,276.50275,276.64392,278.43726,282.5949,2.0,4.7458336e-05,0.36962327,0.37611207,0.3599108,0.3236888
53.2803,-123.8793,52.247,-122.352,D,2016,10,23,2016-10-23,330.0,73,31.5,280.6,0,-3.3035312,1.8704382,276.9488,276.50275,276.64392,278.43726,282.5949,2.0,4.7458336e-05,0.36962327,0.37611207,0.3599108,0.3236888
53.3054,-123.8423,52.247,-122.352,D,2016,10,23,2016-10-23,354.4,98,77.3,281.3,1,-3.3035312,1.8704382,276.9488,276.50275,276.64392,278.43726,282.5949,2.0,4.7458336e-05,0.36962327,0.37611207,0.3599108,0.3236888
53.3029,-123.8574,52.247,-122.352,D,2016,10,23,2016-10-23,340.7,92,49.2,280.6,1,-3.3035312,1.8704382,276.9488,276.50275,276.64392,278.43726,282.5949,2.0,4.7458336e-05,0.36962327,0.37611207,0.3599108,0.3236888
53.3005,-123.8725,52.247,-122.352,D,2016,10,23,2016-10-23,316.4,76,17.2,278.6,0,-3.3035312,1.8704382,276.9488,276.50275,276.64392,278.43726,282.5949,2.0,4.7458336e-05,0.36962327,0.37611207,0.3599108,0.3236888
53.3023,-124.3725,52.247,-122.352,D,2016,10,23,2016-10-23,313.8,74,17.1,279.2,0,-3.3035312,1.8704382,276.9488,276.50275,276.64392,278.43726,282.5949,2.0,4.7458336e-05,0.36962327,0.37611207,0.3599108,0.3236888
53.3139,-124.3614,52.247,-122.352,D,2016,10,23,2016-10-23,376.8,94,154.9,282.8,1,-3.3035312,1.8704382,276.9488,276.50275,276.64392,278.43726,282.5949,2.0,4.7458336e-05,0.36962327,0.37611207,0.3599108,0.3236888
53.3113,-124.3768,52.247,-122.352,D,2016,10,23,2016-10-23,382.6,100,179.6,285.9,1,-3.3035312,1.8704382,276.9488,276.50275,276.64392,278.43726,282.5949,2.0,4.7458336e-05,0.36962327,0.37611207,0.3599108,0.3236888
53.3087,-124.3921,52.247,-122.352,D,2016,10,23,2016-10-23,334.8,75,38.4,280.2,0,-3.3035312,1.8704382,276.9488,276.50275,276.64392,278.43726,282.5949,2.0,4.7458336e-05,0.36962327,0.37611207,0.3599108,0.3236888
53.3061,-124.4075,52.247,-122.352,D,2016,10,23,2016-10-23,386.3,100,197.4,286.4,1,-3.3035312,1.8704382,276.9488,276.50275,276.64392,278.43726,282.5949,2.0,4.7458336e-05,0.36962327,0.37611207,0.3599108,0.3236888
53.3035,-124.4229,52.247,-122.352,D,2016,10,23,2016-10-23,376.3,100,153.2,284.9,1,-3.3035312,1.8704382,276.9488,276.50275,276.64392,278.43726,282.5949,2.0,4.7458336e-05,0.36962327,0.37611207,0.3599108,0.3236888
53.3202,-124.3811,52.247,-122.352,D,2016,10,23,2016-10-23,350.3,96,68.7,280.5,1,-3.3035312,1.8704382,276.9488,276.50275,276.64392,278.43726,282.5949,2.0,4.7458336e-05,0.36962327,0.37611207,0.3599108,0.3236888
53.3176,-124.3964,52.247,-122.352,D,2016,10,23,2016-10-23,405.0,100,310.2,287.6,1,-3.3035312,1.8704382,276.9488,276.50275,276.64392,278.43726,282.5949,2.0,4.7458336e-05,0.36962327,0.37611207,0.3599108,0.3236888
53.315,-124.4118,52.247,-122.352,D,2016,10,23,2016-10-23,445.6,100,717.1,301.4,1,-3.3035312,1.8704382,276.9488,276.50275,276.64392,278.43726,282.5949,2.0,4.7458336e-05,0.36962327,0.37611207,0.3599108,0.3236888
53.3124,-124.4272,52.247,-122.352,D,2016,10,23,2016-10-23,380.7,100,172.2,287.2,1,-3.3035312,1.8704382,276.9488,276.50275,276.64392,278.43726,282.5949,2.0,4.7458336e-05,0.36962327,0.37611207,0.3599108,0.3236888
53.324,-124.4161,52.247,-122.352,D,2016,10,23,2016-10-23,309.6,65,12.7,276.0,0,-3.3035312,1.8704382,276.9488,276.50275,276.64392,278.43726,282.5949,2.0,4.7458336e-05,0.36962327,0.37611207,0.3599108,0.3236888
53.3521,-124.363,52.247,-122.352,D,2016,10,23,2016-10-23,318.7,67,19.9,279.0,0,-3.3035312,1.8704382,276.9488,276.50275,276.64392,278.43726,282.5949,2.0,4.7458336e-05,0.36962327,0.37611207,0.3599108,0.3236888
53.3496,-124.3785,52.247,-122.352,D,2016,10,23,2016-10-23,320.2,52,20.8,277.3,0,-3.3035312,1.8704382,276.9488,276.50275,276.64392,278.43726,282.5949,2.0,4.7458336e-05,0.36962327,0.37611207,0.3599108,0.3236888
53.3611,-124.3674,52.247,-122.352,D,2016,10,23,2016-10-23,320.0,73,21.3,277.0,0,-3.3035312,1.8704382,276.9488,276.50275,276.64392,278.43726,282.5949,2.0,4.7458336e-05,0.36962327,0.37611207,0.3599108,0.3236888
53.3585,-124.3828,52.247,-122.352,D,2016,10,23,2016-10-23,316.4,61,17.6,275.7,0,-3.3035312,1.8704382,276.9488,276.50275,276.64392,278.43726,282.5949,2.0,4.7458336e-05,0.36962327,0.37611207,0.3599108,0.3236888
53.8263,-123.6434,52.247,-122.352,D,2016,10,23,2016-10-23,318.8,79,20.8,275.7,0,-3.3035312,1.8704382,276.9488,276.50275,276.64392,278.43726,282.5949,2.0,4.7458336e-05,0.36962327,0.37611207,0.3599108,0.3236888
53.8599,-123.6104,52.247,-122.352,D,2016,10,23,2016-10-23,311.9,18,13.1,276.7,0,-3.3035312,1.8704382,276.9488,276.50275,276.64392,278.43726,282.5949,2.0,4.7458336e-05,0.36962327,0.37611207,0.3599108,0.3236888
53.8575,-123.6254,52.247,-122.352,D,2016,10,23,2016-10-23,308.3,30,10.6,275.5,0,-3.3035312,1.8704382,276.9488,276.50275,276.64392,278.43726,282.5949,2.0,4.7458336e-05,0.36962327,0.37611207,0.3599108,0.3236888
53.6583,-125.1007,52.247,-122.352,D,2016,10,23,2016-10-23,305.3,61,11.7,278.6,0,-3.3035312,1.8704382,276.9488,276.50275,276.64392,278.43726,282.5949,2.0,4.7458336e-05,0.36962327,0.37611207,0.3599108,0.3236888
53.6555,-125.1165,52.247,-122.352,D,2016,10,23,2016-10-23,340.6,87,55.1,280.0,0,-3.3035312,1.8704382,276.9488,276.50275,276.64392,278.43726,282.5949,2.0,4.7458336e-05,0.36962327,0.37611207,0.3599108,0.3236888
53.5937,-125.4689,52.247,-122.352,D,2016,10,23,2016-10-23,302.5,24,8.7,278.4,0,-3.3035312,1.8704382,276.9488,276.50275,276.64392,278.43726,282.5949,2.0,4.7458336e-05,0.36962327,0.37611207,0.3599108,0.3236888
53.5878,-125.5018,52.247,-122.352,D,2016,10,23,2016-10-23,312.1,59,15.7,281.2,0,-3.3035312,1.8704382,276.9488,276.50275,276.64392,278.43726,282.5949,2.0,4.7458336e-05,0.36962327,0.37611207,0.3599108,0.3236888
53.585,-125.5181,52.247,-122.352,D,2016,10,23,2016-10-23,348.9,72,74.6,284.2,0,-3.3035312,1.8704382,276.9488,276.50275,276.64392,278.43726,282.5949,2.0,4.7458336e-05,0.36962327,0.37611207,0.3599108,0.3236888
53.6057,-125.4571,52.247,-122.352,D,2016,10,23,2016-10-23,300.2,28,8.4,276.9,0,-3.3035312,1.8704382,276.9488,276.50275,276.64392,278.43726,282.5949,2.0,4.7458336e-05,0.36962327,0.37611207,0.3599108,0.3236888
53.6028,-125.4735,52.247,-122.352,D,2016,10,23,2016-10-23,328.7,86,35.0,278.7,0,-3.3035312,1.8704382,276.9488,276.50275,276.64392,278.43726,282.5949,2.0,4.7458336e-05,0.36962327,0.37611207,0.3599108,0.3236888
55.836,-125.22,55.306,-124.649,N,2016,10,24,2016-10-24,310.6,80,22.0,270.9,0,-3.9099643,-2.1448421,275.3,274.73395,273.302,274.78412,279.38098,2.0,2.0983862e-07,0.35025972,0.35255206,0.35966355,0.37597618
55.6821,-123.6804,55.103,-123.165,D,2016,10,24,2016-10-24,300.2,29,10.4,272.4,0,-1.1973903,-2.6038868,272.85623,273.55,273.52023,275.0796,279.96564,2.0,1.2801581e-06,0.3443392,0.3448077,0.32639802,0.32832205
55.6787,-123.6627,55.103,-123.165,D,2016,10,24,2016-10-24,326.6,84,39.0,271.8,0,-1.1973903,-2.6038868,272.85623,273.55,273.52023,275.0796,279.96564,2.0,1.2801581e-06,0.3443392,0.3448077,0.32639802,0.32832205
56.0165,-124.6054,55.103,-123.165,D,2016,10,24,2016-10-24,342.7,93,62.1,276.3,1,-1.1973903,-2.6038868,272.85623,273.55,273.52023,275.0796,279.96564,2.0,1.2801581e-06,0.3443392,0.3448077,0.32639802,0.32832205
56.0289,-124.6179,55.103,-123.165,D,2016,10,24,2016-10-24,369.9,94,143.3,278.6,1,-1.1973903,-2.6038868,272.85623,273.55,273.52023,275.0796,279.96564,2.0,1.2801581e-06,0.3443392,0.3448077,0.32639802,0.32832205
56.0256,-124.6,55.103,-123.165,D,2016,10,24,2016-10-24,369.6,100,142.4,280.2,1,-1.1973903,-2.6038868,272.85623,273.55,273.52023,275.0796,279.96564,2.0,1.2801581e-06,0.3443392,0.3448077,0.32639802,0.32832205
56.0198,-124.6236,55.103,-123.165,D,2016,10,24,2016-10-24,348.0,95,74.3,275.9,1,-1.1973903,-2.6038868,272.85623,273.55,273.52023,275.0796,279.96564,2.0,1.2801581e-06,0.3443392,0.3448077,0.32639802,0.32832205
55.1454,-123.2284,55.103,-123.165,D,2016,10,24,2016-10-24,340.7,92,72.7,274.9,1,-1.1973903,-2.6038868,272.85623,273.55,273.52023,275.0796,279.96564,2.0,1.2801581e-06,0.3443392,0.3448077,0.32639802,0.32832205
55.1551,-123.2226,55.103,-123.165,D,2016,10,24,2016-10-24,343.4,93,78.8,277.0,1,-1.1973903,-2.6038868,272.85623,273.55,273.52023,275.0796,279.96564,2.0,1.2801581e-06,0.3443392,0.3448077,0.32639802,0.32832205
55.1511,-123.203,55.103,-123.165,D,2016,10,24,2016-10-24,337.3,85,64.0,274.8,0,-1.1973903,-2.6038868,272.85623,273.55,273.52023,275.0796,279.96564,2.0,1.2801581e-06,0.3443392,0.3448077,0.32639802,0.32832205
55.1391,-123.2268,55.103,-123.165,D,2016,10,24,2016-10-24,330.6,83,154.9,274.7,0,-1.1973903,-2.6038868,272.85623,273.55,273.52023,275.0796,279.96564,2.0,1.2801581e-06,0.3443392,0.3448077,0.32639802,0.32832205
55.152,-123.1968,55.103,-123.165,D,2016,10,24,2016-10-24,313.5,55,75.1,274.4,0,-1.1973903,-2.6038868,272.85623,273.55,273.52023,275.0796,279.96564,2.0,1.2801581e-06,0.3443392,0.3448077,0.32639802,0.32832205
55.1409,-123.2357,55.103,-123.165,D,2016,10,24,2016-10-24,329.3,82,148.6,275.3,0,-1.1973903,-2.6038868,272.85623,273.55,273.52023,275.0796,279.96564,2.0,1.2801581e-06,0.3443392,0.3448077,0.32639802,0.32832205
56.0113,-124.608,55.103,-123.165,D,2016,10,24,2016-10-24,323.6,72,116.8,275.9,0,-1.1973903,-2.6038868,272.85623,273.55,273.52023,275.0796,279.96564,2.0,1.2801581e-06,0.3443392,0.3448077,0.32639802,0.32832205
56.0249,-124.6185,55.103,-123.165,D,2016,10,24,2016-10-24,343.0,92,241.0,275.9,1,-1.1973903,-2.6038868,272.85623,273.55,273.52023,275.0796,279.96564,2.0,1.2801581e-06,0.3443392,0.3448077,0.32639802,0.32832205
55.1543,-123.1931,55.103,-123.165,D,2016,10,24,2016-10-24,326.5,75,79.6,272.4,0,-1.1973903,-2.6038868,272.85623,273.55,273.52023,275.0796,279.96564,2.0,1.2801581e-06,0.3443392,0.3448077,0.32639802,0.32832205
55.1523,-123.2258,55.103,-123.165,D,2016,10,24,2016-10-24,355.1,92,217.6,274.7,1,-1.1973903,-2.6038868,272.85623,273.55,273.52023,275.0796,279.96564,2.0,1.2801581e-06,0.3443392,0.3448077,0.32639802,0.32832205
55.1566,-123.2017,55.103,-123.165,D,2016,10,24,2016-10-24,332.2,84,99.1,273.0,0,-1.1973903,-2.6038868,272.85623,273.55,273.52023,275.0796,279.96564,2.0,1.2801581e-06,0.3443392,0.3448077,0.32639802,0.32832205
55.1547,-123.2351,55.103,-123.165,D,2016,10,24,2016-10-24,323.5,77,70.6,273.4,0,-1.1973903,-2.6038868,272.85623,273.55,273.52023,275.0796,279.96564,2.0,1.2801581e-06,0.3443392,0.3448077,0.32639802,0.32832205
55.6769,-123.6775,55.103,-123.165,D,2016,10,24,2016-10-24,349.5,95,174.4,275.4,1,-1.1973903,-2.6038868,272.85623,273.55,273.52023,275.0796,279.96564,2.0,1.2801581e-06,0.3443392,0.3448077,0.32639802,0.32832205
55.6806,-123.6854,55.103,-123.165,D,2016,10,24,2016-10-24,338.4,84,117.1,274.8,0,-1.1973903,-2.6038868,272.85623,273.55,273.52023,275.0796,279.96564,2.0,1.2801581e-06,0.3443392,0.3448077,0.32639802,0.32832205
56.0193,-124.6,55.103,-123.165,D,2016,10,24,2016-10-24,334.7,89,89.4,273.9,0,-1.1973903,-2.6038868,272.85623,273.55,273.52023,275.0796,279.96564,2.0,1.2801581e-06,0.3443392,0.3448077,0.32639802,0.32832205
56.0171,-124.6312,55.103,-123.165,D,2016,10,24,2016-10-24,377.9,100,347.4,277.9,1,-1.1973903,-2.6038868,272.85623,273.55,273.52023,275.0796,279.96564,2.0,1.2801581e-06,0.3443392,0.3448077,0.32639802,0.32832205
56.0288,-124.6354,55.103,-123.165,D,2016,10,24,2016-10-24,301.5,12,16.3,270.3,0,-1.1973903,-2.6038868,272.85623,273.55,273.52023,275.0796,279.96564,2.0,1.2801581e-06,0.3443392,0.3448077,0.32639802,0.32832205
53.2812,-121.9957,50.546,-119.582,D,2016,10,25,2016-10-25,338.3,87,63.8,279.3,0,-0.31112796,0.9804525,278.61273,277.92313,277.5168,278.5653,282.5599,2.0,0.0010089613,0.4234109,0.3929348,0.39071053,0.36189407
53.2708,-121.9973,50.546,-119.582,D,2016,10,25,2016-10-25,316.1,48,23.9,276.8,0,-0.31112796,0.9804525,278.61273,277.92313,277.5168,278.5653,282.5599,2.0,0.0010089613,0.4234109,0.3929348,0.39071053,0.36189407
53.2747,-122.0025,50.546,-119.582,D,2016,10,25,2016-10-25,329.0,77,45.1,277.0,0,-0.31112796,0.9804525,278.61273,277.92313,277.5168,278.5653,282.5599,2.0,0.0010089613,0.4234109,0.3929348,0.39071053,0.36189407
53.2728,-121.9835,50.546,-119.582,D,2016,10,25,2016-10-25,324.2,73,36.8,278.9,0,-0.31112796,0.9804525,278.61273,277.92313,277.5168,278.5653,282.5599,2.0,0.0010089613,0.4234109,0.3929348,0.39071053,0.36189407
51.535,-120.3089,50.546,-119.582,D,2016,10,25,2016-10-25,321.3,66,25.7,276.4,0,-0.31112796,0.9804525,278.61273,277.92313,277.5168,278.5653,282.5599,2.0,0.0010089613,0.4234109,0.3929348,0.39071053,0.36189407
51.5332,-120.293,50.546,-119.582,D,2016,10,25,2016-10-25,322.5,77,27.4,274.9,0,-0.31112796,0.9804525,278.61273,277.92313,277.5168,278.5653,282.5599,2.0,0.0010089613,0.4234109,0.3929348,0.39071053,0.36189407
51.5295,-120.3007,50.546,-119.582,D,2016,10,25,2016-10-25,309.1,64,15.0,274.8,0,-0.31112796,0.9804525,278.61273,277.92313,277.5168,278.5653,282.5599,2.0,0.0010089613,0.4234109,0.3929348,0.39071053,0.36189407
51.5641,-120.76,50.546,-119.582,D,2016,10,25,2016-10-25,325.6,84,33.1,278.5,0,-0.31112796,0.9804525,278.61273,277.92313,277.5168,278.5653,282.5599,2.0,0.0010089613,0.4234109,0.3929348,0.39071053,0.36189407
51.5621,-120.7432,50.546,-119.582,D,2016,10,25,2016-10-25,333.7,89,45.3,277.0,0,-0.31112796,0.9804525,278.61273,277.92313,277.5168,278.5653,282.5599,2.0,0.0010089613,0.4234109,0.3929348,0.39071053,0.36189407
51.5488,-120.7128,50.546,-119.582,D,2016,10,25,2016-10-25,352.4,97,85.7,276.8,1,-0.31112796,0.9804525,278.61273,277.92313,277.5168,278.5653,282.5599,2.0,0.0010089613,0.4234109,0.3929348,0.39071053,0.36189407
51.5469,-120.6964,50.546,-119.582,D,2016,10,25,2016-10-25,347.6,90,73.1,275.4,1,-0.31112796,0.9804525,278.61273,277.92313,277.5168,278.5653,282.5599,2.0,0.0010089613,0.4234109,0.3929348,0.39071053,0.36189407
51.5393,-120.7158,50.546,-119.582,D,2016,10,25,2016-10-25,301.0,44,7.5,274.1,0,-0.31112796,0.9804525,278.61273,277.92313,277.5168,278.5653,282.5599,2.0,0.0010089613,0.4234109,0.3929348,0.39071053,0.36189407
51.5375,-120.6998,50.546,-119.582,D,2016,10,25,2016-10-25,300.6,37,7.4,272.3,0,-0.31112796,0.9804525,278.61273,277.92313,277.5168,278.5653,282.5599,2.0,0.0010089613,0.4234109,0.3929348,0.39071053,0.36189407
51.396,-119.6798,50.546,-119.582,D,2016,10,25,2016-10-25,302.4,37,10.3,267.4,0,-0.31112796,0.9804525,278.61273,277.92313,277.5168,278.5653,282.5599,2.0,0.0010089613,0.4234109,0.3929348,0.39071053,0.36189407
51.3941,-119.664,50.546,-119.582,D,2016,10,25,2016-10-25,324.0,83,29.7,269.4,0,-0.31112796,0.9804525,278.61273,277.92313,277.5168,278.5653,282.5599,2.0,0.0010089613,0.4234109,0.3929348,0.39071053,0.36189407
51.4208,-120.5705,50.546,-119.582,D,2016,10,25,2016-10-25,304.6,59,11.7,273.1,0,-0.31112796,0.9804525,278.61273,277.92313,277.5168,278.5653,282.5599,2.0,0.0010089613,0.4234109,0.3929348,0.39071053,0.36189407
51.4189,-120.5543,50.546,-119.582,D,2016,10,25,2016-10-25,302.7,50,10.9,272.4,0,-0.31112796,0.9804525,278.61273,277.92313,277.5168,278.5653,282.5599,2.0,0.0010089613,0.4234109,0.3929348,0.39071053,0.36189407
51.4114,-120.573,50.546,-119.582,D,2016,10,25,2016-10-25,360.7,75,109.8,274.9,0,-0.31112796,0.9804525,278.61273,277.92313,277.5168,278.5653,282.5599,2.0,0.0010089613,0.4234109,0.3929348,0.39071053,0.36189407
51.4095,-120.5567,50.546,-119.582,D,2016,10,25,2016-10-25,333.9,0,44.1,268.9,0,-0.31112796,0.9804525,278.61273,277.92313,277.5168,278.5653,282.5599,2.0,0.0010089613,0.4234109,0.3929348,0.39071053,0.36189407
51.0513,-120.3903,50.546,-119.582,D,2016,10,25,2016-10-25,300.1,25,10.0,268.2,0,-0.31112796,0.9804525,278.61273,277.92313,277.5168,278.5653,282.5599,2.0,0.0010089613,0.4234109,0.3929348,0.39071053,0.36189407
50.9633,-120.423,50.546,-119.582,D,2016,10,25,2016-10-25,308.5,63,14.8,272.0,0,-0.31112796,0.9804525,278.61273,277.92313,277.5168,278.5653,282.5599,2.0,0.0010089613,0.4234109,0.3929348,0.39071053,0.36189407
50.517,-121.1461,50.546,-119.582,D,2016,10,25,2016-10-25,320.2,80,26.5,278.4,0,-0.31112796,0.9804525,278.61273,277.92313,277.5168,278.5653,282.5599,2.0,0.0010089613,0.4234109,0.3929348,0.39071053,0.36189407
50.5151,-121.1298,50.546,-119.582,D,2016,10,25,2016-10-25,349.2,90,77.8,279.7,1,-0.31112796,0.9804525,278.61273,277.92313,277.5168,278.5653,282.5599,2.0,0.0010089613,0.4234109,0.3929348,0.39071053,0.36189407
50.5037,-121.1163,50.546,-119.582,D,2016,10,25,2016-10-25,388.7,87,238.6,286.0,0,-0.31112796,0.9804525,278.61273,277.92313,277.5168,278.5653,282.5599,2.0,0.0010089613,0.4234109,0.3929348,0.39071053,0.36189407
50.5019,-121.1005,50.546,-119.582,D,2016,10,25,2016-10-25,350.5,84,80.5,280.9,0,-0.31112796,0.9804525,278.61273,277.92313,277.5168,278.5653,282.5599,2.0,0.0010089613,0.4234109,0.3929348,0.39071053,0.36189407
50.4942,-121.1189,50.546,-119.582,D,2016,10,25,2016-10-25,364.5,94,124.8,280.8,1,-0.31112796,0.9804525,278.61273,277.92313,277.5168,278.5653,282.5599,2.0,0.0010089613,0.4234109,0.3929348,0.39071053,0.36189407
50.4924,-121.1028,50.546,-119.582,D,2016,10,25,2016-10-25,315.5,72,20.8,278.1,0,-0.31112796,0.9804525,278.61273,277.92313,277.5168,278.5653,282.5599,2.0,0.0010089613,0.4234109,0.3929348,0.39071053,0.36189407
50.4914,-121.1113,50.546,-119.582,D,2016,10,25,2016-10-25,314.4,44,18.3,270.0,0,-0.31112796,0.9804525,278.61273,277.92313,277.5168,278.5653,282.5599,2.0,0.0010089613,0.4234109,0.3929348,0.39071053,0.36189407
50.5015,-121.1668,50.546,-119.582,D,2016,10,25,2016-10-25,344.8,73,63.2,271.4,0,-0.31112796,0.9804525,278.61273,277.92313,277.5168,278.5653,282.5599,2.0,0.0010089613,0.4234109,0.3929348,0.39071053,0.36189407
50.5107,-121.1712,50.546,-119.582,D,2016,10,25,2016-10-25,406.2,100,358.2,283.7,1,-0.31112796,0.9804525,278.61273,277.92313,277.5168,278.5653,282.5599,2.0,0.0010089613,0.4234109,0.3929348,0.39071053,0.36189407
50.5079,-121.187,50.546,-119.582,D,2016,10,25,2016-10-25,334.0,50,41.8,273.6,0,-0.31112796,0.9804525,278.61273,277.92313,277.5168,278.5653,282.5599,2.0,0.0010089613,0.4234109,0.3929348,0.39071053,0.36189407
51.5334,-120.2944,50.546,-119.582,D,2016,10,25,2016-10-25,316.3,67,19.1,277.4,0,-0.31112796,0.9804525,278.61273,277.92313,277.5168,278.5653,282.5599,2.0,0.0010089613,0.4234109,0.3929348,0.39071053,0.36189407
51.5309,-120.3092,50.546,-119.582,D,2016,10,25,2016-10-25,328.7,75,33.0,278.5,0,-0.31112796,0.9804525,278.61273,277.92313,277.5168,278.5653,282.5599,2.0,0.0010089613,0.4234109,0.3929348,0.39071053,0.36189407
51.5425,-120.6991,50.546,-119.582,D,2016,10,25,2016-10-25,346.0,0,63.4,276.1,0,-0.31112796,0.9804525,278.61273,277.92313,277.5168,278.5653,282.5599,2.0,0.0010089613,0.4234109,0.3929348,0.39071053,0.36189407
51.1741,-122.6367,50.349,-121.017,N,2016,10,26,2016-10-26,312.3,82,18.0,271.9,0,-1.4883468,0.87290424,276.0619,275.37537,275.58923,278.31888,281.89795,2.0,0.000757355,0.3924396,0.36380786,0.31446186,0.29871696
51.1723,-122.6519,50.349,-121.017,N,2016,10,26,2016-10-26,329.9,100,37.8,272.5,1,-1.4883468,0.87290424,276.0619,275.37537,275.58923,278.31888,281.89795,2.0,0.000757355,0.3924396,0.36380786,0.31446186,0.29871696
51.1833,-122.6397,50.349,-121.017,N,2016,10,26,2016-10-26,304.3,59,12.3,271.5,0,-1.4883468,0.87290424,276.0619,275.37537,275.58923,278.31888,281.89795,2.0,0.000757355,0.3924396,0.36380786,0.31446186,0.29871696
51.1815,-122.6547,50.349,-121.017,N,2016,10,26,2016-10-26,327.1,100,34.3,272.8,1,-1.4883468,0.87290424,276.0619,275.37537,275.58923,278.31888,281.89795,2.0,0.000757355,0.3924396,0.36380786,0.31446186,0.29871696
55.1912,-128.6723,53.811,-122.643,D,2016,10,26,2016-10-26,303.9,57,10.1,276.9,0,-0.8367386,2.7345011,274.9833,275.47638,277.15036,277.9464,282.06586,4.0,0.0,0.46638793,0.4684369,0.45922732,0.43947974
55.1821,-128.6757,53.811,-122.643,D,2016,10,26,2016-10-26,311.1,70,15.0,276.1,0,-0.8367386,2.7345011,274.9833,275.47638,277.15036,277.9464,282.06586,4.0,0.0,0.46638793,0.4684369,0.45922732,0.43947974
55.1563,-128.6752,53.811,-122.643,D,2016,10,26,2016-10-26,310.3,70,15.1,278.0,0,-0.8367386,2.7345011,274.9833,275.47638,277.15036,277.9464,282.06586,4.0,0.0,0.46638793,0.4684369,0.45922732,0.43947974
55.1542,-128.6584,53.811,-122.643,D,2016,10,26,2016-10-26,300.9,42,8.8,277.9,0,-0.8367386,2.7345011,274.9833,275.47638,277.15036,277.9464,282.06586,4.0,0.0,0.46638793,0.4684369,0.45922732,0.43947974
54.1774,-123.158,53.811,-122.643,D,2016,10,26,2016-10-26,302.8,41,10.2,278.5,0,-0.8367386,2.7345011,274.9833,275.47638,277.15036,277.9464,282.06586,4.0,0.0,0.46638793,0.4684369,0.45922732,0.43947974
54.8779,-128.8176,53.811,-122.643,D,2016,10,26,2016-10-26,302.7,53,8.8,281.0,0,-0.8367386,2.7345011,274.9833,275.47638,277.15036,277.9464,282.06586,4.0,0.0,0.46638793,0.4684369,0.45922732,0.43947974
54.1171,-123.7809,53.811,-122.643,D,2016,10,26,2016-10-26,319.0,79,32.6,274.9,0,-0.8367386,2.7345011,274.9833,275.47638,277.15036,277.9464,282.06586,4.0,0.0,0.46638793,0.4684369,0.45922732,0.43947974
54.8872,-128.8065,53.811,-122.643,D,2016,10,26,2016-10-26,335.9,90,41.0,281.4,1,-0.8367386,2.7345011,274.9833,275.47638,277.15036,277.9464,282.06586,4.0,0.0,0.46638793,0.4684369,0.45922732,0.43947974
54.8852,-128.822,53.811,-122.643,D,2016,10,26,2016-10-26,324.7,83,26.1,282.4,0,-0.8367386,2.7345011,274.9833,275.47638,277.15036,277.9464,282.06586,4.0,0.0,0.46638793,0.4684369,0.45922732,0.43947974
55.1824,-128.6807,53.811,-122.643,D,2016,10,26,2016-10-26,328.6,86,32.1,277.4,0,-0.8367386,2.7345011,274.9833,275.47638,277.15036,277.9464,282.06586,4.0,0.0,0.46638793,0.4684369,0.45922732,0.43947974
50.4471,-121.1207,50.051,-120.278,N,2016,10,28,2016-10-28,307.3,71,13.2,272.6,0,-1.2384723,0.97280157,281.3407,279.74844,277.44806,278.56934,281.76923,2.0,3.637979e-12,0.3796671,0.38181472,0.30720583,0.30802026
50.4383,-121.1176,50.051,-120.278,N,2016,10,28,2016-10-28,317.7,96,20.6,273.5,1,-1.2384723,0.97280157,281.3407,279.74844,277.44806,278.56934,281.76923,2.0,3.637979e-12,0.3796671,0.38181472,0.30720583,0.30802026
50.4364,-121.1315,50.051,-120.278,N,2016,10,28,2016-10-28,327.6,100,30.9,273.4,1,-1.2384723,0.97280157,281.3407,279.74844,277.44806,278.56934,281.76923,2.0,3.637979e-12,0.3796671,0.38181472,0.30720583,0.30802026
55.0944,-128.6242,51.0,-122.241,D,2016,10,28,2016-10-28,331.8,76,51.3,277.5,0,0.56079596,1.1329684,274.03146,274.64417,274.93768,276.32462,279.56024,2.0,4.5879545e-07,0.36331293,0.36044335,0.3455975,0.33620122
55.0886,-128.6537,51.0,-122.241,D,2016,10,28,2016-10-28,339.3,86,67.5,277.3,0,0.56079596,1.1329684,274.03146,274.64417,274.93768,276.32462,279.56024,2.0,4.5879545e-07,0.36331293,0.36044335,0.3455975,0.33620122
55.0865,-128.6332,51.0,-122.241,D,2016,10,28,2016-10-28,356.4,93,117.5,276.7,1,0.56079596,1.1329684,274.03146,274.64417,274.93768,276.32462,279.56024,2.0,4.5879545e-07,0.36331293,0.36044335,0.3455975,0.33620122
54.1206,-128.1596,51.0,-122.241,D,2016,10,28,2016-10-28,314.0,72,21.2,278.3,0,0.56079596,1.1329684,274.03146,274.64417,274.93768,276.32462,279.56024,2.0,4.5879545e-07,0.36331293,0.36044335,0.3455975,0.33620122
52.9973,-124.0262,51.0,-122.241,D,2016,10,28,2016-10-28,345.3,82,55.4,279.3,0,0.56079596,1.1329684,274.03146,274.64417,274.93768,276.32462,279.56024,2.0,4.5879545e-07,0.36331293,0.36044335,0.3455975,0.33620122
52.9951,-124.0116,51.0,-122.241,D,2016,10,28,2016-10-28,351.5,91,68.2,279.7,1,0.56079596,1.1329684,274.03146,274.64417,274.93768,276.32462,279.56024,2.0,4.5879545e-07,0.36331293,0.36044335,0.3455975,0.33620122
52.2229,-123.2965,51.0,-122.241,D,2016,10,28,2016-10-28,302.0,50,8.2,276.7,0,0.56079596,1.1329684,274.03146,274.64417,274.93768,276.32462,279.56024,2.0,4.5879545e-07,0.36331293,0.36044335,0.3455975,0.33620122
52.2206,-123.2821,51.0,-122.241,D,2016,10,28,2016-10-28,302.2,50,8.0,278.7,0,0.56079596,1.1329684,274.03146,274.64417,274.93768,276.32462,279.56024,2.0,4.5879545e-07,0.36331293,0.36044335,0.3455975,0.33620122
52.2138,-123.2389,51.0,-122.241,D,2016,10,28,2016-10-28,331.1,87,34.8,280.6,0,0.56079596,1.1329684,274.03146,274.64417,274.93768,276.32462,279.56024,2.0,4.5879545e-07,0.36331293,0.36044335,0.3455975,0.33620122
51.4033,-122.5154,51.0,-122.241,D,2016,10,28,2016-10-28,348.5,95,65.4,278.6,1,0.56079596,1.1329684,274.03146,274.64417,274.93768,276.32462,279.56024,2.0,4.5879545e-07,0.36331293,0.36044335,0.3455975,0.33620122
51.4008,-122.5004,51.0,-122.241,D,2016,10,28,2016-10-28,365.4,100,112.9,280.5,1,0.56079596,1.1329684,274.03146,274.64417,274.93768,276.32462,279.56024,2.0,4.5879545e-07,0.36331293,0.36044335,0.3455975,0.33620122
51.3983,-122.4856,51.0,-122.241,D,2016,10,28,2016-10-28,319.3,79,21.4,275.6,0,0.56079596,1.1329684,274.03146,274.64417,274.93768,276.32462,279.56024,2.0,4.5879545e-07,0.36331293,0.36044335,0.3455975,0.33620122
51.3944,-122.5194,51.0,-122.241,D,2016,10,28,2016-10-28,314.7,75,17.4,277.4,0,0.56079596,1.1329684,274.03146,274.64417,274.93768,276.32462,279.56024,2.0,4.5879545e-07,0.36331293,0.36044335,0.3455975,0.33620122
55.0941,-128.6624,51.0,-122.241,D,2016,10,28,2016-10-28,322.1,65,190.8,274.0,0,0.56079596,1.1329684,274.03146,274.64417,274.93768,276.32462,279.56024,2.0,4.5879545e-07,0.36331293,0.36044335,0.3455975,0.33620122
55.0936,-128.6715,51.0,-122.241,D,2016,10,28,2016-10-28,317.2,77,169.0,273.8,0,0.56079596,1.1329684,274.03146,274.64417,274.93768,276.32462,279.56024,2.0,4.5879545e-07,0.36331293,0.36044335,0.3455975,0.33620122
51.3833,-122.5033,51.0,-122.241,D,2016,10,28,2016-10-28,326.6,76,30.5,276.9,0,0.56079596,1.1329684,274.03146,274.64417,274.93768,276.32462,279.56024,2.0,4.5879545e-07,0.36331293,0.36044335,0.3455975,0.33620122
51.3946,-122.4896,51.0,-122.241,D,2016,10,28,2016-10-28,313.6,41,15.8,272.7,0,0.56079596,1.1329684,274.03146,274.64417,274.93768,276.32462,279.56024,2.0,4.5879545e-07,0.36331293,0.36044335,0.3455975,0.33620122
51.3927,-122.5057,51.0,-122.241,D,2016,10,28,2016-10-28,402.5,94,311.9,285.4,1,0.56079596,1.1329684,274.03146,274.64417,274.93768,276.32462,279.56024,2.0,4.5879545e-07,0.36331293,0.36044335,0.3455975,0.33620122
51.3908,-122.5216,51.0,-122.241,D,2016,10,28,2016-10-28,380.2,100,179.8,284.9,1,0.56079596,1.1329684,274.03146,274.64417,274.93768,276.32462,279.56024,2.0,4.5879545e-07,0.36331293,0.36044335,0.3455975,0.33620122
51.402,-122.5083,51.0,-122.241,D,2016,10,28,2016-10-28,376.1,87,161.2,278.7,0,0.56079596,1.1329684,274.03146,274.64417,274.93768,276.32462,279.56024,2.0,4.5879545e-07,0.36331293,0.36044335,0.3455975,0.33620122
51.4,-122.5245,51.0,-122.241,D,2016,10,28,2016-10-28,360.5,100,103.3,280.6,1,0.56079596,1.1329684,274.03146,274.64417,274.93768,276.32462,279.56024,2.0,4.5879545e-07,0.36331293,0.36044335,0.3455975,0.33620122
52.2147,-123.2431,51.0,-122.241,D,2016,10,28,2016-10-28,307.7,66,12.6,281.0,0,0.56079596,1.1329684,274.03146,274.64417,274.93768,276.32462,279.56024,2.0,4.5879545e-07,0.36331293,0.36044335,0.3455975,0.33620122
52.9943,-124.0271,51.0,-122.241,D,2016,10,28,2016-10-28,313.7,0,16.1,277.2,0,0.56079596,1.1329684,274.03146,274.64417,274.93768,276.32462,279.56024,2.0,4.5879545e-07,0.36331293,0.36044335,0.3455975,0.33620122
53.003,-124.0208,51.0,-122.241,D,2016,10,28,2016-10-28,339.5,86,49.8,277.7,0,0.56079596,1.1329684,274.03146,274.64417,274.93768,276.32462,279.56024,2.0,4.5879545e-07,0.36331293,0.36044335,0.3455975,0.33620122
53.0011,-124.0362,51.0,-122.241,D,2016,10,28,2016-10-28,335.2,78,42.5,279.3,0,0.56079596,1.1329684,274.03146,274.64417,274.93768,276.32462,279.56024,2.0,4.5879545e-07,0.36331293,0.36044335,0.3455975,0.33620122
54.1209,-128.1677,51.0,-122.241,D,2016,10,28,2016-10-28,317.1,77,18.9,279.8,0,0.56079596,1.1329684,274.03146,274.64417,274.93768,276.32462,279.56024,2.0,4.5879545e-07,0.36331293,0.36044335,0.3455975,0.33620122
54.1297,-128.1718,51.0,-122.241,D,2016,10,28,2016-10-28,306.1,49,10.0,278.8,0,0.56079596,1.1329684,274.03146,274.64417,274.93768,276.32462,279.56024,2.0,4.5879545e-07,0.36331293,0.36044335,0.3455975,0.33620122
55.085,-128.6548,51.0,-122.241,D,2016,10,28,2016-10-28,374.9,100,139.8,283.7,1,0.56079596,1.1329684,274.03146,274.64417,274.93768,276.32462,279.56024,2.0,4.5879545e-07,0.36331293,0.36044335,0.3455975,0.33620122
55.0874,-128.6395,51.0,-122.241,D,2016,10,28,2016-10-28,400.2,100,263.6,286.6,1,0.56079596,1.1329684,274.03146,274.64417,274.93768,276.32462,279.56024,2.0,4.5879545e-07,0.36331293,0.36044335,0.3455975,0.33620122
55.0898,-128.6239,51.0,-122.241,D,2016,10,28,2016-10-28,308.5,67,12.3,277.1,0,0.56079596,1.1329684,274.03146,274.64417,274.93768,276.32462,279.56024,2.0,4.5879545e-07,0.36331293,0.36044335,0.3455975,0.33620122
49.95,-120.1217,49.446,-118.668,N,2016,10,29,2016-10-29,309.0,76,61.9,273.1,0,-1.0096056,0.47996414,275.4282,274.04358,274.81696,277.4522,281.07245,2.0,4.3475884e-06,0.39676458,0.40113246,0.39823484,0.35711777
51.3943,-122.515,49.446,-118.668,N,2016,10,29,2016-10-29,301.1,38,33.3,269.4,0,-1.0096056,0.47996414,275.4282,274.04358,274.81696,277.4522,281.07245,2.0,4.3475884e-06,0.39676458,0.40113246,0.39823484,0.35711777
50.1604,-121.3845,49.446,-118.668,N,2016,10,29,2016-10-29,301.2,38,40.0,272.3,0,-1.0096056,0.47996414,275.4282,274.04358,274.81696,277.4522,281.07245,2.0,4.3475884e-06,0.39676458,0.40113246,0.39823484,0.35711777
51.4852,-119.2977,49.446,-118.668,N,2016,10,29,2016-10-29,307.4,71,30.1,273.1,0,-1.0096056,0.47996414,275.4282,274.04358,274.81696,277.4522,281.07245,2.0,4.3475884e-06,0.39676458,0.40113246,0.39823484,0.35711777
50.9582,-119.9465,49.628,-119.664,N,2016,10,30,2016-10-30,318.5,97,22.2,273.0,1,-0.6628882,0.09531778,277.25735,277.11734,276.63733,278.7029,282.54837,2.0,2.4205014e-05,0.37888795,0.378881,0.3169846,0.2931285
49.9546,-119.7482,49.628,-119.664,N,2016,10,30,2016-10-30,300.6,30,9.0,273.4,0,-0.6628882,0.09531778,277.25735,277.11734,276.63733,278.7029,282.54837,2.0,2.4205014e-05,0.37888795,0.378881,0.3169846,0.2931285
50.956,-119.9606,49.628,-119.664,N,2016,10,30,2016-10-30,304.9,62,12.0,273.0,0,-0.6628882,0.09531778,277.25735,277.11734,276.63733,278.7029,282.54837,2.0,2.4205014e-05,0.37888795,0.378881,0.3169846,0.2931285
51.3382,-123.0483,51.155,-122.174,D,2016,10,30,2016-10-30,401.5,94,274.1,278.5,1,0.0797998,1.9923728,272.48608,274.10925,274.79282,276.55682,280.11758,2.0,3.6517645e-07,0.35475594,0.35153028,0.3246596,0.31683218
51.3362,-123.0339,51.155,-122.174,D,2016,10,30,2016-10-30,362.5,87,99.8,270.7,0,0.0797998,1.9923728,272.48608,274.10925,274.79282,276.55682,280.11758,2.0,3.6517645e-07,0.35475594,0.35153028,0.3246596,0.31683218
51.3293,-123.0512,51.155,-122.174,D,2016,10,30,2016-10-30,396.4,75,242.9,274.0,0,0.0797998,1.9923728,272.48608,274.10925,274.79282,276.55682,280.11758,2.0,3.6517645e-07,0.35475594,0.35153028,0.3246596,0.31683218
51.2111,-122.5997,51.155,-122.174,D,2016,10,30,2016-10-30,321.7,60,22.2,272.2,0,0.0797998,1.9923728,272.48608,274.10925,274.79282,276.55682,280.11758,2.0,3.6517645e-07,0.35475594,0.35153028,0.3246596,0.31683218
51.2091,-122.5854,51.155,-122.174,D,2016,10,30,2016-10-30,408.7,100,316.6,280.5,1,0.0797998,1.9923728,272.48608,274.10925,274.79282,276.55682,280.11758,2.0,3.6517645e-07,0.35475594,0.35153028,0.3246596,0.31683218
51.2071,-122.5711,51.155,-122.174,D,2016,10,30,2016-10-30,319.8,38,20.2,271.1,0,0.0797998,1.9923728,272.48608,274.10925,274.79282,276.55682,280.11758,2.0,3.6517645e-07,0.35475594,0.35153028,0.3246596,0.31683218
51.2003,-122.5886,51.155,-122.174,D,2016,10,30,2016-10-30,338.9,87,44.4,272.1,0,0.0797998,1.9923728,272.48608,274.10925,274.79282,276.55682,280.11758,2.0,3.6517645e-07,0.35475594,0.35153028,0.3246596,0.31683218
51.3402,-123.0629,51.155,-122.174,D,2016,10,30,2016-10-30,343.9,93,56.1,269.3,1,0.0797998,1.9923728,272.48608,274.10925,274.79282,276.55682,280.11758,2.0,3.6517645e-07,0.35475594,0.35153028,0.3246596,0.31683218
51.1931,-122.585,51.155,-122.174,D,2016,10,30,2016-10-30,318.6,44,19.0,267.9,0,0.0797998,1.9923728,272.48608,274.10925,274.79282,276.55682,280.11758,2.0,3.6517645e-07,0.35475594,0.35153028,0.3246596,0.31683218
51.2018,-122.5883,51.155,-122.174,D,2016,10,30,2016-10-30,355.0,98,75.4,271.9,1,0.0797998,1.9923728,272.48608,274.10925,274.79282,276.55682,280.11758,2.0,3.6517645e-07,0.35475594,0.35153028,0.3246596,0.31683218
51.1977,-122.6163,51.155,-122.174,D,2016,10,30,2016-10-30,342.4,93,50.6,270.7,1,0.0797998,1.9923728,272.48608,274.10925,274.79282,276.55682,280.11758,2.0,3.6517645e-07,0.35475594,0.35153028,0.3246596,0.31683218
51.2106,-122.5916,51.155,-122.174,D,2016,10,30,2016-10-30,367.1,100,108.3,274.4,1,0.0797998,1.9923728,272.48608,274.10925,274.79282,276.55682,280.11758,2.0,3.6517645e-07,0.35475594,0.35153028,0.3246596,0.31683218
51.329,-123.0486,51.155,-122.174,D,2016,10,30,2016-10-30,376.0,100,0.0,267.5,1,0.0797998,1.9923728,272.48608,274.10925,274.79282,276.55682,280.11758,2.0,3.6517645e-07,0.35475594,0.35153028,0.3246596,0.31683218
51.3441,-123.0099,51.155,-122.174,D,2016,10,30,2016-10-30,382.8,100,0.0,266.1,1,0.0797998,1.9923728,272.48608,274.10925,274.79282,276.55682,280.11758,2.0,3.6517645e-07,0.35475594,0.35153028,0.3246596,0.31683218
52.9713,-121.9428,53.074,-119.925,D,2016,11,01,2016-11-01,302.3,52,11.8,272.8,0,0.79717267,1.44483,265.9726,273.33548,273.57428,274.5233,276.82153,1.0,4.0605864e-05,0.2688126,0.27399766,0.2888416,0.3250267
53.0413,-123.5313,53.074,-119.925,D,2016,11,01,2016-11-01,328.3,86,34.8,276.6,0,0.79717267,1.44483,265.9726,273.33548,273.57428,274.5233,276.82153,1.0,4.0605864e-05,0.2688126,0.27399766,0.2888416,0.3250267
53.0486,-123.5244,53.074,-119.925,D,2016,11,01,2016-11-01,301.4,16,8.7,274.3,0,0.79717267,1.44483,265.9726,273.33548,273.57428,274.5233,276.82153,1.0,4.0605864e-05,0.2688126,0.27399766,0.2888416,0.3250267
53.0458,-123.5403,53.074,-119.925,D,2016,11,01,2016-11-01,339.6,92,54.3,277.0,1,0.79717267,1.44483,265.9726,273.33548,273.57428,274.5233,276.82153,1.0,4.0605864e-05,0.2688126,0.27399766,0.2888416,0.3250267
56.8255,-119.5475,56.871,-119.284,D,2016,11,02,2016-11-02,308.1,35,19.3,272.4,0,-0.33888942,2.7398326,265.2104,268.38226,272.15704,274.51404,279.20615,3.0,1.1091497e-05,0.36859384,0.3713652,0.3648736,0.3761965
56.8308,-119.519,56.871,-119.284,D,2016,11,02,2016-11-02,317.2,77,32.8,273.2,0,-0.33888942,2.7398326,265.2104,268.38226,272.15704,274.51404,279.20615,3.0,1.1091497e-05,0.36859384,0.3713652,0.3648736,0.3761965
56.821,-119.5262,56.871,-119.284,D,2016,11,02,2016-11-02,328.5,86,51.1,272.6,0,-0.33888942,2.7398326,265.2104,268.38226,272.15704,274.51404,279.20615,3.0,1.1091497e-05,0.36859384,0.3713652,0.3648736,0.3761965
56.8095,-119.6324,56.871,-119.284,D,2016,11,02,2016-11-02,325.4,84,45.6,272.7,0,-0.33888942,2.7398326,265.2104,268.38226,272.15704,274.51404,279.20615,3.0,1.1091497e-05,0.36859384,0.3713652,0.3648736,0.3761965
56.8055,-119.6434,56.871,-119.284,D,2016,11,02,2016-11-02,316.4,77,52.8,272.7,0,-0.33888942,2.7398326,265.2104,268.38226,272.15704,274.51404,279.20615,3.0,1.1091497e-05,0.36859384,0.3713652,0.3648736,0.3761965
56.8261,-119.5219,56.871,-119.284,D,2016,11,02,2016-11-02,320.9,80,66.1,273.2,0,-0.33888942,2.7398326,265.2104,268.38226,272.15704,274.51404,279.20615,3.0,1.1091497e-05,0.36859384,0.3713652,0.3648736,0.3761965
56.8185,-119.5518,56.871,-119.284,D,2016,11,02,2016-11-02,316.5,77,52.8,273.2,0,-0.33888942,2.7398326,265.2104,268.38226,272.15704,274.51404,279.20615,3.0,1.1091497e-05,0.36859384,0.3713652,0.3648736,0.3761965
56.8147,-119.6217,56.871,-119.284,D,2016,11,02,2016-11-02,307.9,59,33.8,272.7,0,-0.33888942,2.7398326,265.2104,268.38226,272.15704,274.51404,279.20615,3.0,1.1091497e-05,0.36859384,0.3713652,0.3648736,0.3761965
56.8069,-119.6527,56.871,-119.284,D,2016,11,02,2016-11-02,300.6,39,24.4,272.7,0,-0.33888942,2.7398326,265.2104,268.38226,272.15704,274.51404,279.20615,3.0,1.1091497e-05,0.36859384,0.3713652,0.3648736,0.3761965
56.8242,-119.5126,56.871,-119.284,D,2016,11,02,2016-11-02,309.5,69,39.7,272.9,0,-0.33888942,2.7398326,265.2104,268.38226,272.15704,274.51404,279.20615,3.0,1.1091497e-05,0.36859384,0.3713652,0.3648736,0.3761965
56.8168,-119.5425,56.871,-119.284,D,2016,11,02,2016-11-02,325.9,84,78.0,273.3,0,-0.33888942,2.7398326,265.2104,268.38226,272.15704,274.51404,279.20615,3.0,1.1091497e-05,0.36859384,0.3713652,0.3648736,0.3761965
56.8131,-119.6126,56.871,-119.284,D,2016,11,02,2016-11-02,306.7,60,31.9,272.6,0,-0.33888942,2.7398326,265.2104,268.38226,272.15704,274.51404,279.20615,3.0,1.1091497e-05,0.36859384,0.3713652,0.3648736,0.3761965
56.8093,-119.6222,56.871,-119.284,D,2016,11,02,2016-11-02,332.6,73,137.5,273.9,0,-0.33888942,2.7398326,265.2104,268.38226,272.15704,274.51404,279.20615,3.0,1.1091497e-05,0.36859384,0.3713652,0.3648736,0.3761965
56.8013,-119.6298,56.871,-119.284,D,2016,11,02,2016-11-02,318.8,39,75.8,273.4,0,-0.33888942,2.7398326,265.2104,268.38226,272.15704,274.51404,279.20615,3.0,1.1091497e-05,0.36859384,0.3713652,0.3648736,0.3761965
56.8184,-119.5454,56.871,-119.284,D,2016,11,02,2016-11-02,318.3,62,77.3,273.6,0,-0.33888942,2.7398326,265.2104,268.38226,272.15704,274.51404,279.20615,3.0,1.1091497e-05,0.36859384,0.3713652,0.3648736,0.3761965
56.8153,-119.6308,56.871,-119.284,D,2016,11,02,2016-11-02,324.9,69,102.6,273.9,0,-0.33888942,2.7398326,265.2104,268.38226,272.15704,274.51404,279.20615,3.0,1.1091497e-05,0.36859384,0.3713652,0.3648736,0.3761965
52.4781,-123.7218,51.847,-120.146,D,2016,11,03,2016-11-03,324.3,77,62.2,275.6,0,-1.0564897,1.6605136,276.3405,275.52722,275.37762,276.31192,279.87115,2.0,1.386839e-05,0.3861537,0.38293496,0.39830643,0.3902067
52.48,-123.7483,51.847,-120.146,D,2016,11,03,2016-11-03,317.1,67,44.6,276.3,0,-1.0564897,1.6605136,276.3405,275.52722,275.37762,276.31192,279.87115,2.0,1.386839e-05,0.3861537,0.38293496,0.39830643,0.3902067
55.9475,-124.2274,51.847,-120.146,D,2016,11,03,2016-11-03,343.4,92,215.3,274.2,1,-1.0564897,1.6605136,276.3405,275.52722,275.37762,276.31192,279.87115,2.0,1.386839e-05,0.3861537,0.38293496,0.39830643,0.3902067
55.9579,-124.2652,51.847,-120.146,D,2016,11,03,2016-11-03,320.9,73,92.0,273.9,0,-1.0564897,1.6605136,276.3405,275.52722,275.37762,276.31192,279.87115,2.0,1.386839e-05,0.3861537,0.38293496,0.39830643,0.3902067
54.1153,-125.8946,51.847,-120.146,D,2016,11,03,2016-11-03,314.9,60,62.8,274.8,0,-1.0564897,1.6605136,276.3405,275.52722,275.37762,276.31192,279.87115,2.0,1.386839e-05,0.3861537,0.38293496,0.39830643,0.3902067
54.1028,-125.9052,51.847,-120.146,D,2016,11,03,2016-11-03,360.3,100,358.9,277.1,1,-1.0564897,1.6605136,276.3405,275.52722,275.37762,276.31192,279.87115,2.0,1.386839e-05,0.3861537,0.38293496,0.39830643,0.3902067
53.0039,-121.7963,51.847,-120.146,D,2016,11,03,2016-11-03,301.1,30,57.7,276.6,0,-1.0564897,1.6605136,276.3405,275.52722,275.37762,276.31192,279.87115,2.0,1.386839e-05,0.3861537,0.38293496,0.39830643,0.3902067
53.9128,-125.0988,51.847,-120.146,D,2016,11,03,2016-11-03,325.1,69,127.5,271.5,0,-1.0564897,1.6605136,276.3405,275.52722,275.37762,276.31192,279.87115,2.0,1.386839e-05,0.3861537,0.38293496,0.39830643,0.3902067
54.0927,-125.868,51.847,-120.146,D,2016,11,03,2016-11-03,314.5,54,60.2,273.9,0,-1.0564897,1.6605136,276.3405,275.52722,275.37762,276.31192,279.87115,2.0,1.386839e-05,0.3861537,0.38293496,0.39830643,0.3902067
54.0978,-125.9143,51.847,-120.146,D,2016,11,03,2016-11-03,328.6,68,114.5,275.4,0,-1.0564897,1.6605136,276.3405,275.52722,275.37762,276.31192,279.87115,2.0,1.386839e-05,0.3861537,0.38293496,0.39830643,0.3902067
53.4774,-124.5619,51.847,-120.146,D,2016,11,03,2016-11-03,307.9,31,54.3,273.5,0,-1.0564897,1.6605136,276.3405,275.52722,275.37762,276.31192,279.87115,2.0,1.386839e-05,0.3861537,0.38293496,0.39830643,0.3902067
53.4652,-124.5198,51.847,-120.146,D,2016,11,03,2016-11-03,319.4,71,103.7,275.9,0,-1.0564897,1.6605136,276.3405,275.52722,275.37762,276.31192,279.87115,2.0,1.386839e-05,0.3861537,0.38293496,0.39830643,0.3902067
53.4788,-124.5655,51.847,-120.146,D,2016,11,03,2016-11-03,301.9,47,45.0,272.9,0,-1.0564897,1.6605136,276.3405,275.52722,275.37762,276.31192,279.87115,2.0,1.386839e-05,0.3861537,0.38293496,0.39830643,0.3902067
53.4667,-124.5232,51.847,-120.146,D,2016,11,03,2016-11-03,323.3,82,133.4,276.0,0,-1.0564897,1.6605136,276.3405,275.52722,275.37762,276.31192,279.87115,2.0,1.386839e-05,0.3861537,0.38293496,0.39830643,0.3902067
53.012,-121.7438,51.847,-120.146,D,2016,11,03,2016-11-03,309.8,69,17.5,278.2,0,-1.0564897,1.6605136,276.3405,275.52722,275.37762,276.31192,279.87115,2.0,1.386839e-05,0.3861537,0.38293496,0.39830643,0.3902067
53.0083,-121.8178,51.847,-120.146,D,2016,11,03,2016-11-03,336.0,90,55.1,279.0,1,-1.0564897,1.6605136,276.3405,275.52722,275.37762,276.31192,279.87115,2.0,1.386839e-05,0.3861537,0.38293496,0.39830643,0.3902067
53.4675,-124.5222,51.847,-120.146,D,2016,11,03,2016-11-03,317.3,73,33.0,272.6,0,-1.0564897,1.6605136,276.3405,275.52722,275.37762,276.31192,279.87115,2.0,1.386839e-05,0.3861537,0.38293496,0.39830643,0.3902067
53.4631,-124.5432,51.847,-120.146,D,2016,11,03,2016-11-03,314.6,70,29.2,274.6,0,-1.0564897,1.6605136,276.3405,275.52722,275.37762,276.31192,279.87115,2.0,1.386839e-05,0.3861537,0.38293496,0.39830643,0.3902067
53.4777,-124.5286,51.847,-120.146,D,2016,11,03,2016-11-03,324.7,51,44.5,276.3,0,-1.0564897,1.6605136,276.3405,275.52722,275.37762,276.31192,279.87115,2.0,1.386839e-05,0.3861537,0.38293496,0.39830643,0.3902067
53.4733,-124.5497,51.847,-120.146,D,2016,11,03,2016-11-03,335.9,86,71.1,277.3,0,-1.0564897,1.6605136,276.3405,275.52722,275.37762,276.31192,279.87115,2.0,1.386839e-05,0.3861537,0.38293496,0.39830643,0.3902067
53.6847,-124.049,51.847,-120.146,D,2016,11,03,2016-11-03,313.5,74,26.9,274.6,0,-1.0564897,1.6605136,276.3405,275.52722,275.37762,276.31192,279.87115,2.0,1.386839e-05,0.3861537,0.38293496,0.39830643,0.3902067
53.6788,-124.0503,51.847,-120.146,D,2016,11,03,2016-11-03,306.3,63,18.4,273.9,0,-1.0564897,1.6605136,276.3405,275.52722,275.37762,276.31192,279.87115,2.0,1.386839e-05,0.3861537,0.38293496,0.39830643,0.3902067
53.8237,-124.0332,51.847,-120.146,D,2016,11,03,2016-11-03,312.0,72,22.8,279.0,0,-1.0564897,1.6605136,276.3405,275.52722,275.37762,276.31192,279.87115,2.0,1.386839e-05,0.3861537,0.38293496,0.39830643,0.3902067
53.8337,-124.0394,51.847,-120.146,D,2016,11,03,2016-11-03,319.2,79,33.2,279.9,0,-1.0564897,1.6605136,276.3405,275.52722,275.37762,276.31192,279.87115,2.0,1.386839e-05,0.3861537,0.38293496,0.39830643,0.3902067
54.6262,-120.282,51.847,-120.146,D,2016,11,03,2016-11-03,314.6,75,19.7,268.5,0,-1.0564897,1.6605136,276.3405,275.52722,275.37762,276.31192,279.87115,2.0,1.386839e-05,0.3861537,0.38293496,0.39830643,0.3902067
55.9495,-124.2314,51.847,-120.146,D,2016,11,03,2016-11-03,365.1,87,145.6,275.6,0,-1.0564897,1.6605136,276.3405,275.52722,275.37762,276.31192,279.87115,2.0,1.386839e-05,0.3861537,0.38293496,0.39830643,0.3902067
55.9457,-124.2506,51.847,-120.146,D,2016,11,03,2016-11-03,336.7,83,57.8,272.8,0,-1.0564897,1.6605136,276.3405,275.52722,275.37762,276.31192,279.87115,2.0,1.386839e-05,0.3861537,0.38293496,0.39830643,0.3902067
55.948,-124.2353,51.847,-120.146,D,2016,11,03,2016-11-03,354.7,97,108.3,275.3,1,-1.0564897,1.6605136,276.3405,275.52722,275.37762,276.31192,279.87115,2.0,1.386839e-05,0.3861537,0.38293496,0.39830643,0.3902067
55.9575,-124.2412,51.847,-120.146,D,2016,11,03,2016-11-03,371.4,100,175.7,278.1,1,-1.0564897,1.6605136,276.3405,275.52722,275.37762,276.31192,279.87115,2.0,1.386839e-05,0.3861537,0.38293496,0.39830643,0.3902067
55.9537,-124.2603,51.847,-120.146,D,2016,11,03,2016-11-03,340.3,90,66.9,276.3,1,-1.0564897,1.6605136,276.3405,275.52722,275.37762,276.31192,279.87115,2.0,1.386839e-05,0.3861537,0.38293496,0.39830643,0.3902067
57.0834,-121.1762,51.847,-120.146,D,2016,11,03,2016-11-03,305.8,59,12.0,275.3,0,-1.0564897,1.6605136,276.3405,275.52722,275.37762,276.31192,279.87115,2.0,1.386839e-05,0.3861537,0.38293496,0.39830643,0.3902067
56.6738,-118.6777,55.962,-117.828,N,2016,11,04,2016-11-04,307.4,16,12.7,270.2,0,-1.264458,1.76295,279.1308,272.52197,273.04953,275.6681,281.2207,2.0,0.0,0.4158073,0.4025678,0.37087527,0.29504243
56.6759,-118.6946,55.962,-117.828,N,2016,11,04,2016-11-04,314.5,13,18.0,270.8,0,-1.264458,1.76295,279.1308,272.52197,273.04953,275.6681,281.2207,2.0,0.0,0.4158073,0.4025678,0.37087527,0.29504243
54.3492,-118.1919,52.808,-117.474,D,2016,11,04,2016-11-04,315.5,57,160.6,269.9,0,0.7825538,3.2794452,267.6366,272.8567,273.1258,274.25592,276.89368,1.0,0.0,0.22828712,0.23573199,0.23478752,0.2690089
54.3489,-118.2625,52.808,-117.474,D,2016,11,04,2016-11-04,302.5,50,84.8,274.2,0,0.7825538,3.2794452,267.6366,272.8567,273.1258,274.25592,276.89368,1.0,0.0,0.22828712,0.23573199,0.23478752,0.2690089
53.4816,-124.5163,52.808,-117.474,D,2016,11,04,2016-11-04,316.7,67,19.3,269.2,0,0.7825538,3.2794452,267.6366,272.8567,273.1258,274.25592,276.89368,1.0,0.0,0.22828712,0.23573199,0.23478752,0.2690089
53.9397,-124.3322,52.808,-117.474,D,2016,11,04,2016-11-04,314.2,0,17.1,267.7,0,0.7825538,3.2794452,267.6366,272.8567,273.1258,274.25592,276.89368,1.0,0.0,0.22828712,0.23573199,0.23478752,0.2690089
54.1132,-125.108,52.808,-117.474,D,2016,11,04,2016-11-04,340.8,92,48.0,276.4,1,0.7825538,3.2794452,267.6366,272.8567,273.1258,274.25592,276.89368,1.0,0.0,0.22828712,0.23573199,0.23478752,0.2690089
54.1154,-125.123,52.808,-117.474,D,2016,11,04,2016-11-04,304.0,58,8.5,276.2,0,0.7825538,3.2794452,267.6366,272.8567,273.1258,274.25592,276.89368,1.0,0.0,0.22828712,0.23573199,0.23478752,0.2690089
54.2171,-124.8031,52.808,-117.474,D,2016,11,04,2016-11-04,355.5,98,78.6,271.9,1,0.7825538,3.2794452,267.6366,272.8567,273.1258,274.25592,276.89368,1.0,0.0,0.22828712,0.23573199,0.23478752,0.2690089
54.2193,-124.8181,52.808,-117.474,D,2016,11,04,2016-11-04,354.3,97,75.6,272.3,1,0.7825538,3.2794452,267.6366,272.8567,273.1258,274.25592,276.89368,1.0,0.0,0.22828712,0.23573199,0.23478752,0.2690089
53.4466,-124.5316,52.808,-117.474,D,2016,11,04,2016-11-04,302.1,44,8.5,268.4,0,0.7825538,3.2794452,267.6366,272.8567,273.1258,274.25592,276.89368,1.0,0.0,0.22828712,0.23573199,0.23478752,0.2690089
54.1005,-125.9829,52.808,-117.474,D,2016,11,04,2016-11-04,340.8,90,51.9,271.0,1,0.7825538,3.2794452,267.6366,272.8567,273.1258,274.25592,276.89368,1.0,0.0,0.22828712,0.23573199,0.23478752,0.2690089
54.0985,-125.9989,52.808,-117.474,D,2016,11,04,2016-11-04,347.8,94,65.8,272.6,1,0.7825538,3.2794452,267.6366,272.8567,273.1258,274.25592,276.89368,1.0,0.0,0.22828712,0.23573199,0.23478752,0.2690089
54.0257,-124.5512,51.92,-119.694,N,2016,11,05,2016-11-05,317.2,93,81.1,269.2,1,-1.305273,1.0086753,279.57675,277.20605,275.30838,276.00024,279.2325,1.0,9.894812e-05,0.36950603,0.37074506,0.38742766,0.3830266
54.1142,-125.1049,53.29,-118.901,D,2016,11,05,2016-11-05,328.9,82,153.3,279.4,0,0.8115615,2.7964544,274.3171,273.08936,273.1713,274.02048,275.9929,1.0,0.00023828237,0.2091363,0.21313854,0.2396068,0.26615757
54.1293,-125.1022,53.29,-118.901,D,2016,11,05,2016-11-05,321.5,64,117.0,278.2,0,0.8115615,2.7964544,274.3171,273.08936,273.1713,274.02048,275.9929,1.0,0.00023828237,0.2091363,0.21313854,0.2396068,0.26615757
54.1162,-125.1121,53.29,-118.901,D,2016,11,05,2016-11-05,326.9,63,136.3,279.3,0,0.8115615,2.7964544,274.3171,273.08936,273.1713,274.02048,275.9929,1.0,0.00023828237,0.2091363,0.21313854,0.2396068,0.26615757
53.9072,-125.0878,53.29,-118.901,D,2016,11,05,2016-11-05,318.9,70,104.7,276.9,0,0.8115615,2.7964544,274.3171,273.08936,273.1713,274.02048,275.9929,1.0,0.00023828237,0.2091363,0.21313854,0.2396068,0.26615757
53.9183,-125.1291,53.29,-118.901,D,2016,11,05,2016-11-05,339.4,80,133.3,279.1,0,0.8115615,2.7964544,274.3171,273.08936,273.1713,274.02048,275.9929,1.0,0.00023828237,0.2091363,0.21313854,0.2396068,0.26615757
54.1229,-125.1063,53.29,-118.901,D,2016,11,05,2016-11-05,340.3,92,132.2,280.7,1,0.8115615,2.7964544,274.3171,273.08936,273.1713,274.02048,275.9929,1.0,0.00023828237,0.2091363,0.21313854,0.2396068,0.26615757
54.1155,-125.0766,53.29,-118.901,D,2016,11,05,2016-11-05,321.8,81,62.2,280.2,0,0.8115615,2.7964544,274.3171,273.08936,273.1713,274.02048,275.9929,1.0,0.00023828237,0.2091363,0.21313854,0.2396068,0.26615757
54.1108,-125.113,53.29,-118.901,D,2016,11,05,2016-11-05,351.7,97,195.5,282.3,1,0.8115615,2.7964544,274.3171,273.08936,273.1713,274.02048,275.9929,1.0,0.00023828237,0.2091363,0.21313854,0.2396068,0.26615757
54.1035,-125.0836,53.29,-118.901,D,2016,11,05,2016-11-05,322.9,82,65.4,280.8,0,0.8115615,2.7964544,274.3171,273.08936,273.1713,274.02048,275.9929,1.0,0.00023828237,0.2091363,0.21313854,0.2396068,0.26615757
54.1216,-125.112,53.29,-118.901,D,2016,11,05,2016-11-05,330.2,87,89.5,280.7,0,0.8115615,2.7964544,274.3171,273.08936,273.1713,274.02048,275.9929,1.0,0.00023828237,0.2091363,0.21313854,0.2396068,0.26615757
54.1144,-125.0826,53.29,-118.901,D,2016,11,05,2016-11-05,326.3,84,76.0,280.5,0,0.8115615,2.7964544,274.3171,273.08936,273.1713,274.02048,275.9929,1.0,0.00023828237,0.2091363,0.21313854,0.2396068,0.26615757
54.1095,-125.1185,53.29,-118.901,D,2016,11,05,2016-11-05,335.1,89,108.8,281.7,0,0.8115615,2.7964544,274.3171,273.08936,273.1713,274.02048,275.9929,1.0,0.00023828237,0.2091363,0.21313854,0.2396068,0.26615757
54.1025,-125.0897,53.29,-118.901,D,2016,11,05,2016-11-05,327.5,85,80.7,281.1,0,0.8115615,2.7964544,274.3171,273.08936,273.1713,274.02048,275.9929,1.0,0.00023828237,0.2091363,0.21313854,0.2396068,0.26615757
53.911,-125.1002,53.29,-118.901,D,2016,11,05,2016-11-05,345.5,89,166.9,279.5,0,0.8115615,2.7964544,274.3171,273.08936,273.1713,274.02048,275.9929,1.0,0.00023828237,0.2091363,0.21313854,0.2396068,0.26615757
53.9039,-125.0718,53.29,-118.901,D,2016,11,05,2016-11-05,302.7,47,24.0,277.9,0,0.8115615,2.7964544,274.3171,273.08936,273.1713,274.02048,275.9929,1.0,0.00023828237,0.2091363,0.21313854,0.2396068,0.26615757
53.9177,-125.1352,53.29,-118.901,D,2016,11,05,2016-11-05,326.2,64,77.6,278.6,0,0.8115615,2.7964544,274.3171,273.08936,273.1713,274.02048,275.9929,1.0,0.00023828237,0.2091363,0.21313854,0.2396068,0.26615757
53.9106,-125.1061,53.29,-118.901,D,2016,11,05,2016-11-05,342.0,87,147.3,279.3,0,0.8115615,2.7964544,274.3171,273.08936,273.1713,274.02048,275.9929,1.0,0.00023828237,0.2091363,0.21313854,0.2396068,0.26615757
53.9034,-125.0771,53.29,-118.901,D,2016,11,05,2016-11-05,312.1,58,41.3,278.1,0,0.8115615,2.7964544,274.3171,273.08936,273.1713,274.02048,275.9929,1.0,0.00023828237,0.2091363,0.21313854,0.2396068,0.26615757
53.9026,-125.0891,53.29,-118.901,D,2016,11,05,2016-11-05,324.0,55,66.7,277.7,0,0.8115615,2.7964544,274.3171,273.08936,273.1713,274.02048,275.9929,1.0,0.00023828237,0.2091363,0.21313854,0.2396068,0.26615757
53.9072,-125.1265,53.29,-118.901,D,2016,11,05,2016-11-05,336.5,68,112.0,279.1,0,0.8115615,2.7964544,274.3171,273.08936,273.1713,274.02048,275.9929,1.0,0.00023828237,0.2091363,0.21313854,0.2396068,0.26615757
53.9036,-125.0973,53.29,-118.901,D,2016,11,05,2016-11-05,326.1,31,71.0,278.2,0,0.8115615,2.7964544,274.3171,273.08936,273.1713,274.02048,275.9929,1.0,0.00023828237,0.2091363,0.21313854,0.2396068,0.26615757
53.915,-125.1067,53.29,-118.901,D,2016,11,05,2016-11-05,324.2,23,66.0,278.7,0,0.8115615,2.7964544,274.3171,273.08936,273.1713,274.02048,275.9929,1.0,0.00023828237,0.2091363,0.21313854,0.2396068,0.26615757
53.9078,-125.1353,53.29,-118.901,D,2016,11,05,2016-11-05,332.6,59,95.9,279.2,0,0.8115615,2.7964544,274.3171,273.08936,273.1713,274.02048,275.9929,1.0,0.00023828237,0.2091363,0.21313854,0.2396068,0.26615757
54.1055,-125.1159,53.29,-118.901,D,2016,11,05,2016-11-05,351.6,97,194.5,282.1,1,0.8115615,2.7964544,274.3171,273.08936,273.1713,274.02048,275.9929,1.0,0.00023828237,0.2091363,0.21313854,0.2396068,0.26615757
54.113,-125.085,53.29,-118.901,D,2016,11,05,2016-11-05,311.5,71,37.7,278.5,0,0.8115615,2.7964544,274.3171,273.08936,273.1713,274.02048,275.9929,1.0,0.00023828237,0.2091363,0.21313854,0.2396068,0.26615757
54.1247,-125.0927,53.29,-118.901,D,2016,11,05,2016-11-05,339.1,91,124.1,278.9,1,0.8115615,2.7964544,274.3171,273.08936,273.1713,274.02048,275.9929,1.0,0.00023828237,0.2091363,0.21313854,0.2396068,0.26615757
54.1174,-125.1231,53.29,-118.901,D,2016,11,05,2016-11-05,326.9,85,76.9,280.0,0,0.8115615,2.7964544,274.3171,273.08936,273.1713,274.02048,275.9929,1.0,0.00023828237,0.2091363,0.21313854,0.2396068,0.26615757
54.1146,-125.0936,53.29,-118.901,D,2016,11,05,2016-11-05,341.3,92,135.5,279.8,1,0.8115615,2.7964544,274.3171,273.08936,273.1713,274.02048,275.9929,1.0,0.00023828237,0.2091363,0.21313854,0.2396068,0.26615757
54.1069,-125.1247,53.29,-118.901,D,2016,11,05,2016-11-05,342.1,87,140.7,282.1,0,0.8115615,2.7964544,274.3171,273.08936,273.1713,274.02048,275.9929,1.0,0.00023828237,0.2091363,0.21313854,0.2396068,0.26615757
54.1262,-125.1014,53.29,-118.901,D,2016,11,05,2016-11-05,338.0,86,122.3,278.6,0,0.8115615,2.7964544,274.3171,273.08936,273.1713,274.02048,275.9929,1.0,0.00023828237,0.2091363,0.21313854,0.2396068,0.26615757
54.1187,-125.1318,53.29,-118.901,D,2016,11,05,2016-11-05,300.5,35,19.2,279.6,0,0.8115615,2.7964544,274.3171,273.08936,273.1713,274.02048,275.9929,1.0,0.00023828237,0.2091363,0.21313854,0.2396068,0.26615757
54.0804,-125.9585,53.29,-118.901,D,2016,11,05,2016-11-05,314.2,74,52.3,278.7,0,0.8115615,2.7964544,274.3171,273.08936,273.1713,274.02048,275.9929,1.0,0.00023828237,0.2091363,0.21313854,0.2396068,0.26615757
54.0787,-125.9647,53.29,-118.901,D,2016,11,05,2016-11-05,318.3,77,59.4,278.5,0,0.8115615,2.7964544,274.3171,273.08936,273.1713,274.02048,275.9929,1.0,0.00023828237,0.2091363,0.21313854,0.2396068,0.26615757
53.9008,-125.0959,53.29,-118.901,D,2016,11,05,2016-11-05,310.3,34,69.7,277.7,0,0.8115615,2.7964544,274.3171,273.08936,273.1713,274.02048,275.9929,1.0,0.00023828237,0.2091363,0.21313854,0.2396068,0.26615757
54.0814,-125.9436,53.29,-118.901,D,2016,11,05,2016-11-05,310.1,31,60.3,279.4,0,0.8115615,2.7964544,274.3171,273.08936,273.1713,274.02048,275.9929,1.0,0.00023828237,0.2091363,0.21313854,0.2396068,0.26615757
54.0838,-125.9525,53.29,-118.901,D,2016,11,05,2016-11-05,310.8,44,63.5,279.1,0,0.8115615,2.7964544,274.3171,273.08936,273.1713,274.02048,275.9929,1.0,0.00023828237,0.2091363,0.21313854,0.2396068,0.26615757
54.0851,-125.9096,53.29,-118.901,D,2016,11,05,2016-11-05,311.6,50,64.5,279.3,0,0.8115615,2.7964544,274.3171,273.08936,273.1713,274.02048,275.9929,1.0,0.00023828237,0.2091363,0.21313854,0.2396068,0.26615757
56.6355,-118.5781,52.267,-114.585,D,2016,11,06,2016-11-06,336.2,90,42.7,275.5,1,0.53349364,-2.0709472,279.42557,279.33063,279.45895,278.19308,281.3625,2.0,4.7849055e-05,0.36811423,0.3310163,0.3230935,0.30827263
58.5045,-115.6436,52.267,-114.585,D,2016,11,06,2016-11-06,310.8,71,16.7,275.1,0,0.53349364,-2.0709472,279.42557,279.33063,279.45895,278.19308,281.3625,2.0,4.7849055e-05,0.36811423,0.3310163,0.3230935,0.30827263
58.5012,-115.6255,52.267,-114.585,D,2016,11,06,2016-11-06,303.3,55,10.9,275.1,0,0.53349364,-2.0709472,279.42557,279.33063,279.45895,278.19308,281.3625,2.0,4.7849055e-05,0.36811423,0.3310163,0.3230935,0.30827263
58.5654,-117.0803,52.267,-114.585,D,2016,11,06,2016-11-06,304.4,59,11.7,272.2,0,0.53349364,-2.0709472,279.42557,279.33063,279.45895,278.19308,281.3625,2.0,4.7849055e-05,0.36811423,0.3310163,0.3230935,0.30827263
58.4948,-116.7241,52.267,-114.585,D,2016,11,06,2016-11-06,309.4,69,14.5,273.7,0,0.53349364,-2.0709472,279.42557,279.33063,279.45895,278.19308,281.3625,2.0,4.7849055e-05,0.36811423,0.3310163,0.3230935,0.30827263
58.4918,-116.7067,52.267,-114.585,D,2016,11,06,2016-11-06,309.5,69,14.5,273.9,0,0.53349364,-2.0709472,279.42557,279.33063,279.45895,278.19308,281.3625,2.0,4.7849055e-05,0.36811423,0.3310163,0.3230935,0.30827263
58.483,-116.7123,52.267,-114.585,D,2016,11,06,2016-11-06,304.8,46,10.7,273.5,0,0.53349364,-2.0709472,279.42557,279.33063,279.45895,278.19308,281.3625,2.0,4.7849055e-05,0.36811423,0.3310163,0.3230935,0.30827263
58.3798,-116.6105,52.267,-114.585,D,2016,11,06,2016-11-06,306.3,63,12.8,276.0,0,0.53349364,-2.0709472,279.42557,279.33063,279.45895,278.19308,281.3625,2.0,4.7849055e-05,0.36811423,0.3310163,0.3230935,0.30827263
58.2051,-115.7982,52.267,-114.585,D,2016,11,06,2016-11-06,302.7,53,11.2,275.4,0,0.53349364,-2.0709472,279.42557,279.33063,279.45895,278.19308,281.3625,2.0,4.7849055e-05,0.36811423,0.3310163,0.3230935,0.30827263
58.4475,-119.2353,52.267,-114.585,D,2016,11,06,2016-11-06,308.7,67,13.5,272.8,0,0.53349364,-2.0709472,279.42557,279.33063,279.45895,278.19308,281.3625,2.0,4.7849055e-05,0.36811423,0.3310163,0.3230935,0.30827263
57.989,-116.7252,52.267,-114.585,D,2016,11,06,2016-11-06,306.8,64,12.5,278.5,0,0.53349364,-2.0709472,279.42557,279.33063,279.45895,278.19308,281.3625,2.0,4.7849055e-05,0.36811423,0.3310163,0.3230935,0.30827263
58.0018,-117.0654,52.267,-114.585,D,2016,11,06,2016-11-06,300.7,10,8.0,275.5,0,0.53349364,-2.0709472,279.42557,279.33063,279.45895,278.19308,281.3625,2.0,4.7849055e-05,0.36811423,0.3310163,0.3230935,0.30827263
57.9988,-117.0483,52.267,-114.585,D,2016,11,06,2016-11-06,300.7,30,8.2,274.8,0,0.53349364,-2.0709472,279.42557,279.33063,279.45895,278.19308,281.3625,2.0,4.7849055e-05,0.36811423,0.3310163,0.3230935,0.30827263
57.9929,-117.0708,52.267,-114.585,D,2016,11,06,2016-11-06,301.8,36,8.8,274.3,0,0.53349364,-2.0709472,279.42557,279.33063,279.45895,278.19308,281.3625,2.0,4.7849055e-05,0.36811423,0.3310163,0.3230935,0.30827263
57.99,-117.0537,52.267,-114.585,D,2016,11,06,2016-11-06,307.6,66,12.9,274.0,0,0.53349364,-2.0709472,279.42557,279.33063,279.45895,278.19308,281.3625,2.0,4.7849055e-05,0.36811423,0.3310163,0.3230935,0.30827263
57.9221,-117.0003,52.267,-114.585,D,2016,11,06,2016-11-06,339.0,91,50.5,277.0,1,0.53349364,-2.0709472,279.42557,279.33063,279.45895,278.19308,281.3625,2.0,4.7849055e-05,0.36811423,0.3310163,0.3230935,0.30827263
56.6699,-118.6124,52.267,-114.585,D,2016,11,06,2016-11-06,316.0,76,19.9,273.9,0,0.53349364,-2.0709472,279.42557,279.33063,279.45895,278.19308,281.3625,2.0,4.7849055e-05,0.36811423,0.3310163,0.3230935,0.30827263
56.6672,-118.5961,52.267,-114.585,D,2016,11,06,2016-11-06,313.0,73,17.2,273.5,0,0.53349364,-2.0709472,279.42557,279.33063,279.45895,278.19308,281.3625,2.0,4.7849055e-05,0.36811423,0.3310163,0.3230935,0.30827263
56.821,-119.6125,52.267,-114.585,D,2016,11,06,2016-11-06,315.0,58,16.6,275.9,0,0.53349364,-2.0709472,279.42557,279.33063,279.45895,278.19308,281.3625,2.0,4.7849055e-05,0.36811423,0.3310163,0.3230935,0.30827263
56.6504,-118.5523,52.267,-114.585,D,2016,11,06,2016-11-06,318.6,79,21.9,274.6,0,0.53349364,-2.0709472,279.42557,279.33063,279.45895,278.19308,281.3625,2.0,4.7849055e-05,0.36811423,0.3310163,0.3230935,0.30827263
56.8148,-119.633,52.267,-114.585,D,2016,11,06,2016-11-06,305.7,19,9.7,275.5,0,0.53349364,-2.0709472,279.42557,279.33063,279.45895,278.19308,281.3625,2.0,4.7849055e-05,0.36811423,0.3310163,0.3230935,0.30827263
56.8123,-119.6171,52.267,-114.585,D,2016,11,06,2016-11-06,306.6,30,10.4,275.5,0,0.53349364,-2.0709472,279.42557,279.33063,279.45895,278.19308,281.3625,2.0,4.7849055e-05,0.36811423,0.3310163,0.3230935,0.30827263
56.6328,-118.5619,52.267,-114.585,D,2016,11,06,2016-11-06,328.4,86,31.4,275.1,0,0.53349364,-2.0709472,279.42557,279.33063,279.45895,278.19308,281.3625,2.0,4.7849055e-05,0.36811423,0.3310163,0.3230935,0.30827263
56.7985,-119.71,52.267,-114.585,D,2016,11,06,2016-11-06,306.1,18,10.0,275.7,0,0.53349364,-2.0709472,279.42557,279.33063,279.45895,278.19308,281.3625,2.0,4.7849055e-05,0.36811423,0.3310163,0.3230935,0.30827263
56.7848,-119.6826,52.267,-114.585,D,2016,11,06,2016-11-06,352.3,85,67.6,277.6,0,0.53349364,-2.0709472,279.42557,279.33063,279.45895,278.19308,281.3625,2.0,4.7849055e-05,0.36811423,0.3310163,0.3230935,0.30827263
56.7824,-119.6668,52.267,-114.585,D,2016,11,06,2016-11-06,395.1,100,227.8,282.2,1,0.53349364,-2.0709472,279.42557,279.33063,279.45895,278.19308,281.3625,2.0,4.7849055e-05,0.36811423,0.3310163,0.3230935,0.30827263
56.7799,-119.6509,52.267,-114.585,D,2016,11,06,2016-11-06,366.4,100,107.0,278.7,1,0.53349364,-2.0709472,279.42557,279.33063,279.45895,278.19308,281.3625,2.0,4.7849055e-05,0.36811423,0.3310163,0.3230935,0.30827263
56.7811,-119.719,52.267,-114.585,D,2016,11,06,2016-11-06,342.1,92,49.3,277.3,1,0.53349364,-2.0709472,279.42557,279.33063,279.45895,278.19308,281.3625,2.0,4.7849055e-05,0.36811423,0.3310163,0.3230935,0.30827263
56.7786,-119.703,52.267,-114.585,D,2016,11,06,2016-11-06,341.8,84,48.1,277.1,0,0.53349364,-2.0709472,279.42557,279.33063,279.45895,278.19308,281.3625,2.0,4.7849055e-05,0.36811423,0.3310163,0.3230935,0.30827263
53.7811,-127.0595,52.267,-114.585,D,2016,11,06,2016-11-06,309.8,65,19.1,276.6,0,0.53349364,-2.0709472,279.42557,279.33063,279.45895,278.19308,281.3625,2.0,4.7849055e-05,0.36811423,0.3310163,0.3230935,0.30827263
56.634,-118.5929,52.267,-114.585,D,2016,11,06,2016-11-06,300.7,40,45.9,275.0,0,0.53349364,-2.0709472,279.42557,279.33063,279.45895,278.19308,281.3625,2.0,4.7849055e-05,0.36811423,0.3310163,0.3230935,0.30827263
56.7744,-119.6525,52.267,-114.585,D,2016,11,06,2016-11-06,334.6,89,233.5,277.5,0,0.53349364,-2.0709472,279.42557,279.33063,279.45895,278.19308,281.3625,2.0,4.7849055e-05,0.36811423,0.3310163,0.3230935,0.30827263
56.7583,-119.7038,52.267,-114.585,D,2016,11,06,2016-11-06,310.5,21,76.1,276.6,0,0.53349364,-2.0709472,279.42557,279.33063,279.45895,278.19308,281.3625,2.0,4.7849055e-05,0.36811423,0.3310163,0.3230935,0.30827263
56.7876,-119.6687,52.267,-114.585,D,2016,11,06,2016-11-06,310.6,42,77.8,276.7,0,0.53349364,-2.0709472,279.42557,279.33063,279.45895,278.19308,281.3625,2.0,4.7849055e-05,0.36811423,0.3310163,0.3230935,0.30827263
56.7718,-119.7196,52.267,-114.585,D,2016,11,06,2016-11-06,319.1,60,121.1,277.3,0,0.53349364,-2.0709472,279.42557,279.33063,279.45895,278.19308,281.3625,2.0,4.7849055e-05,0.36811423,0.3310163,0.3230935,0.30827263
56.7686,-119.6488,52.267,-114.585,D,2016,11,06,2016-11-06,311.9,39,82.5,276.9,0,0.53349364,-2.0709472,279.42557,279.33063,279.45895,278.19308,281.3625,2.0,4.7849055e-05,0.36811423,0.3310163,0.3230935,0.30827263
56.782,-119.6645,52.267,-114.585,D,2016,11,06,2016-11-06,334.4,89,234.8,277.4,0,0.53349364,-2.0709472,279.42557,279.33063,279.45895,278.19308,281.3625,2.0,4.7849055e-05,0.36811423,0.3310163,0.3230935,0.30827263
56.7658,-119.7156,52.267,-114.585,D,2016,11,06,2016-11-06,322.5,80,145.5,277.4,0,0.53349364,-2.0709472,279.42557,279.33063,279.45895,278.19308,281.3625,2.0,4.7849055e-05,0.36811423,0.3310163,0.3230935,0.30827263
57.9162,-117.0147,52.267,-114.585,D,2016,11,06,2016-11-06,301.3,46,33.3,272.5,0,0.53349364,-2.0709472,279.42557,279.33063,279.45895,278.19308,281.3625,2.0,4.7849055e-05,0.36811423,0.3310163,0.3230935,0.30827263
58.4821,-116.7148,52.267,-114.585,D,2016,11,06,2016-11-06,303.2,55,33.1,274.1,0,0.53349364,-2.0709472,279.42557,279.33063,279.45895,278.19308,281.3625,2.0,4.7849055e-05,0.36811423,0.3310163,0.3230935,0.30827263
58.4901,-116.7261,52.267,-114.585,D,2016,11,06,2016-11-06,301.0,44,30.3,273.5,0,0.53349364,-2.0709472,279.42557,279.33063,279.45895,278.19308,281.3625,2.0,4.7849055e-05,0.36811423,0.3310163,0.3230935,0.30827263
53.3991,-123.7082,52.267,-114.585,D,2016,11,06,2016-11-06,317.6,78,19.1,277.6,0,0.53349364,-2.0709472,279.42557,279.33063,279.45895,278.19308,281.3625,2.0,4.7849055e-05,0.36811423,0.3310163,0.3230935,0.30827263
53.3971,-123.7233,52.267,-114.585,D,2016,11,06,2016-11-06,333.1,88,37.0,279.0,0,0.53349364,-2.0709472,279.42557,279.33063,279.45895,278.19308,281.3625,2.0,4.7849055e-05,0.36811423,0.3310163,0.3230935,0.30827263
53.7364,-123.9574,52.267,-114.585,D,2016,11,06,2016-11-06,334.8,89,40.4,277.4,0,0.53349364,-2.0709472,279.42557,279.33063,279.45895,278.19308,281.3625,2.0,4.7849055e-05,0.36811423,0.3310163,0.3230935,0.30827263
53.7344,-123.9724,52.267,-114.585,D,2016,11,06,2016-11-06,348.4,95,63.1,279.2,1,0.53349364,-2.0709472,279.42557,279.33063,279.45895,278.19308,281.3625,2.0,4.7849055e-05,0.36811423,0.3310163,0.3230935,0.30827263
53.7412,-123.9909,52.267,-114.585,D,2016,11,06,2016-11-06,342.1,93,51.8,277.7,1,0.53349364,-2.0709472,279.42557,279.33063,279.45895,278.19308,281.3625,2.0,4.7849055e-05,0.36811423,0.3310163,0.3230935,0.30827263
53.7391,-124.006,52.267,-114.585,D,2016,11,06,2016-11-06,322.3,82,24.5,274.9,0,0.53349364,-2.0709472,279.42557,279.33063,279.45895,278.19308,281.3625,2.0,4.7849055e-05,0.36811423,0.3310163,0.3230935,0.30827263
52.1544,-121.7302,52.267,-114.585,D,2016,11,06,2016-11-06,310.9,71,15.1,280.6,0,0.53349364,-2.0709472,279.42557,279.33063,279.45895,278.19308,281.3625,2.0,4.7849055e-05,0.36811423,0.3310163,0.3230935,0.30827263
54.2558,-123.3801,52.267,-114.585,D,2016,11,06,2016-11-06,302.6,53,9.6,277.8,0,0.53349364,-2.0709472,279.42557,279.33063,279.45895,278.19308,281.3625,2.0,4.7849055e-05,0.36811423,0.3310163,0.3230935,0.30827263
53.7783,-127.0639,52.267,-114.585,D,2016,11,06,2016-11-06,303.5,53,10.1,277.2,0,0.53349364,-2.0709472,279.42557,279.33063,279.45895,278.19308,281.3625,2.0,4.7849055e-05,0.36811423,0.3310163,0.3230935,0.30827263
52.1484,-121.7215,52.267,-114.585,D,2016,11,06,2016-11-06,335.9,90,43.4,281.8,1,0.53349364,-2.0709472,279.42557,279.33063,279.45895,278.19308,281.3625,2.0,4.7849055e-05,0.36811423,0.3310163,0.3230935,0.30827263
55.0575,-117.8553,52.267,-114.585,D,2016,11,06,2016-11-06,300.1,27,13.1,280.9,0,0.53349364,-2.0709472,279.42557,279.33063,279.45895,278.19308,281.3625,2.0,4.7849055e-05,0.36811423,0.3310163,0.3230935,0.30827263
55.3358,-117.1962,52.267,-114.585,D,2016,11,06,2016-11-06,314.7,75,33.7,281.4,0,0.53349364,-2.0709472,279.42557,279.33063,279.45895,278.19308,281.3625,2.0,4.7849055e-05,0.36811423,0.3310163,0.3230935,0.30827263
55.335,-117.1762,52.267,-114.585,D,2016,11,06,2016-11-06,303.5,56,18.4,280.8,0,0.53349364,-2.0709472,279.42557,279.33063,279.45895,278.19308,281.3625,2.0,4.7849055e-05,0.36811423,0.3310163,0.3230935,0.30827263
55.3331,-117.203,52.267,-114.585,D,2016,11,06,2016-11-06,306.6,64,22.6,281.5,0,0.53349364,-2.0709472,279.42557,279.33063,279.45895,278.19308,281.3625,2.0,4.7849055e-05,0.36811423,0.3310163,0.3230935,0.30827263
54.9427,-123.5205,52.267,-114.585,D,2016,11,06,2016-11-06,313.7,74,18.4,273.9,0,0.53349364,-2.0709472,279.42557,279.33063,279.45895,278.19308,281.3625,2.0,4.7849055e-05,0.36811423,0.3310163,0.3230935,0.30827263
54.6598,-126.8967,52.267,-114.585,D,2016,11,06,2016-11-06,305.3,53,9.7,280.4,0,0.53349364,-2.0709472,279.42557,279.33063,279.45895,278.19308,281.3625,2.0,4.7849055e-05,0.36811423,0.3310163,0.3230935,0.30827263
52.9316,-123.1843,52.267,-114.585,D,2016,11,06,2016-11-06,313.7,74,16.8,278.4,0,0.53349364,-2.0709472,279.42557,279.33063,279.45895,278.19308,281.3625,2.0,4.7849055e-05,0.36811423,0.3310163,0.3230935,0.30827263
53.3902,-123.7048,52.267,-114.585,D,2016,11,06,2016-11-06,335.5,90,40.6,278.9,1,0.53349364,-2.0709472,279.42557,279.33063,279.45895,278.19308,281.3625,2.0,4.7849055e-05,0.36811423,0.3310163,0.3230935,0.30827263
53.3882,-123.7199,52.267,-114.585,D,2016,11,06,2016-11-06,316.6,77,18.1,277.6,0,0.53349364,-2.0709472,279.42557,279.33063,279.45895,278.19308,281.3625,2.0,4.7849055e-05,0.36811423,0.3310163,0.3230935,0.30827263
52.1563,-121.7148,52.267,-114.585,D,2016,11,06,2016-11-06,316.8,77,20.5,280.5,0,0.53349364,-2.0709472,279.42557,279.33063,279.45895,278.19308,281.3625,2.0,4.7849055e-05,0.36811423,0.3310163,0.3230935,0.30827263
57.9967,-117.0551,52.267,-114.585,D,2016,11,06,2016-11-06,300.8,39,19.0,278.3,0,0.53349364,-2.0709472,279.42557,279.33063,279.45895,278.19308,281.3625,2.0,4.7849055e-05,0.36811423,0.3310163,0.3230935,0.30827263
56.7739,-119.6434,52.267,-114.585,D,2016,11,06,2016-11-06,331.9,62,54.5,277.5,0,0.53349364,-2.0709472,279.42557,279.33063,279.45895,278.19308,281.3625,2.0,4.7849055e-05,0.36811423,0.3310163,0.3230935,0.30827263
56.6336,-118.5688,52.267,-114.585,D,2016,11,06,2016-11-06,326.6,84,53.1,276.6,0,0.53349364,-2.0709472,279.42557,279.33063,279.45895,278.19308,281.3625,2.0,4.7849055e-05,0.36811423,0.3310163,0.3230935,0.30827263
56.6316,-118.5942,52.267,-114.585,D,2016,11,06,2016-11-06,305.2,23,17.8,275.8,0,0.53349364,-2.0709472,279.42557,279.33063,279.45895,278.19308,281.3625,2.0,4.7849055e-05,0.36811423,0.3310163,0.3230935,0.30827263
56.6467,-118.5459,52.267,-114.585,D,2016,11,06,2016-11-06,343.7,93,101.4,277.1,1,0.53349364,-2.0709472,279.42557,279.33063,279.45895,278.19308,281.3625,2.0,4.7849055e-05,0.36811423,0.3310163,0.3230935,0.30827263
56.6446,-118.5714,52.267,-114.585,D,2016,11,06,2016-11-06,314.9,20,29.4,275.6,0,0.53349364,-2.0709472,279.42557,279.33063,279.45895,278.19308,281.3625,2.0,4.7849055e-05,0.36811423,0.3310163,0.3230935,0.30827263
56.6646,-118.6021,52.267,-114.585,D,2016,11,06,2016-11-06,332.6,75,65.4,275.6,0,0.53349364,-2.0709472,279.42557,279.33063,279.45895,278.19308,281.3625,2.0,4.7849055e-05,0.36811423,0.3310163,0.3230935,0.30827263
56.6658,-118.6097,52.267,-114.585,D,2016,11,06,2016-11-06,329.6,84,59.4,275.9,0,0.53349364,-2.0709472,279.42557,279.33063,279.45895,278.19308,281.3625,2.0,4.7849055e-05,0.36811423,0.3310163,0.3230935,0.30827263
56.767,-119.6579,52.267,-114.585,D,2016,11,06,2016-11-06,334.4,65,60.3,278.6,0,0.53349364,-2.0709472,279.42557,279.33063,279.45895,278.19308,281.3625,2.0,4.7849055e-05,0.36811423,0.3310163,0.3230935,0.30827263
56.765,-119.6804,52.267,-114.585,D,2016,11,06,2016-11-06,378.1,100,246.2,282.3,1,0.53349364,-2.0709472,279.42557,279.33063,279.45895,278.19308,281.3625,2.0,4.7849055e-05,0.36811423,0.3310163,0.3230935,0.30827263
56.7629,-119.703,52.267,-114.585,D,2016,11,06,2016-11-06,318.2,53,30.3,277.2,0,0.53349364,-2.0709472,279.42557,279.33063,279.45895,278.19308,281.3625,2.0,4.7849055e-05,0.36811423,0.3310163,0.3230935,0.30827263
56.7719,-119.6665,52.267,-114.585,D,2016,11,06,2016-11-06,393.8,100,363.7,283.5,1,0.53349364,-2.0709472,279.42557,279.33063,279.45895,278.19308,281.3625,2.0,4.7849055e-05,0.36811423,0.3310163,0.3230935,0.30827263
56.77,-119.6889,52.267,-114.585,D,2016,11,06,2016-11-06,391.2,100,337.7,284.8,1,0.53349364,-2.0709472,279.42557,279.33063,279.45895,278.19308,281.3625,2.0,4.7849055e-05,0.36811423,0.3310163,0.3230935,0.30827263
56.7825,-119.669,52.267,-114.585,D,2016,11,06,2016-11-06,359.0,99,141.4,279.0,1,0.53349364,-2.0709472,279.42557,279.33063,279.45895,278.19308,281.3625,2.0,4.7849055e-05,0.36811423,0.3310163,0.3230935,0.30827263
56.7805,-119.6915,52.267,-114.585,D,2016,11,06,2016-11-06,338.3,69,67.9,278.3,0,0.53349364,-2.0709472,279.42557,279.33063,279.45895,278.19308,281.3625,2.0,4.7849055e-05,0.36811423,0.3310163,0.3230935,0.30827263
56.7785,-119.7149,52.267,-114.585,D,2016,11,06,2016-11-06,332.6,58,54.8,277.7,0,0.53349364,-2.0709472,279.42557,279.33063,279.45895,278.19308,281.3625,2.0,4.7849055e-05,0.36811423,0.3310163,0.3230935,0.30827263
56.789,-119.718,52.267,-114.585,D,2016,11,06,2016-11-06,328.9,86,50.1,277.6,0,0.53349364,-2.0709472,279.42557,279.33063,279.45895,278.19308,281.3625,2.0,4.7849055e-05,0.36811423,0.3310163,0.3230935,0.30827263
56.787,-119.741,52.267,-114.585,D,2016,11,06,2016-11-06,304.7,33,14.7,277.3,0,0.53349364,-2.0709472,279.42557,279.33063,279.45895,278.19308,281.3625,2.0,4.7849055e-05,0.36811423,0.3310163,0.3230935,0.30827263
56.8075,-119.6295,52.267,-114.585,D,2016,11,06,2016-11-06,301.5,25,12.6,276.3,0,0.53349364,-2.0709472,279.42557,279.33063,279.45895,278.19308,281.3625,2.0,4.7849055e-05,0.36811423,0.3310163,0.3230935,0.30827263
56.7934,-119.7892,52.267,-114.585,D,2016,11,06,2016-11-06,325.7,84,44.8,278.3,0,0.53349364,-2.0709472,279.42557,279.33063,279.45895,278.19308,281.3625,2.0,4.7849055e-05,0.36811423,0.3310163,0.3230935,0.30827263
57.923,-117.0016,52.267,-114.585,D,2016,11,06,2016-11-06,310.5,70,34.3,279.5,0,0.53349364,-2.0709472,279.42557,279.33063,279.45895,278.19308,281.3625,2.0,4.7849055e-05,0.36811423,0.3310163,0.3230935,0.30827263
52.5475,-124.162,51.25,-105.504,D,2016,11,07,2016-11-07,346.3,71,146.8,272.3,0,4.3777194,-2.4109998,277.74252,278.73553,280.08298,280.25308,283.75183,2.0,0.0,0.34488365,0.33041224,0.27194926,0.26818538
52.5537,-124.1883,51.25,-105.504,D,2016,11,07,2016-11-07,338.2,67,110.9,271.8,0,4.3777194,-2.4109998,277.74252,278.73553,280.08298,280.25308,283.75183,2.0,0.0,0.34488365,0.33041224,0.27194926,0.26818538
51.8432,-106.5519,51.25,-105.504,D,2016,11,07,2016-11-07,315.4,76,20.1,281.2,0,4.3777194,-2.4109998,277.74252,278.73553,280.08298,280.25308,283.75183,2.0,0.0,0.34488365,0.33041224,0.27194926,0.26818538
57.878,-116.8914,51.25,-105.504,D,2016,11,07,2016-11-07,378.5,100,0.0,269.2,1,4.3777194,-2.4109998,277.74252,278.73553,280.08298,280.25308,283.75183,2.0,0.0,0.34488365,0.33041224,0.27194926,0.26818538
52.5381,-124.1966,51.25,-105.504,D,2016,11,07,2016-11-07,327.9,81,98.0,280.4,0,4.3777194,-2.4109998,277.74252,278.73553,280.08298,280.25308,283.75183,2.0,0.0,0.34488365,0.33041224,0.27194926,0.26818538
52.5507,-124.1334,51.25,-105.504,D,2016,11,07,2016-11-07,311.9,52,46.2,281.4,0,4.3777194,-2.4109998,277.74252,278.73553,280.08298,280.25308,283.75183,2.0,0.0,0.34488365,0.33041224,0.27194926,0.26818538
52.549,-124.1692,51.25,-105.504,D,2016,11,07,2016-11-07,327.4,80,97.3,280.7,0,4.3777194,-2.4109998,277.74252,278.73553,280.08298,280.25308,283.75183,2.0,0.0,0.34488365,0.33041224,0.27194926,0.26818538
52.5472,-124.2059,51.25,-105.504,D,2016,11,07,2016-11-07,346.0,93,198.7,281.6,1,4.3777194,-2.4109998,277.74252,278.73553,280.08298,280.25308,283.75183,2.0,0.0,0.34488365,0.33041224,0.27194926,0.26818538
53.7906,-123.9624,51.25,-105.504,D,2016,11,07,2016-11-07,327.8,81,114.0,275.3,0,4.3777194,-2.4109998,277.74252,278.73553,280.08298,280.25308,283.75183,2.0,0.0,0.34488365,0.33041224,0.27194926,0.26818538
53.7889,-123.9981,51.25,-105.504,D,2016,11,07,2016-11-07,324.3,77,98.5,275.3,0,4.3777194,-2.4109998,277.74252,278.73553,280.08298,280.25308,283.75183,2.0,0.0,0.34488365,0.33041224,0.27194926,0.26818538
53.784,-123.9689,51.25,-105.504,D,2016,11,07,2016-11-07,343.6,92,204.8,276.4,1,4.3777194,-2.4109998,277.74252,278.73553,280.08298,280.25308,283.75183,2.0,0.0,0.34488365,0.33041224,0.27194926,0.26818538
53.7824,-124.0061,51.25,-105.504,D,2016,11,07,2016-11-07,311.9,52,55.0,275.0,0,4.3777194,-2.4109998,277.74252,278.73553,280.08298,280.25308,283.75183,2.0,0.0,0.34488365,0.33041224,0.27194926,0.26818538
57.0571,-121.1523,52.735,-119.893,D,2016,11,08,2016-11-08,304.8,56,12.0,276.3,0,-0.8354567,1.5092269,274.38156,275.38608,275.53152,276.03995,277.45828,1.0,8.802024e-05,0.22622949,0.2297942,0.24062675,0.2808895
56.6911,-121.8966,52.735,-119.893,D,2016,11,08,2016-11-08,325.6,84,33.6,276.1,0,-0.8354567,1.5092269,274.38156,275.38608,275.53152,276.03995,277.45828,1.0,8.802024e-05,0.22622949,0.2297942,0.24062675,0.2808895
56.6837,-121.9187,52.735,-119.893,D,2016,11,08,2016-11-08,306.8,64,14.7,275.1,0,-0.8354567,1.5092269,274.38156,275.38608,275.53152,276.03995,277.45828,1.0,8.802024e-05,0.22622949,0.2297942,0.24062675,0.2808895
56.6815,-121.8997,52.735,-119.893,D,2016,11,08,2016-11-08,305.9,62,14.0,274.8,0,-0.8354567,1.5092269,274.38156,275.38608,275.53152,276.03995,277.45828,1.0,8.802024e-05,0.22622949,0.2297942,0.24062675,0.2808895
55.2754,-120.8501,52.735,-119.893,D,2016,11,08,2016-11-08,344.9,94,60.1,280.4,1,-0.8354567,1.5092269,274.38156,275.38608,275.53152,276.03995,277.45828,1.0,8.802024e-05,0.22622949,0.2297942,0.24062675,0.2808895
54.6435,-120.1936,52.735,-119.893,D,2016,11,08,2016-11-08,373.9,100,135.9,283.5,1,-0.8354567,1.5092269,274.38156,275.38608,275.53152,276.03995,277.45828,1.0,8.802024e-05,0.22622949,0.2297942,0.24062675,0.2808895
54.6414,-120.1782,52.735,-119.893,D,2016,11,08,2016-11-08,376.0,100,143.7,284.3,1,-0.8354567,1.5092269,274.38156,275.38608,275.53152,276.03995,277.45828,1.0,8.802024e-05,0.22622949,0.2297942,0.24062675,0.2808895
54.6366,-120.2125,52.735,-119.893,D,2016,11,08,2016-11-08,305.4,56,8.6,277.9,0,-0.8354567,1.5092269,274.38156,275.38608,275.53152,276.03995,277.45828,1.0,8.802024e-05,0.22622949,0.2297942,0.24062675,0.2808895
54.6345,-120.1969,52.735,-119.893,D,2016,11,08,2016-11-08,352.0,97,72.1,280.8,1,-0.8354567,1.5092269,274.38156,275.38608,275.53152,276.03995,277.45828,1.0,8.802024e-05,0.22622949,0.2297942,0.24062675,0.2808895
52.6628,-124.0264,52.735,-119.893,D,2016,11,08,2016-11-08,313.9,64,18.3,282.4,0,-0.8354567,1.5092269,274.38156,275.38608,275.53152,276.03995,277.45828,1.0,8.802024e-05,0.22622949,0.2297942,0.24062675,0.2808895
55.2775,-120.8665,52.735,-119.893,D,2016,11,08,2016-11-08,379.9,100,170.5,284.1,1,-0.8354567,1.5092269,274.38156,275.38608,275.53152,276.03995,277.45828,1.0,8.802024e-05,0.22622949,0.2297942,0.24062675,0.2808895
52.6526,-124.0364,52.735,-119.893,D,2016,11,08,2016-11-08,341.6,69,59.0,283.4,0,-0.8354567,1.5092269,274.38156,275.38608,275.53152,276.03995,277.45828,1.0,8.802024e-05,0.22622949,0.2297942,0.24062675,0.2808895
52.6506,-124.0186,52.735,-119.893,D,2016,11,08,2016-11-08,350.9,96,84.3,283.7,1,-0.8354567,1.5092269,274.38156,275.38608,275.53152,276.03995,277.45828,1.0,8.802024e-05,0.22622949,0.2297942,0.24062675,0.2808895
52.6468,-124.0747,52.735,-119.893,D,2016,11,08,2016-11-08,321.7,81,28.3,282.4,0,-0.8354567,1.5092269,274.38156,275.38608,275.53152,276.03995,277.45828,1.0,8.802024e-05,0.22622949,0.2297942,0.24062675,0.2808895
52.6449,-124.0572,52.735,-119.893,D,2016,11,08,2016-11-08,323.6,82,30.2,282.2,0,-0.8354567,1.5092269,274.38156,275.38608,275.53152,276.03995,277.45828,1.0,8.802024e-05,0.22622949,0.2297942,0.24062675,0.2808895
55.2762,-120.8862,52.735,-119.893,D,2016,11,08,2016-11-08,303.5,50,7.9,279.7,0,-0.8354567,1.5092269,274.38156,275.38608,275.53152,276.03995,277.45828,1.0,8.802024e-05,0.22622949,0.2297942,0.24062675,0.2808895
52.6212,-124.0012,52.735,-119.893,D,2016,11,08,2016-11-08,313.4,34,13.6,273.6,0,-0.8354567,1.5092269,274.38156,275.38608,275.53152,276.03995,277.45828,1.0,8.802024e-05,0.22622949,0.2297942,0.24062675,0.2808895
52.6301,-124.0052,52.735,-119.893,D,2016,11,08,2016-11-08,357.9,69,85.1,280.0,0,-0.8354567,1.5092269,274.38156,275.38608,275.53152,276.03995,277.45828,1.0,8.802024e-05,0.22622949,0.2297942,0.24062675,0.2808895
52.6391,-124.0092,52.735,-119.893,D,2016,11,08,2016-11-08,394.5,87,236.1,289.5,0,-0.8354567,1.5092269,274.38156,275.38608,275.53152,276.03995,277.45828,1.0,8.802024e-05,0.22622949,0.2297942,0.24062675,0.2808895
52.648,-124.0133,52.735,-119.893,D,2016,11,08,2016-11-08,334.9,0,36.7,279.5,0,-0.8354567,1.5092269,274.38156,275.38608,275.53152,276.03995,277.45828,1.0,8.802024e-05,0.22622949,0.2297942,0.24062675,0.2808895
52.6454,-124.0286,52.735,-119.893,D,2016,11,08,2016-11-08,346.2,65,56.6,282.0,0,-0.8354567,1.5092269,274.38156,275.38608,275.53152,276.03995,277.45828,1.0,8.802024e-05,0.22622949,0.2297942,0.24062675,0.2808895
52.6429,-124.0439,52.735,-119.893,D,2016,11,08,2016-11-08,321.8,57,20.5,277.7,0,-0.8354567,1.5092269,274.38156,275.38608,275.53152,276.03995,277.45828,1.0,8.802024e-05,0.22622949,0.2297942,0.24062675,0.2808895
54.1982,-123.054,52.735,-119.893,D,2016,11,08,2016-11-08,316.9,35,16.1,280.8,0,-0.8354567,1.5092269,274.38156,275.38608,275.53152,276.03995,277.45828,1.0,8.802024e-05,0.22622949,0.2297942,0.24062675,0.2808895
54.1959,-123.069,52.735,-119.893,D,2016,11,08,2016-11-08,326.6,62,26.2,277.4,0,-0.8354567,1.5092269,274.38156,275.38608,275.53152,276.03995,277.45828,1.0,8.802024e-05,0.22622949,0.2297942,0.24062675,0.2808895
54.6346,-120.1867,52.735,-119.893,D,2016,11,08,2016-11-08,376.7,100,150.6,285.2,1,-0.8354567,1.5092269,274.38156,275.38608,275.53152,276.03995,277.45828,1.0,8.802024e-05,0.22622949,0.2297942,0.24062675,0.2808895
54.6325,-120.2027,52.735,-119.893,D,2016,11,08,2016-11-08,393.8,100,233.8,286.2,1,-0.8354567,1.5092269,274.38156,275.38608,275.53152,276.03995,277.45828,1.0,8.802024e-05,0.22622949,0.2297942,0.24062675,0.2808895
54.6436,-120.19,52.735,-119.893,D,2016,11,08,2016-11-08,342.1,93,51.3,283.9,1,-0.8354567,1.5092269,274.38156,275.38608,275.53152,276.03995,277.45828,1.0,8.802024e-05,0.22622949,0.2297942,0.24062675,0.2808895
54.6416,-120.206,52.735,-119.893,D,2016,11,08,2016-11-08,316.2,37,15.9,282.4,0,-0.8354567,1.5092269,274.38156,275.38608,275.53152,276.03995,277.45828,1.0,8.802024e-05,0.22622949,0.2297942,0.24062675,0.2808895
55.2713,-120.8509,52.735,-119.893,D,2016,11,08,2016-11-08,308.9,48,11.4,279.1,0,-0.8354567,1.5092269,274.38156,275.38608,275.53152,276.03995,277.45828,1.0,8.802024e-05,0.22622949,0.2297942,0.24062675,0.2808895
55.2693,-120.8667,52.735,-119.893,D,2016,11,08,2016-11-08,353.9,97,76.8,282.7,1,-0.8354567,1.5092269,274.38156,275.38608,275.53152,276.03995,277.45828,1.0,8.802024e-05,0.22622949,0.2297942,0.24062675,0.2808895
55.2782,-120.8704,52.735,-119.893,D,2016,11,08,2016-11-08,314.5,75,16.1,279.7,0,-0.8354567,1.5092269,274.38156,275.38608,275.53152,276.03995,277.45828,1.0,8.802024e-05,0.22622949,0.2297942,0.24062675,0.2808895
55.2871,-120.8739,52.735,-119.893,D,2016,11,08,2016-11-08,382.0,100,171.5,284.2,1,-0.8354567,1.5092269,274.38156,275.38608,275.53152,276.03995,277.45828,1.0,8.802024e-05,0.22622949,0.2297942,0.24062675,0.2808895
55.2851,-120.8897,52.735,-119.893,D,2016,11,08,2016-11-08,365.8,100,109.3,283.3,1,-0.8354567,1.5092269,274.38156,275.38608,275.53152,276.03995,277.45828,1.0,8.802024e-05,0.22622949,0.2297942,0.24062675,0.2808895
56.6815,-121.9203,52.735,-119.893,D,2016,11,08,2016-11-08,307.8,66,12.3,276.8,0,-0.8354567,1.5092269,274.38156,275.38608,275.53152,276.03995,277.45828,1.0,8.802024e-05,0.22622949,0.2297942,0.24062675,0.2808895
56.6925,-121.908,52.735,-119.893,D,2016,11,08,2016-11-08,332.0,88,36.5,277.8,0,-0.8354567,1.5092269,274.38156,275.38608,275.53152,276.03995,277.45828,1.0,8.802024e-05,0.22622949,0.2297942,0.24062675,0.2808895
56.9175,-122.0254,52.735,-119.893,D,2016,11,08,2016-11-08,324.5,83,26.0,277.0,0,-0.8354567,1.5092269,274.38156,275.38608,275.53152,276.03995,277.45828,1.0,8.802024e-05,0.22622949,0.2297942,0.24062675,0.2808895
56.6836,-121.9041,52.735,-119.893,D,2016,11,08,2016-11-08,332.4,88,37.2,277.2,0,-0.8354567,1.5092269,274.38156,275.38608,275.53152,276.03995,277.45828,1.0,8.802024e-05,0.22622949,0.2297942,0.24062675,0.2808895
56.9286,-122.0127,52.735,-119.893,D,2016,11,08,2016-11-08,321.6,81,22.8,276.8,0,-0.8354567,1.5092269,274.38156,275.38608,275.53152,276.03995,277.45828,1.0,8.802024e-05,0.22622949,0.2297942,0.24062675,0.2808895
56.9264,-122.0292,52.735,-119.893,D,2016,11,08,2016-11-08,377.5,100,151.2,280.3,1,-0.8354567,1.5092269,274.38156,275.38608,275.53152,276.03995,277.45828,1.0,8.802024e-05,0.22622949,0.2297942,0.24062675,0.2808895
57.0576,-121.1491,52.735,-119.893,D,2016,11,08,2016-11-08,328.8,76,34.4,277.0,0,-0.8354567,1.5092269,274.38156,275.38608,275.53152,276.03995,277.45828,1.0,8.802024e-05,0.22622949,0.2297942,0.24062675,0.2808895
57.0555,-121.1661,52.735,-119.893,D,2016,11,08,2016-11-08,306.8,57,12.6,276.1,0,-0.8354567,1.5092269,274.38156,275.38608,275.53152,276.03995,277.45828,1.0,8.802024e-05,0.22622949,0.2297942,0.24062675,0.2808895
53.7393,-127.1647,52.143,-120.196,N,2016,11,09,2016-11-09,336.4,100,46.0,274.6,1,0.18185313,0.14768231,278.02194,277.1809,276.41345,276.393,278.57385,2.0,4.2611136e-05,0.39593,0.38461927,0.3666437,0.3697033
53.7464,-127.1844,52.143,-120.196,N,2016,11,09,2016-11-09,305.7,65,12.6,272.2,0,0.18185313,0.14768231,278.02194,277.1809,276.41345,276.393,278.57385,2.0,4.2611136e-05,0.39593,0.38461927,0.3666437,0.3697033
53.7375,-127.1635,52.143,-120.196,N,2016,11,09,2016-11-09,324.9,100,38.5,272.4,1,0.18185313,0.14768231,278.02194,277.1809,276.41345,276.393,278.57385,2.0,4.2611136e-05,0.39593,0.38461927,0.3666437,0.3697033
56.7988,-121.5565,53.532,-116.094,D,2016,11,09,2016-11-09,306.9,64,88.5,276.0,0,2.3243675,2.695057,276.54092,276.5108,278.26984,277.18805,280.38,2.0,0.0,0.4566605,0.46069658,0.43514284,0.39614663
56.6783,-121.9059,53.532,-116.094,D,2016,11,09,2016-11-09,303.8,57,82.7,275.5,0,2.3243675,2.695057,276.54092,276.5108,278.26984,277.18805,280.38,2.0,0.0,0.4566605,0.46069658,0.43514284,0.39614663
56.6771,-121.9149,53.532,-116.094,D,2016,11,09,2016-11-09,304.9,60,87.9,275.4,0,2.3243675,2.695057,276.54092,276.5108,278.26984,277.18805,280.38,2.0,0.0,0.4566605,0.46069658,0.43514284,0.39614663
54.5771,-120.1957,53.532,-116.094,D,2016,11,09,2016-11-09,311.8,51,93.0,277.8,0,2.3243675,2.695057,276.54092,276.5108,278.26984,277.18805,280.38,2.0,0.0,0.4566605,0.46069658,0.43514284,0.39614663
54.5761,-120.1376,53.532,-116.094,D,2016,11,09,2016-11-09,313.7,59,101.7,277.5,0,2.3243675,2.695057,276.54092,276.5108,278.26984,277.18805,280.38,2.0,0.0,0.4566605,0.46069658,0.43514284,0.39614663
54.5677,-120.1465,53.532,-116.094,D,2016,11,09,2016-11-09,315.1,52,99.4,277.5,0,2.3243675,2.695057,276.54092,276.5108,278.26984,277.18805,280.38,2.0,0.0,0.4566605,0.46069658,0.43514284,0.39614663
56.9254,-121.9621,53.532,-116.094,D,2016,11,09,2016-11-09,301.4,46,72.8,276.1,0,2.3243675,2.695057,276.54092,276.5108,278.26984,277.18805,280.38,2.0,0.0,0.4566605,0.46069658,0.43514284,0.39614663
56.925,-122.0332,53.532,-116.094,D,2016,11,09,2016-11-09,323.2,82,216.8,276.5,0,2.3243675,2.695057,276.54092,276.5108,278.26984,277.18805,280.38,2.0,0.0,0.4566605,0.46069658,0.43514284,0.39614663
56.9241,-122.0382,53.532,-116.094,D,2016,11,09,2016-11-09,320.7,80,195.6,276.4,0,2.3243675,2.695057,276.54092,276.5108,278.26984,277.18805,280.38,2.0,0.0,0.4566605,0.46069658,0.43514284,0.39614663
56.9242,-121.9675,53.532,-116.094,D,2016,11,09,2016-11-09,306.2,63,97.1,276.1,0,2.3243675,2.695057,276.54092,276.5108,278.26984,277.18805,280.38,2.0,0.0,0.4566605,0.46069658,0.43514284,0.39614663
56.8014,-121.551,53.532,-116.094,D,2016,11,09,2016-11-09,309.7,69,109.7,276.1,0,2.3243675,2.695057,276.54092,276.5108,278.26984,277.18805,280.38,2.0,0.0,0.4566605,0.46069658,0.43514284,0.39614663
56.8101,-121.5331,53.532,-116.094,D,2016,11,09,2016-11-09,382.1,100,257.2,282.0,1,2.3243675,2.695057,276.54092,276.5108,278.26984,277.18805,280.38,2.0,0.0,0.4566605,0.46069658,0.43514284,0.39614663
56.8057,-121.5123,53.532,-116.094,D,2016,11,09,2016-11-09,317.3,77,29.1,277.7,0,2.3243675,2.695057,276.54092,276.5108,278.26984,277.18805,280.38,2.0,0.0,0.4566605,0.46069658,0.43514284,0.39614663
56.6479,-119.0327,53.532,-116.094,D,2016,11,09,2016-11-09,337.9,91,94.8,277.9,1,2.3243675,2.695057,276.54092,276.5108,278.26984,277.18805,280.38,2.0,0.0,0.4566605,0.46069658,0.43514284,0.39614663
56.8003,-121.5398,53.532,-116.094,D,2016,11,09,2016-11-09,352.8,97,111.3,278.3,1,2.3243675,2.695057,276.54092,276.5108,278.26984,277.18805,280.38,2.0,0.0,0.4566605,0.46069658,0.43514284,0.39614663
56.796,-121.519,53.532,-116.094,D,2016,11,09,2016-11-09,308.8,68,18.1,277.3,0,2.3243675,2.695057,276.54092,276.5108,278.26984,277.18805,280.38,2.0,0.0,0.4566605,0.46069658,0.43514284,0.39614663
56.8045,-121.5438,53.532,-116.094,D,2016,11,09,2016-11-09,351.5,96,106.1,279.5,1,2.3243675,2.695057,276.54092,276.5108,278.26984,277.18805,280.38,2.0,0.0,0.4566605,0.46069658,0.43514284,0.39614663
56.8002,-121.5231,53.532,-116.094,D,2016,11,09,2016-11-09,331.3,87,51.5,278.2,0,2.3243675,2.695057,276.54092,276.5108,278.26984,277.18805,280.38,2.0,0.0,0.4566605,0.46069658,0.43514284,0.39614663
56.6882,-121.932,53.532,-116.094,D,2016,11,09,2016-11-09,354.2,97,111.6,279.2,1,2.3243675,2.695057,276.54092,276.5108,278.26984,277.18805,280.38,2.0,0.0,0.4566605,0.46069658,0.43514284,0.39614663
56.6842,-121.9125,53.532,-116.094,D,2016,11,09,2016-11-09,360.1,100,134.3,279.3,1,2.3243675,2.695057,276.54092,276.5108,278.26984,277.18805,280.38,2.0,0.0,0.4566605,0.46069658,0.43514284,0.39614663
56.6912,-121.9365,53.532,-116.094,D,2016,11,09,2016-11-09,318.7,79,30.1,277.6,0,2.3243675,2.695057,276.54092,276.5108,278.26984,277.18805,280.38,2.0,0.0,0.4566605,0.46069658,0.43514284,0.39614663
55.5293,-123.8335,53.532,-116.094,D,2016,11,09,2016-11-09,308.9,68,17.3,273.0,0,2.3243675,2.695057,276.54092,276.5108,278.26984,277.18805,280.38,2.0,0.0,0.4566605,0.46069658,0.43514284,0.39614663
56.0606,-122.5335,53.532,-116.094,D,2016,11,09,2016-11-09,338.5,91,66.2,277.2,1,2.3243675,2.695057,276.54092,276.5108,278.26984,277.18805,280.38,2.0,0.0,0.4566605,0.46069658,0.43514284,0.39614663
55.697,-117.9006,53.532,-116.094,D,2016,11,09,2016-11-09,302.2,51,21.5,280.7,0,2.3243675,2.695057,276.54092,276.5108,278.26984,277.18805,280.38,2.0,0.0,0.4566605,0.46069658,0.43514284,0.39614663
56.6873,-121.917,53.532,-116.094,D,2016,11,09,2016-11-09,358.8,99,131.0,280.5,1,2.3243675,2.695057,276.54092,276.5108,278.26984,277.18805,280.38,2.0,0.0,0.4566605,0.46069658,0.43514284,0.39614663
56.2901,-118.5513,53.532,-116.094,D,2016,11,09,2016-11-09,301.0,44,18.8,278.8,0,2.3243675,2.695057,276.54092,276.5108,278.26984,277.18805,280.38,2.0,0.0,0.4566605,0.46069658,0.43514284,0.39614663
56.6539,-119.0583,53.532,-116.094,D,2016,11,09,2016-11-09,308.6,67,26.7,276.9,0,2.3243675,2.695057,276.54092,276.5108,278.26984,277.18805,280.38,2.0,0.0,0.4566605,0.46069658,0.43514284,0.39614663
56.64,-119.0452,53.532,-116.094,D,2016,11,09,2016-11-09,328.6,86,66.1,277.2,0,2.3243675,2.695057,276.54092,276.5108,278.26984,277.18805,280.38,2.0,0.0,0.4566605,0.46069658,0.43514284,0.39614663
56.2838,-118.5245,53.532,-116.094,D,2016,11,09,2016-11-09,316.4,77,44.2,279.0,0,2.3243675,2.695057,276.54092,276.5108,278.26984,277.18805,280.38,2.0,0.0,0.4566605,0.46069658,0.43514284,0.39614663
56.6507,-119.0374,53.532,-116.094,D,2016,11,09,2016-11-09,327.8,85,64.1,277.9,0,2.3243675,2.695057,276.54092,276.5108,278.26984,277.18805,280.38,2.0,0.0,0.4566605,0.46069658,0.43514284,0.39614663
56.9247,-122.0363,53.532,-116.094,D,2016,11,09,2016-11-09,325.2,84,39.5,277.1,0,2.3243675,2.695057,276.54092,276.5108,278.26984,277.18805,280.38,2.0,0.0,0.4566605,0.46069658,0.43514284,0.39614663
56.9206,-122.0159,53.532,-116.094,D,2016,11,09,2016-11-09,369.6,100,174.1,281.3,1,2.3243675,2.695057,276.54092,276.5108,278.26984,277.18805,280.38,2.0,0.0,0.4566605,0.46069658,0.43514284,0.39614663
53.8026,-123.3599,53.532,-116.094,D,2016,11,09,2016-11-09,302.9,51,12.8,279.7,0,2.3243675,2.695057,276.54092,276.5108,278.26984,277.18805,280.38,2.0,0.0,0.4566605,0.46069658,0.43514284,0.39614663
53.7595,-123.3465,53.532,-116.094,D,2016,11,09,2016-11-09,348.2,90,100.8,280.6,1,2.3243675,2.695057,276.54092,276.5108,278.26984,277.18805,280.38,2.0,0.0,0.4566605,0.46069658,0.43514284,0.39614663
53.7553,-123.3266,53.532,-116.094,D,2016,11,09,2016-11-09,357.6,99,136.3,279.9,1,2.3243675,2.695057,276.54092,276.5108,278.26984,277.18805,280.38,2.0,0.0,0.4566605,0.46069658,0.43514284,0.39614663
53.7562,-125.6117,53.532,-116.094,D,2016,11,09,2016-11-09,320.3,80,28.5,276.5,0,2.3243675,2.695057,276.54092,276.5108,278.26984,277.18805,280.38,2.0,0.0,0.4566605,0.46069658,0.43514284,0.39614663
54.16,-118.5808,53.532,-116.094,D,2016,11,09,2016-11-09,350.5,96,196.8,280.9,1,2.3243675,2.695057,276.54092,276.5108,278.26984,277.18805,280.38,2.0,0.0,0.4566605,0.46069658,0.43514284,0.39614663
54.1483,-118.5895,53.532,-116.094,D,2016,11,09,2016-11-09,316.4,77,52.9,279.2,0,2.3243675,2.695057,276.54092,276.5108,278.26984,277.18805,280.38,2.0,0.0,0.4566605,0.46069658,0.43514284,0.39614663
54.1367,-118.5988,53.532,-116.094,D,2016,11,09,2016-11-09,308.6,60,34.2,278.2,0,2.3243675,2.695057,276.54092,276.5108,278.26984,277.18805,280.38,2.0,0.0,0.4566605,0.46069658,0.43514284,0.39614663
53.7974,-123.3686,53.532,-116.094,D,2016,11,09,2016-11-09,318.0,0,30.8,279.7,0,2.3243675,2.695057,276.54092,276.5108,278.26984,277.18805,280.38,2.0,0.0,0.4566605,0.46069658,0.43514284,0.39614663
54.5876,-120.173,53.532,-116.094,D,2016,11,09,2016-11-09,309.0,68,28.0,277.3,0,2.3243675,2.695057,276.54092,276.5108,278.26984,277.18805,280.38,2.0,0.0,0.4566605,0.46069658,0.43514284,0.39614663
54.5762,-120.1787,53.532,-116.094,D,2016,11,09,2016-11-09,346.3,94,131.8,280.1,1,2.3243675,2.695057,276.54092,276.5108,278.26984,277.18805,280.38,2.0,0.0,0.4566605,0.46069658,0.43514284,0.39614663
54.5706,-120.1548,53.532,-116.094,D,2016,11,09,2016-11-09,343.1,93,119.4,280.1,1,2.3243675,2.695057,276.54092,276.5108,278.26984,277.18805,280.38,2.0,0.0,0.4566605,0.46069658,0.43514284,0.39614663
54.1666,-118.6027,53.532,-116.094,D,2016,11,09,2016-11-09,347.4,95,178.1,281.0,1,2.3243675,2.695057,276.54092,276.5108,278.26984,277.18805,280.38,2.0,0.0,0.4566605,0.46069658,0.43514284,0.39614663
54.1594,-118.574,53.532,-116.094,D,2016,11,09,2016-11-09,340.9,92,143.8,280.4,1,2.3243675,2.695057,276.54092,276.5108,278.26984,277.18805,280.38,2.0,0.0,0.4566605,0.46069658,0.43514284,0.39614663
54.5641,-120.1645,53.532,-116.094,D,2016,11,09,2016-11-09,330.4,87,75.5,278.8,0,2.3243675,2.695057,276.54092,276.5108,278.26984,277.18805,280.38,2.0,0.0,0.4566605,0.46069658,0.43514284,0.39614663
54.5588,-120.1414,53.532,-116.094,D,2016,11,09,2016-11-09,303.0,34,18.8,277.7,0,2.3243675,2.695057,276.54092,276.5108,278.26984,277.18805,280.38,2.0,0.0,0.4566605,0.46069658,0.43514284,0.39614663
54.167,-118.6091,53.532,-116.094,D,2016,11,09,2016-11-09,328.4,84,86.0,280.4,0,2.3243675,2.695057,276.54092,276.5108,278.26984,277.18805,280.38,2.0,0.0,0.4566605,0.46069658,0.43514284,0.39614663
54.149,-118.5921,53.532,-116.094,D,2016,11,09,2016-11-09,322.3,82,62.4,279.6,0,2.3243675,2.695057,276.54092,276.5108,278.26984,277.18805,280.38,2.0,0.0,0.4566605,0.46069658,0.43514284,0.39614663
54.1422,-118.6202,53.532,-116.094,D,2016,11,09,2016-11-09,323.6,82,65.9,279.8,0,2.3243675,2.695057,276.54092,276.5108,278.26984,277.18805,280.38,2.0,0.0,0.4566605,0.46069658,0.43514284,0.39614663
54.1601,-118.6013,53.532,-116.094,D,2016,11,09,2016-11-09,349.2,96,166.6,281.5,1,2.3243675,2.695057,276.54092,276.5108,278.26984,277.18805,280.38,2.0,0.0,0.4566605,0.46069658,0.43514284,0.39614663
53.7503,-123.3153,53.532,-116.094,D,2016,11,09,2016-11-09,313.4,69,85.2,279.0,0,2.3243675,2.695057,276.54092,276.5108,278.26984,277.18805,280.38,2.0,0.0,0.4566605,0.46069658,0.43514284,0.39614663
53.7378,-123.3584,53.532,-116.094,D,2016,11,09,2016-11-09,316.7,77,101.3,278.9,0,2.3243675,2.695057,276.54092,276.5108,278.26984,277.18805,280.38,2.0,0.0,0.4566605,0.46069658,0.43514284,0.39614663
53.7476,-123.32,53.532,-116.094,D,2016,11,09,2016-11-09,307.3,40,56.4,278.9,0,2.3243675,2.695057,276.54092,276.5108,278.26984,277.18805,280.38,2.0,0.0,0.4566605,0.46069658,0.43514284,0.39614663
53.761,-123.3328,53.532,-116.094,D,2016,11,09,2016-11-09,309.9,49,67.3,278.5,0,2.3243675,2.695057,276.54092,276.5108,278.26984,277.18805,280.38,2.0,0.0,0.4566605,0.46069658,0.43514284,0.39614663
53.7484,-123.3756,53.532,-116.094,D,2016,11,09,2016-11-09,304.9,38,49.1,278.5,0,2.3243675,2.695057,276.54092,276.5108,278.26984,277.18805,280.38,2.0,0.0,0.4566605,0.46069658,0.43514284,0.39614663
55.7019,-117.9097,53.532,-116.094,D,2016,11,09,2016-11-09,306.4,63,21.1,280.9,0,2.3243675,2.695057,276.54092,276.5108,278.26984,277.18805,280.38,2.0,0.0,0.4566605,0.46069658,0.43514284,0.39614663
56.2852,-118.5202,53.532,-116.094,D,2016,11,09,2016-11-09,303.4,56,19.3,278.3,0,2.3243675,2.695057,276.54092,276.5108,278.26984,277.18805,280.38,2.0,0.0,0.4566605,0.46069658,0.43514284,0.39614663
56.2795,-118.5455,53.532,-116.094,D,2016,11,09,2016-11-09,315.7,76,37.6,279.6,0,2.3243675,2.695057,276.54092,276.5108,278.26984,277.18805,280.38,2.0,0.0,0.4566605,0.46069658,0.43514284,0.39614663
56.2829,-118.5229,53.532,-116.094,D,2016,11,09,2016-11-09,309.2,62,24.7,278.6,0,2.3243675,2.695057,276.54092,276.5108,278.26984,277.18805,280.38,2.0,0.0,0.4566605,0.46069658,0.43514284,0.39614663
56.2771,-118.548,53.532,-116.094,D,2016,11,09,2016-11-09,309.6,63,25.1,279.2,0,2.3243675,2.695057,276.54092,276.5108,278.26984,277.18805,280.38,2.0,0.0,0.4566605,0.46069658,0.43514284,0.39614663
56.6468,-119.025,53.532,-116.094,D,2016,11,09,2016-11-09,305.2,61,23.0,277.1,0,2.3243675,2.695057,276.54092,276.5108,278.26984,277.18805,280.38,2.0,0.0,0.4566605,0.46069658,0.43514284,0.39614663
56.6409,-119.0505,53.532,-116.094,D,2016,11,09,2016-11-09,343.1,93,115.7,278.5,1,2.3243675,2.695057,276.54092,276.5108,278.26984,277.18805,280.38,2.0,0.0,0.4566605,0.46069658,0.43514284,0.39614663
56.0492,-122.5192,53.532,-116.094,D,2016,11,09,2016-11-09,307.7,66,46.1,276.2,0,2.3243675,2.695057,276.54092,276.5108,278.26984,277.18805,280.38,2.0,0.0,0.4566605,0.46069658,0.43514284,0.39614663
58.1686,-116.0714,53.532,-116.094,D,2016,11,09,2016-11-09,302.9,54,10.9,279.9,0,2.3243675,2.695057,276.54092,276.5108,278.26984,277.18805,280.38,2.0,0.0,0.4566605,0.46069658,0.43514284,0.39614663
56.6767,-121.9271,53.532,-116.094,D,2016,11,09,2016-11-09,340.0,92,150.3,278.9,1,2.3243675,2.695057,276.54092,276.5108,278.26984,277.18805,280.38,2.0,0.0,0.4566605,0.46069658,0.43514284,0.39614663
56.8066,-121.532,53.532,-116.094,D,2016,11,09,2016-11-09,361.7,100,278.7,280.3,1,2.3243675,2.695057,276.54092,276.5108,278.26984,277.18805,280.38,2.0,0.0,0.4566605,0.46069658,0.43514284,0.39614663
56.7986,-121.5633,53.532,-116.094,D,2016,11,09,2016-11-09,323.9,83,75.5,278.3,0,2.3243675,2.695057,276.54092,276.5108,278.26984,277.18805,280.38,2.0,0.0,0.4566605,0.46069658,0.43514284,0.39614663
58.1687,-116.0666,53.532,-116.094,D,2016,11,09,2016-11-09,303.1,55,11.1,279.9,0,2.3243675,2.695057,276.54092,276.5108,278.26984,277.18805,280.38,2.0,0.0,0.4566605,0.46069658,0.43514284,0.39614663
56.9103,-122.0188,53.532,-116.094,D,2016,11,09,2016-11-09,319.8,80,67.1,278.9,0,2.3243675,2.695057,276.54092,276.5108,278.26984,277.18805,280.38,2.0,0.0,0.4566605,0.46069658,0.43514284,0.39614663
56.922,-122.0291,53.532,-116.094,D,2016,11,09,2016-11-09,334.5,89,118.5,278.2,0,2.3243675,2.695057,276.54092,276.5108,278.26984,277.18805,280.38,2.0,0.0,0.4566605,0.46069658,0.43514284,0.39614663
56.9093,-122.0255,53.532,-116.094,D,2016,11,09,2016-11-09,320.7,80,66.0,278.9,0,2.3243675,2.695057,276.54092,276.5108,278.26984,277.18805,280.38,2.0,0.0,0.4566605,0.46069658,0.43514284,0.39614663
56.921,-122.0355,53.532,-116.094,D,2016,11,09,2016-11-09,328.6,85,90.1,278.1,0,2.3243675,2.695057,276.54092,276.5108,278.26984,277.18805,280.38,2.0,0.0,0.4566605,0.46069658,0.43514284,0.39614663
53.7569,-123.3244,53.532,-116.094,D,2016,11,09,2016-11-09,307.5,62,29.8,279.7,0,2.3243675,2.695057,276.54092,276.5108,278.26984,277.18805,280.38,2.0,0.0,0.4566605,0.46069658,0.43514284,0.39614663
53.7549,-123.354,53.532,-116.094,D,2016,11,09,2016-11-09,319.1,79,53.4,280.4,0,2.3243675,2.695057,276.54092,276.5108,278.26984,277.18805,280.38,2.0,0.0,0.4566605,0.46069658,0.43514284,0.39614663
53.7489,-123.3315,53.532,-116.094,D,2016,11,09,2016-11-09,316.2,76,46.6,279.7,0,2.3243675,2.695057,276.54092,276.5108,278.26984,277.18805,280.38,2.0,0.0,0.4566605,0.46069658,0.43514284,0.39614663
53.7471,-123.3611,53.532,-116.094,D,2016,11,09,2016-11-09,307.1,65,28.6,280.2,0,2.3243675,2.695057,276.54092,276.5108,278.26984,277.18805,280.38,2.0,0.0,0.4566605,0.46069658,0.43514284,0.39614663
53.7958,-123.3686,53.532,-116.094,D,2016,11,09,2016-11-09,301.8,37,20.9,281.4,0,2.3243675,2.695057,276.54092,276.5108,278.26984,277.18805,280.38,2.0,0.0,0.4566605,0.46069658,0.43514284,0.39614663
53.8003,-123.4865,53.532,-116.094,D,2016,11,09,2016-11-09,310.1,55,29.4,280.8,0,2.3243675,2.695057,276.54092,276.5108,278.26984,277.18805,280.38,2.0,0.0,0.4566605,0.46069658,0.43514284,0.39614663
53.7984,-123.5151,53.532,-116.094,D,2016,11,09,2016-11-09,307.4,41,24.5,281.4,0,2.3243675,2.695057,276.54092,276.5108,278.26984,277.18805,280.38,2.0,0.0,0.4566605,0.46069658,0.43514284,0.39614663
53.8124,-123.4889,53.532,-116.094,D,2016,11,09,2016-11-09,313.0,73,36.0,280.0,0,2.3243675,2.695057,276.54092,276.5108,278.26984,277.18805,280.38,2.0,0.0,0.4566605,0.46069658,0.43514284,0.39614663
53.8105,-123.5174,53.532,-116.094,D,2016,11,09,2016-11-09,314.4,75,38.5,281.0,0,2.3243675,2.695057,276.54092,276.5108,278.26984,277.18805,280.38,2.0,0.0,0.4566605,0.46069658,0.43514284,0.39614663
54.143,-118.6043,53.532,-116.094,D,2016,11,09,2016-11-09,320.6,80,120.4,280.3,0,2.3243675,2.695057,276.54092,276.5108,278.26984,277.18805,280.38,2.0,0.0,0.4566605,0.46069658,0.43514284,0.39614663
53.7536,-125.5965,53.532,-116.094,D,2016,11,09,2016-11-09,309.2,68,24.2,277.0,0,2.3243675,2.695057,276.54092,276.5108,278.26984,277.18805,280.38,2.0,0.0,0.4566605,0.46069658,0.43514284,0.39614663
53.7516,-125.6198,53.532,-116.094,D,2016,11,09,2016-11-09,347.2,95,112.8,279.4,1,2.3243675,2.695057,276.54092,276.5108,278.26984,277.18805,280.38,2.0,0.0,0.4566605,0.46069658,0.43514284,0.39614663
54.1585,-118.6044,53.532,-116.094,D,2016,11,09,2016-11-09,328.4,86,160.7,281.0,0,2.3243675,2.695057,276.54092,276.5108,278.26984,277.18805,280.38,2.0,0.0,0.4566605,0.46069658,0.43514284,0.39614663
54.1406,-118.6127,53.532,-116.094,D,2016,11,09,2016-11-09,315.4,76,92.1,280.0,0,2.3243675,2.695057,276.54092,276.5108,278.26984,277.18805,280.38,2.0,0.0,0.4566605,0.46069658,0.43514284,0.39614663
54.1571,-118.5615,53.532,-116.094,D,2016,11,09,2016-11-09,302.9,40,42.6,280.1,0,2.3243675,2.695057,276.54092,276.5108,278.26984,277.18805,280.38,2.0,0.0,0.4566605,0.46069658,0.43514284,0.39614663
54.156,-118.6123,53.532,-116.094,D,2016,11,09,2016-11-09,328.7,86,165.7,281.0,0,2.3243675,2.695057,276.54092,276.5108,278.26984,277.18805,280.38,2.0,0.0,0.4566605,0.46069658,0.43514284,0.39614663
54.5682,-120.1574,53.532,-116.094,D,2016,11,09,2016-11-09,328.4,57,123.2,279.5,0,2.3243675,2.695057,276.54092,276.5108,278.26984,277.18805,280.38,2.0,0.0,0.4566605,0.46069658,0.43514284,0.39614663
54.5665,-120.1999,53.532,-116.094,D,2016,11,09,2016-11-09,327.3,55,116.2,279.4,0,2.3243675,2.695057,276.54092,276.5108,278.26984,277.18805,280.38,2.0,0.0,0.4566605,0.46069658,0.43514284,0.39614663
54.5698,-120.1617,53.532,-116.094,D,2016,11,09,2016-11-09,333.1,88,155.3,279.7,0,2.3243675,2.695057,276.54092,276.5108,278.26984,277.18805,280.38,2.0,0.0,0.4566605,0.46069658,0.43514284,0.39614663
54.5683,-120.2043,53.532,-116.094,D,2016,11,09,2016-11-09,321.9,70,95.2,279.4,0,2.3243675,2.695057,276.54092,276.5108,278.26984,277.18805,280.38,2.0,0.0,0.4566605,0.46069658,0.43514284,0.39614663
54.5827,-120.2043,53.532,-116.094,D,2016,11,09,2016-11-09,314.8,69,68.0,278.7,0,2.3243675,2.695057,276.54092,276.5108,278.26984,277.18805,280.38,2.0,0.0,0.4566605,0.46069658,0.43514284,0.39614663
56.0569,-122.5094,53.532,-116.094,D,2016,11,09,2016-11-09,320.3,80,72.5,277.3,0,2.3243675,2.695057,276.54092,276.5108,278.26984,277.18805,280.38,2.0,0.0,0.4566605,0.46069658,0.43514284,0.39614663
56.0549,-122.5464,53.532,-116.094,D,2016,11,09,2016-11-09,323.6,82,83.0,277.4,0,2.3243675,2.695057,276.54092,276.5108,278.26984,277.18805,280.38,2.0,0.0,0.4566605,0.46069658,0.43514284,0.39614663
56.0536,-122.514,53.532,-116.094,D,2016,11,09,2016-11-09,325.1,84,88.9,277.0,0,2.3243675,2.695057,276.54092,276.5108,278.26984,277.18805,280.38,2.0,0.0,0.4566605,0.46069658,0.43514284,0.39614663
56.0518,-122.5502,53.532,-116.094,D,2016,11,09,2016-11-09,315.4,76,58.2,277.3,0,2.3243675,2.695057,276.54092,276.5108,278.26984,277.18805,280.38,2.0,0.0,0.4566605,0.46069658,0.43514284,0.39614663
56.6243,-118.9341,53.532,-116.094,D,2016,11,09,2016-11-09,303.1,42,45.4,278.0,0,2.3243675,2.695057,276.54092,276.5108,278.26984,277.18805,280.38,2.0,0.0,0.4566605,0.46069658,0.43514284,0.39614663
56.6396,-118.9355,53.532,-116.094,D,2016,11,09,2016-11-09,306.1,58,55.6,278.1,0,2.3243675,2.695057,276.54092,276.5108,278.26984,277.18805,280.38,2.0,0.0,0.4566605,0.46069658,0.43514284,0.39614663
56.6371,-119.0429,53.532,-116.094,D,2016,11,09,2016-11-09,333.4,88,196.2,278.5,0,2.3243675,2.695057,276.54092,276.5108,278.26984,277.18805,280.38,2.0,0.0,0.4566605,0.46069658,0.43514284,0.39614663
56.6358,-119.0962,53.532,-116.094,D,2016,11,09,2016-11-09,302.4,52,44.4,277.2,0,2.3243675,2.695057,276.54092,276.5108,278.26984,277.18805,280.38,2.0,0.0,0.4566605,0.46069658,0.43514284,0.39614663
56.637,-118.9444,53.532,-116.094,D,2016,11,09,2016-11-09,317.8,78,103.9,278.2,0,2.3243675,2.695057,276.54092,276.5108,278.26984,277.18805,280.38,2.0,0.0,0.4566605,0.46069658,0.43514284,0.39614663
56.6349,-119.0517,53.532,-116.094,D,2016,11,09,2016-11-09,320.1,80,113.7,278.2,0,2.3243675,2.695057,276.54092,276.5108,278.26984,277.18805,280.38,2.0,0.0,0.4566605,0.46069658,0.43514284,0.39614663
56.6502,-119.0534,53.532,-116.094,D,2016,11,09,2016-11-09,325.9,77,141.2,277.7,0,2.3243675,2.695057,276.54092,276.5108,278.26984,277.18805,280.38,2.0,0.0,0.4566605,0.46069658,0.43514284,0.39614663
56.6859,-121.9252,53.532,-116.094,D,2016,11,09,2016-11-09,337.1,90,153.6,279.2,1,2.3243675,2.695057,276.54092,276.5108,278.26984,277.18805,280.38,2.0,0.0,0.4566605,0.46069658,0.43514284,0.39614663
56.7949,-121.5037,53.532,-116.094,D,2016,11,09,2016-11-09,309.2,68,45.2,279.2,0,2.3243675,2.695057,276.54092,276.5108,278.26984,277.18805,280.38,2.0,0.0,0.4566605,0.46069658,0.43514284,0.39614663
56.7932,-121.5447,53.532,-116.094,D,2016,11,09,2016-11-09,328.2,86,112.8,279.4,0,2.3243675,2.695057,276.54092,276.5108,278.26984,277.18805,280.38,2.0,0.0,0.4566605,0.46069658,0.43514284,0.39614663
56.8087,-121.5051,53.532,-116.094,D,2016,11,09,2016-11-09,318.3,78,74.4,279.7,0,2.3243675,2.695057,276.54092,276.5108,278.26984,277.18805,280.38,2.0,0.0,0.4566605,0.46069658,0.43514284,0.39614663
56.8069,-121.5469,53.532,-116.094,D,2016,11,09,2016-11-09,364.5,100,389.1,282.1,1,2.3243675,2.695057,276.54092,276.5108,278.26984,277.18805,280.38,2.0,0.0,0.4566605,0.46069658,0.43514284,0.39614663
56.8001,-121.5088,53.532,-116.094,D,2016,11,09,2016-11-09,330.3,87,122.4,280.0,0,2.3243675,2.695057,276.54092,276.5108,278.26984,277.18805,280.38,2.0,0.0,0.4566605,0.46069658,0.43514284,0.39614663
56.7986,-121.5499,53.532,-116.094,D,2016,11,09,2016-11-09,346.8,95,222.4,281.6,1,2.3243675,2.695057,276.54092,276.5108,278.26984,277.18805,280.38,2.0,0.0,0.4566605,0.46069658,0.43514284,0.39614663
56.8139,-121.5101,53.532,-116.094,D,2016,11,09,2016-11-09,306.7,64,40.1,279.2,0,2.3243675,2.695057,276.54092,276.5108,278.26984,277.18805,280.38,2.0,0.0,0.4566605,0.46069658,0.43514284,0.39614663
56.8123,-121.5519,53.532,-116.094,D,2016,11,09,2016-11-09,328.2,85,113.7,279.7,0,2.3243675,2.695057,276.54092,276.5108,278.26984,277.18805,280.38,2.0,0.0,0.4566605,0.46069658,0.43514284,0.39614663
56.9241,-122.0229,53.532,-116.094,D,2016,11,09,2016-11-09,306.8,64,39.7,278.2,0,2.3243675,2.695057,276.54092,276.5108,278.26984,277.18805,280.38,2.0,0.0,0.4566605,0.46069658,0.43514284,0.39614663
54.6335,-120.1895,54.543,-119.386,N,2016,11,10,2016-11-10,308.9,76,16.9,271.5,0,0.8782443,2.377196,275.3929,272.09543,274.4081,275.7416,278.22784,2.0,0.0,0.3806424,0.37844166,0.35635582,0.3776332
54.5846,-120.1818,54.543,-119.386,N,2016,11,10,2016-11-10,309.0,76,17.2,271.6,0,0.8782443,2.377196,275.3929,272.09543,274.4081,275.7416,278.22784,2.0,0.0,0.3806424,0.37844166,0.35635582,0.3776332
56.4184,-120.6056,54.543,-119.386,N,2016,11,10,2016-11-10,318.2,96,24.3,273.5,1,0.8782443,2.377196,275.3929,272.09543,274.4081,275.7416,278.22784,2.0,0.0,0.3806424,0.37844166,0.35635582,0.3776332
56.0624,-122.5207,54.543,-119.386,N,2016,11,10,2016-11-10,316.4,93,28.1,270.9,1,0.8782443,2.377196,275.3929,272.09543,274.4081,275.7416,278.22784,2.0,0.0,0.3806424,0.37844166,0.35635582,0.3776332
56.8049,-121.5237,54.543,-119.386,N,2016,11,10,2016-11-10,303.7,40,12.0,272.5,0,0.8782443,2.377196,275.3929,272.09543,274.4081,275.7416,278.22784,2.0,0.0,0.3806424,0.37844166,0.35635582,0.3776332
56.8107,-121.5471,54.543,-119.386,N,2016,11,10,2016-11-10,302.2,47,11.3,271.3,0,0.8782443,2.377196,275.3929,272.09543,274.4081,275.7416,278.22784,2.0,0.0,0.3806424,0.37844166,0.35635582,0.3776332
56.1875,-119.3569,54.543,-119.386,N,2016,11,10,2016-11-10,304.1,58,12.0,271.9,0,0.8782443,2.377196,275.3929,272.09543,274.4081,275.7416,278.22784,2.0,0.0,0.3806424,0.37844166,0.35635582,0.3776332
54.543,-124.005,54.543,-119.386,N,2016,11,10,2016-11-10,307.0,70,26.5,272.8,0,0.8782443,2.377196,275.3929,272.09543,274.4081,275.7416,278.22784,2.0,0.0,0.3806424,0.37844166,0.35635582,0.3776332
54.5376,-123.981,54.543,-119.386,N,2016,11,10,2016-11-10,301.0,37,19.0,272.7,0,0.8782443,2.377196,275.3929,272.09543,274.4081,275.7416,278.22784,2.0,0.0,0.3806424,0.37844166,0.35635582,0.3776332
58.1123,-116.2283,52.439,-113.36,D,2016,11,10,2016-11-10,327.5,85,32.6,275.3,0,1.3213096,1.3982139,271.10443,273.67374,278.73016,279.29916,281.34015,2.0,0.0,0.34720248,0.3496678,0.32450092,0.31525162
58.1101,-116.2108,52.439,-113.36,D,2016,11,10,2016-11-10,306.8,64,12.5,275.0,0,1.3213096,1.3982139,271.10443,273.67374,278.73016,279.29916,281.34015,2.0,0.0,0.34720248,0.3496678,0.32450092,0.31525162
54.4807,-117.6923,52.439,-113.36,D,2016,11,10,2016-11-10,312.8,73,16.9,275.7,0,1.3213096,1.3982139,271.10443,273.67374,278.73016,279.29916,281.34015,2.0,0.0,0.34720248,0.3496678,0.32450092,0.31525162
54.4786,-117.6763,52.439,-113.36,D,2016,11,10,2016-11-10,325.4,84,29.4,277.8,0,1.3213096,1.3982139,271.10443,273.67374,278.73016,279.29916,281.34015,2.0,0.0,0.34720248,0.3496678,0.32450092,0.31525162
54.4565,-117.6515,52.439,-113.36,D,2016,11,10,2016-11-10,350.5,96,71.1,280.4,1,1.3213096,1.3982139,271.10443,273.67374,278.73016,279.29916,281.34015,2.0,0.0,0.34720248,0.3496678,0.32450092,0.31525162
54.4544,-117.6357,52.439,-113.36,D,2016,11,10,2016-11-10,349.0,96,68.1,280.2,1,1.3213096,1.3982139,271.10443,273.67374,278.73016,279.29916,281.34015,2.0,0.0,0.34720248,0.3496678,0.32450092,0.31525162
56.6385,-117.342,52.439,-113.36,D,2016,11,10,2016-11-10,315.3,76,20.2,274.6,0,1.3213096,1.3982139,271.10443,273.67374,278.73016,279.29916,281.34015,2.0,0.0,0.34720248,0.3496678,0.32450092,0.31525162
55.2601,-115.4447,52.439,-113.36,D,2016,11,10,2016-11-10,300.5,38,8.9,279.8,0,1.3213096,1.3982139,271.10443,273.67374,278.73016,279.29916,281.34015,2.0,0.0,0.34720248,0.3496678,0.32450092,0.31525162
54.4521,-117.6465,52.439,-113.36,D,2016,11,10,2016-11-10,369.2,0,122.2,268.2,0,1.3213096,1.3982139,271.10443,273.67374,278.73016,279.29916,281.34015,2.0,0.0,0.34720248,0.3496678,0.32450092,0.31525162
53.7462,-125.5919,52.439,-113.36,D,2016,11,10,2016-11-10,326.4,75,46.4,270.5,0,1.3213096,1.3982139,271.10443,273.67374,278.73016,279.29916,281.34015,2.0,0.0,0.34720248,0.3496678,0.32450092,0.31525162
58.1156,-116.2222,52.439,-113.36,D,2016,11,10,2016-11-10,334.3,89,50.4,277.2,0,1.3213096,1.3982139,271.10443,273.67374,278.73016,279.29916,281.34015,2.0,0.0,0.34720248,0.3496678,0.32450092,0.31525162
58.1135,-116.2423,52.439,-113.36,D,2016,11,10,2016-11-10,317.3,78,25.2,276.8,0,1.3213096,1.3982139,271.10443,273.67374,278.73016,279.29916,281.34015,2.0,0.0,0.34720248,0.3496678,0.32450092,0.31525162
51.2628,-122.9923,50.921,-122.52,N,2016,11,11,2016-11-11,341.2,100,55.5,270.3,1,0.2559452,1.4427961,276.3612,275.6135,275.76187,276.26578,277.79068,2.0,7.337392e-05,0.42343214,0.40762553,0.3949003,0.37695086
51.2647,-122.9771,50.921,-122.52,N,2016,11,11,2016-11-11,329.6,100,35.6,266.7,1,0.2559452,1.4427961,276.3612,275.6135,275.76187,276.26578,277.79068,2.0,7.337392e-05,0.42343214,0.40762553,0.3949003,0.37695086
55.9615,-122.5581,55.325,-118.068,D,2016,11,11,2016-11-11,318.8,79,23.7,270.3,0,1.4200611,1.7078667,275.2334,274.43134,275.48907,276.95178,280.8326,4.0,0.0,0.44578636,0.44672948,0.4278758,0.38289285
55.9586,-122.5415,55.325,-118.068,D,2016,11,11,2016-11-11,352.1,97,80.1,272.0,1,1.4200611,1.7078667,275.2334,274.43134,275.48907,276.95178,280.8326,4.0,0.0,0.44578636,0.44672948,0.4278758,0.38289285
55.433,-120.1922,55.325,-118.068,D,2016,11,11,2016-11-11,304.2,58,13.5,278.6,0,1.4200611,1.7078667,275.2334,274.43134,275.48907,276.95178,280.8326,4.0,0.0,0.44578636,0.44672948,0.4278758,0.38289285
55.9883,-122.4873,55.325,-118.068,D,2016,11,11,2016-11-11,321.3,81,26.2,271.0,0,1.4200611,1.7078667,275.2334,274.43134,275.48907,276.95178,280.8326,4.0,0.0,0.44578636,0.44672948,0.4278758,0.38289285
56.5443,-119.0189,55.325,-118.068,D,2016,11,11,2016-11-11,317.6,78,29.8,277.2,0,1.4200611,1.7078667,275.2334,274.43134,275.48907,276.95178,280.8326,4.0,0.0,0.44578636,0.44672948,0.4278758,0.38289285
56.9604,-121.2809,55.325,-118.068,D,2016,11,11,2016-11-11,378.6,100,176.8,282.0,1,1.4200611,1.7078667,275.2334,274.43134,275.48907,276.95178,280.8326,4.0,0.0,0.44578636,0.44672948,0.4278758,0.38289285
56.9573,-121.2635,55.325,-118.068,D,2016,11,11,2016-11-11,374.4,100,158.0,281.5,1,1.4200611,1.7078667,275.2334,274.43134,275.48907,276.95178,280.8326,4.0,0.0,0.44578636,0.44672948,0.4278758,0.38289285
56.9515,-121.2865,55.325,-118.068,D,2016,11,11,2016-11-11,392.3,100,249.2,283.2,1,1.4200611,1.7078667,275.2334,274.43134,275.48907,276.95178,280.8326,4.0,0.0,0.44578636,0.44672948,0.4278758,0.38289285
56.9483,-121.2691,55.325,-118.068,D,2016,11,11,2016-11-11,364.5,100,119.8,280.3,1,1.4200611,1.7078667,275.2334,274.43134,275.48907,276.95178,280.8326,4.0,0.0,0.44578636,0.44672948,0.4278758,0.38289285
56.9476,-121.2947,55.325,-118.068,D,2016,11,11,2016-11-11,338.5,91,52.7,277.6,1,1.4200611,1.7078667,275.2334,274.43134,275.48907,276.95178,280.8326,4.0,0.0,0.44578636,0.44672948,0.4278758,0.38289285
56.9445,-121.2774,55.325,-118.068,D,2016,11,11,2016-11-11,342.2,93,59.9,278.9,1,1.4200611,1.7078667,275.2334,274.43134,275.48907,276.95178,280.8326,4.0,0.0,0.44578636,0.44672948,0.4278758,0.38289285
56.5356,-121.6226,55.325,-118.068,D,2016,11,11,2016-11-11,362.2,100,112.1,279.2,1,1.4200611,1.7078667,275.2334,274.43134,275.48907,276.95178,280.8326,4.0,0.0,0.44578636,0.44672948,0.4278758,0.38289285
56.5324,-121.605,55.325,-118.068,D,2016,11,11,2016-11-11,320.5,80,26.2,276.2,0,1.4200611,1.7078667,275.2334,274.43134,275.48907,276.95178,280.8326,4.0,0.0,0.44578636,0.44672948,0.4278758,0.38289285
56.5318,-121.6318,55.325,-118.068,D,2016,11,11,2016-11-11,341.2,92,57.9,277.6,1,1.4200611,1.7078667,275.2334,274.43134,275.48907,276.95178,280.8326,4.0,0.0,0.44578636,0.44672948,0.4278758,0.38289285
56.5287,-121.6142,55.325,-118.068,D,2016,11,11,2016-11-11,338.9,91,53.6,277.2,1,1.4200611,1.7078667,275.2334,274.43134,275.48907,276.95178,280.8326,4.0,0.0,0.44578636,0.44672948,0.4278758,0.38289285
56.1792,-120.1884,55.325,-118.068,D,2016,11,11,2016-11-11,309.3,68,17.6,277.2,0,1.4200611,1.7078667,275.2334,274.43134,275.48907,276.95178,280.8326,4.0,0.0,0.44578636,0.44672948,0.4278758,0.38289285
55.9912,-122.5037,55.325,-118.068,D,2016,11,11,2016-11-11,359.5,99,99.7,273.6,1,1.4200611,1.7078667,275.2334,274.43134,275.48907,276.95178,280.8326,4.0,0.0,0.44578636,0.44672948,0.4278758,0.38289285
55.9795,-122.4926,55.325,-118.068,D,2016,11,11,2016-11-11,339.6,92,51.5,272.6,1,1.4200611,1.7078667,275.2334,274.43134,275.48907,276.95178,280.8326,4.0,0.0,0.44578636,0.44672948,0.4278758,0.38289285
55.9766,-122.4763,55.325,-118.068,D,2016,11,11,2016-11-11,331.4,87,38.2,272.3,0,1.4200611,1.7078667,275.2334,274.43134,275.48907,276.95178,280.8326,4.0,0.0,0.44578636,0.44672948,0.4278758,0.38289285
55.9735,-122.5122,55.325,-118.068,D,2016,11,11,2016-11-11,311.6,71,82.1,270.9,0,1.4200611,1.7078667,275.2334,274.43134,275.48907,276.95178,280.8326,4.0,0.0,0.44578636,0.44672948,0.4278758,0.38289285
55.9606,-122.5547,55.325,-118.068,D,2016,11,11,2016-11-11,314.5,75,94.9,269.6,0,1.4200611,1.7078667,275.2334,274.43134,275.48907,276.95178,280.8326,4.0,0.0,0.44578636,0.44672948,0.4278758,0.38289285
56.5285,-121.6073,55.325,-118.068,D,2016,11,11,2016-11-11,316.2,76,85.1,277.5,0,1.4200611,1.7078667,275.2334,274.43134,275.48907,276.95178,280.8326,4.0,0.0,0.44578636,0.44672948,0.4278758,0.38289285
56.5167,-121.6486,55.325,-118.068,D,2016,11,11,2016-11-11,309.8,69,62.7,278.2,0,1.4200611,1.7078667,275.2334,274.43134,275.48907,276.95178,280.8326,4.0,0.0,0.44578636,0.44672948,0.4278758,0.38289285
56.53,-121.6158,55.325,-118.068,D,2016,11,11,2016-11-11,321.0,81,105.8,277.8,0,1.4200611,1.7078667,275.2334,274.43134,275.48907,276.95178,280.8326,4.0,0.0,0.44578636,0.44672948,0.4278758,0.38289285
56.5179,-121.6572,55.325,-118.068,D,2016,11,11,2016-11-11,302.3,52,41.1,278.2,0,1.4200611,1.7078667,275.2334,274.43134,275.48907,276.95178,280.8326,4.0,0.0,0.44578636,0.44672948,0.4278758,0.38289285
56.9475,-121.2608,55.325,-118.068,D,2016,11,11,2016-11-11,343.5,93,222.9,279.9,1,1.4200611,1.7078667,275.2334,274.43134,275.48907,276.95178,280.8326,4.0,0.0,0.44578636,0.44672948,0.4278758,0.38289285
56.9367,-121.2996,55.325,-118.068,D,2016,11,11,2016-11-11,337.6,91,182.9,278.8,1,1.4200611,1.7078667,275.2334,274.43134,275.48907,276.95178,280.8326,4.0,0.0,0.44578636,0.44672948,0.4278758,0.38289285
56.951,-121.2683,55.325,-118.068,D,2016,11,11,2016-11-11,357.9,99,353.4,280.4,1,1.4200611,1.7078667,275.2334,274.43134,275.48907,276.95178,280.8326,4.0,0.0,0.44578636,0.44672948,0.4278758,0.38289285
56.94,-121.3069,55.325,-118.068,D,2016,11,11,2016-11-11,338.7,91,190.4,278.9,1,1.4200611,1.7078667,275.2334,274.43134,275.48907,276.95178,280.8326,4.0,0.0,0.44578636,0.44672948,0.4278758,0.38289285
55.4318,-120.1946,55.325,-118.068,D,2016,11,11,2016-11-11,301.4,47,22.9,278.2,0,1.4200611,1.7078667,275.2334,274.43134,275.48907,276.95178,280.8326,4.0,0.0,0.44578636,0.44672948,0.4278758,0.38289285
55.9528,-122.5417,55.325,-118.068,D,2016,11,11,2016-11-11,342.7,89,101.7,276.5,0,1.4200611,1.7078667,275.2334,274.43134,275.48907,276.95178,280.8326,4.0,0.0,0.44578636,0.44672948,0.4278758,0.38289285
56.2207,-118.3736,55.325,-118.068,D,2016,11,11,2016-11-11,301.6,48,31.0,278.2,0,1.4200611,1.7078667,275.2334,274.43134,275.48907,276.95178,280.8326,4.0,0.0,0.44578636,0.44672948,0.4278758,0.38289285
55.9683,-122.4898,55.325,-118.068,D,2016,11,11,2016-11-11,332.4,86,70.1,272.4,0,1.4200611,1.7078667,275.2334,274.43134,275.48907,276.95178,280.8326,4.0,0.0,0.44578636,0.44672948,0.4278758,0.38289285
55.9642,-122.5423,55.325,-118.068,D,2016,11,11,2016-11-11,330.2,66,62.5,275.9,0,1.4200611,1.7078667,275.2334,274.43134,275.48907,276.95178,280.8326,4.0,0.0,0.44578636,0.44672948,0.4278758,0.38289285
55.9797,-122.491,55.325,-118.068,D,2016,11,11,2016-11-11,330.7,87,66.3,277.3,0,1.4200611,1.7078667,275.2334,274.43134,275.48907,276.95178,280.8326,4.0,0.0,0.44578636,0.44672948,0.4278758,0.38289285
55.9621,-122.5476,55.325,-118.068,D,2016,11,11,2016-11-11,348.2,82,120.9,277.4,0,1.4200611,1.7078667,275.2334,274.43134,275.48907,276.95178,280.8326,4.0,0.0,0.44578636,0.44672948,0.4278758,0.38289285
55.9774,-122.4957,55.325,-118.068,D,2016,11,11,2016-11-11,351.8,97,142.1,277.6,1,1.4200611,1.7078667,275.2334,274.43134,275.48907,276.95178,280.8326,4.0,0.0,0.44578636,0.44672948,0.4278758,0.38289285
56.2263,-118.3784,55.325,-118.068,D,2016,11,11,2016-11-11,302.9,54,34.3,278.3,0,1.4200611,1.7078667,275.2334,274.43134,275.48907,276.95178,280.8326,4.0,0.0,0.44578636,0.44672948,0.4278758,0.38289285
55.9887,-122.4972,55.325,-118.068,D,2016,11,11,2016-11-11,345.3,94,114.5,278.3,1,1.4200611,1.7078667,275.2334,274.43134,275.48907,276.95178,280.8326,4.0,0.0,0.44578636,0.44672948,0.4278758,0.38289285
55.9867,-122.5238,55.325,-118.068,D,2016,11,11,2016-11-11,332.0,82,69.6,277.7,0,1.4200611,1.7078667,275.2334,274.43134,275.48907,276.95178,280.8326,4.0,0.0,0.44578636,0.44672948,0.4278758,0.38289285
56.528,-121.612,55.325,-118.068,D,2016,11,11,2016-11-11,311.0,71,33.8,277.7,0,1.4200611,1.7078667,275.2334,274.43134,275.48907,276.95178,280.8326,4.0,0.0,0.44578636,0.44672948,0.4278758,0.38289285
56.526,-121.6421,55.325,-118.068,D,2016,11,11,2016-11-11,309.8,69,31.6,278.0,0,1.4200611,1.7078667,275.2334,274.43134,275.48907,276.95178,280.8326,4.0,0.0,0.44578636,0.44672948,0.4278758,0.38289285
56.9481,-121.2667,55.325,-118.068,D,2016,11,11,2016-11-11,365.1,100,262.2,281.6,1,1.4200611,1.7078667,275.2334,274.43134,275.48907,276.95178,280.8326,4.0,0.0,0.44578636,0.44672948,0.4278758,0.38289285
56.9461,-121.2977,55.325,-118.068,D,2016,11,11,2016-11-11,394.1,100,562.4,286.3,1,1.4200611,1.7078667,275.2334,274.43134,275.48907,276.95178,280.8326,4.0,0.0,0.44578636,0.44672948,0.4278758,0.38289285
56.9602,-121.2686,55.325,-118.068,D,2016,11,11,2016-11-11,307.3,65,28.3,278.3,0,1.4200611,1.7078667,275.2334,274.43134,275.48907,276.95178,280.8326,4.0,0.0,0.44578636,0.44672948,0.4278758,0.38289285
56.9581,-121.3,55.325,-118.068,D,2016,11,11,2016-11-11,308.7,68,30.6,278.5,0,1.4200611,1.7078667,275.2334,274.43134,275.48907,276.95178,280.8326,4.0,0.0,0.44578636,0.44672948,0.4278758,0.38289285
56.9513,-121.2722,55.325,-118.068,D,2016,11,11,2016-11-11,367.9,100,286.9,283.0,1,1.4200611,1.7078667,275.2334,274.43134,275.48907,276.95178,280.8326,4.0,0.0,0.44578636,0.44672948,0.4278758,0.38289285
56.9495,-121.3034,55.325,-118.068,D,2016,11,11,2016-11-11,364.8,100,261.1,284.3,1,1.4200611,1.7078667,275.2334,274.43134,275.48907,276.95178,280.8326,4.0,0.0,0.44578636,0.44672948,0.4278758,0.38289285
57.9348,-117.0668,53.381,-115.736,D,2016,11,12,2016-11-12,334.9,89,59.1,273.4,0,1.553377,0.842133,277.39694,277.15155,277.51578,277.705,280.61008,2.0,0.0,0.56796664,0.56950283,0.5407153,0.502921
57.9281,-117.0752,53.381,-115.736,D,2016,11,12,2016-11-12,360.5,100,136.0,273.8,1,1.553377,0.842133,277.39694,277.15155,277.51578,277.705,280.61008,2.0,0.0,0.56796664,0.56950283,0.5407153,0.502921
58.2028,-115.6716,53.381,-115.736,D,2016,11,12,2016-11-12,301.1,44,11.7,272.5,0,1.553377,0.842133,277.39694,277.15155,277.51578,277.705,280.61008,2.0,0.0,0.56796664,0.56950283,0.5407153,0.502921
57.9369,-117.0892,53.381,-115.736,D,2016,11,12,2016-11-12,313.2,43,22.9,270.9,0,1.553377,0.842133,277.39694,277.15155,277.51578,277.705,280.61008,2.0,0.0,0.56796664,0.56950283,0.5407153,0.502921
57.9345,-117.0775,53.381,-115.736,D,2016,11,12,2016-11-12,328.1,49,197.0,269.2,0,1.553377,0.842133,277.39694,277.15155,277.51578,277.705,280.61008,2.0,0.0,0.56796664,0.56950283,0.5407153,0.502921
57.9262,-117.0915,53.381,-115.736,D,2016,11,12,2016-11-12,322.6,0,158.0,269.1,0,1.553377,0.842133,277.39694,277.15155,277.51578,277.705,280.61008,2.0,0.0,0.56796664,0.56950283,0.5407153,0.502921
57.9344,-117.0786,53.381,-115.736,D,2016,11,12,2016-11-12,320.6,76,23.4,268.3,0,1.553377,0.842133,277.39694,277.15155,277.51578,277.705,280.61008,2.0,0.0,0.56796664,0.56950283,0.5407153,0.502921
57.9233,-117.0908,53.381,-115.736,D,2016,11,12,2016-11-12,334.2,66,36.3,267.6,0,1.553377,0.842133,277.39694,277.15155,277.51578,277.705,280.61008,2.0,0.0,0.56796664,0.56950283,0.5407153,0.502921
57.9256,-117.0742,53.381,-115.736,D,2016,11,12,2016-11-12,368.6,100,115.9,270.9,1,1.553377,0.842133,277.39694,277.15155,277.51578,277.705,280.61008,2.0,0.0,0.56796664,0.56950283,0.5407153,0.502921
52.3355,-124.8358,52.423,-120.472,N,2016,11,13,2016-11-13,302.8,52,10.2,271.8,0,-1.5730289,1.257821,274.84625,275.15482,275.06897,275.7404,277.35547,1.0,0.0009177103,0.34414715,0.3568481,0.3433926,0.33564213
52.3331,-124.8506,52.423,-120.472,N,2016,11,13,2016-11-13,309.7,78,15.4,272.2,0,-1.5730289,1.257821,274.84625,275.15482,275.06897,275.7404,277.35547,1.0,0.0009177103,0.34414715,0.3568481,0.3433926,0.33564213
52.3307,-124.8655,52.423,-120.472,N,2016,11,13,2016-11-13,305.3,64,12.0,272.0,0,-1.5730289,1.257821,274.84625,275.15482,275.06897,275.7404,277.35547,1.0,0.0009177103,0.34414715,0.3568481,0.3433926,0.33564213
52.6972,-124.1488,52.423,-120.472,N,2016,11,13,2016-11-13,307.8,73,13.2,272.7,0,-1.5730289,1.257821,274.84625,275.15482,275.06897,275.7404,277.35547,1.0,0.0009177103,0.34414715,0.3568481,0.3433926,0.33564213
52.7191,-124.1889,52.423,-120.472,N,2016,11,13,2016-11-13,334.8,100,41.0,274.5,1,-1.5730289,1.257821,274.84625,275.15482,275.06897,275.7404,277.35547,1.0,0.0009177103,0.34414715,0.3568481,0.3433926,0.33564213
55.9864,-122.4835,52.423,-120.472,N,2016,11,13,2016-11-13,304.5,60,20.1,273.6,0,-1.5730289,1.257821,274.84625,275.15482,275.06897,275.7404,277.35547,1.0,0.0009177103,0.34414715,0.3568481,0.3433926,0.33564213
55.3376,-117.1877,51.698,-113.648,D,2016,11,13,2016-11-13,318.5,78,26.8,279.4,0,2.401278,0.37219113,276.0494,276.99777,278.7509,279.78903,281.58615,2.0,0.0,0.26861325,0.25566784,0.2515436,0.26460212
55.3338,-117.1688,51.698,-113.648,D,2016,11,13,2016-11-13,307.4,51,14.6,279.0,0,2.401278,0.37219113,276.0494,276.99777,278.7509,279.78903,281.58615,2.0,0.0,0.26861325,0.25566784,0.2515436,0.26460212
55.339,-117.1925,51.698,-113.648,D,2016,11,13,2016-11-13,305.4,37,12.7,279.1,0,2.401278,0.37219113,276.0494,276.99777,278.7509,279.78903,281.58615,2.0,0.0,0.26861325,0.25566784,0.2515436,0.26460212
55.3352,-117.1736,51.698,-113.648,D,2016,11,13,2016-11-13,317.1,77,25.2,279.2,0,2.401278,0.37219113,276.0494,276.99777,278.7509,279.78903,281.58615,2.0,0.0,0.26861325,0.25566784,0.2515436,0.26460212
52.6998,-124.1526,51.698,-113.648,D,2016,11,13,2016-11-13,362.8,100,100.8,277.8,1,2.401278,0.37219113,276.0494,276.99777,278.7509,279.78903,281.58615,2.0,0.0,0.26861325,0.25566784,0.2515436,0.26460212
52.6909,-124.1493,51.698,-113.648,D,2016,11,13,2016-11-13,336.9,90,43.2,276.0,1,2.401278,0.37219113,276.0494,276.99777,278.7509,279.78903,281.58615,2.0,0.0,0.26861325,0.25566784,0.2515436,0.26460212
52.7088,-124.1558,51.698,-113.648,D,2016,11,13,2016-11-13,375.3,100,143.5,280.0,1,2.401278,0.37219113,276.0494,276.99777,278.7509,279.78903,281.58615,2.0,0.0,0.26861325,0.25566784,0.2515436,0.26460212
52.7069,-124.1711,51.698,-113.648,D,2016,11,13,2016-11-13,381.8,100,171.4,281.4,1,2.401278,0.37219113,276.0494,276.99777,278.7509,279.78903,281.58615,2.0,0.0,0.26861325,0.25566784,0.2515436,0.26460212
52.705,-124.1863,51.698,-113.648,D,2016,11,13,2016-11-13,327.9,58,29.6,276.3,0,2.401278,0.37219113,276.0494,276.99777,278.7509,279.78903,281.58615,2.0,0.0,0.26861325,0.25566784,0.2515436,0.26460212
56.9832,-121.3114,53.551,-119.125,D,2016,11,14,2016-11-14,312.8,56,61.7,275.5,0,1.1247971,1.7079135,268.81042,273.10294,273.1999,273.7729,275.2133,1.0,0.00020743308,0.22186583,0.23175077,0.23051274,0.26324832
56.9765,-121.2779,53.551,-119.125,D,2016,11,14,2016-11-14,303.1,55,38.3,275.2,0,1.1247971,1.7079135,268.81042,273.10294,273.1999,273.7729,275.2133,1.0,0.00020743308,0.22186583,0.23175077,0.23051274,0.26324832
53.8062,-124.2411,53.551,-119.125,D,2016,11,14,2016-11-14,321.0,81,130.6,272.8,0,1.1247971,1.7079135,268.81042,273.10294,273.1999,273.7729,275.2133,1.0,0.00020743308,0.22186583,0.23175077,0.23051274,0.26324832
53.7906,-124.2411,53.551,-119.125,D,2016,11,14,2016-11-14,313.9,69,91.8,272.3,0,1.1247971,1.7079135,268.81042,273.10294,273.1999,273.7729,275.2133,1.0,0.00020743308,0.22186583,0.23175077,0.23051274,0.26324832
53.7951,-124.2472,53.551,-119.125,D,2016,11,14,2016-11-14,331.6,87,204.9,273.0,0,1.1247971,1.7079135,268.81042,273.10294,273.1999,273.7729,275.2133,1.0,0.00020743308,0.22186583,0.23175077,0.23051274,0.26324832
56.9835,-121.2925,53.551,-119.125,D,2016,11,14,2016-11-14,345.5,94,163.3,277.4,1,1.1247971,1.7079135,268.81042,273.10294,273.1999,273.7729,275.2133,1.0,0.00020743308,0.22186583,0.23175077,0.23051274,0.26324832
56.82,-120.9867,53.551,-119.125,D,2016,11,14,2016-11-14,309.5,69,41.1,275.4,0,1.1247971,1.7079135,268.81042,273.10294,273.1999,273.7729,275.2133,1.0,0.00020743308,0.22186583,0.23175077,0.23051274,0.26324832
56.8118,-120.9548,53.551,-119.125,D,2016,11,14,2016-11-14,311.6,72,45.8,275.8,0,1.1247971,1.7079135,268.81042,273.10294,273.1999,273.7729,275.2133,1.0,0.00020743308,0.22186583,0.23175077,0.23051274,0.26324832
56.9913,-121.3233,53.551,-119.125,D,2016,11,14,2016-11-14,313.1,73,46.6,275.4,0,1.1247971,1.7079135,268.81042,273.10294,273.1999,273.7729,275.2133,1.0,0.00020743308,0.22186583,0.23175077,0.23051274,0.26324832
53.7951,-124.2591,53.551,-119.125,D,2016,11,14,2016-11-14,315.7,50,46.6,273.5,0,1.1247971,1.7079135,268.81042,273.10294,273.1999,273.7729,275.2133,1.0,0.00020743308,0.22186583,0.23175077,0.23051274,0.26324832
54.1035,-123.7488,53.551,-119.125,D,2016,11,14,2016-11-14,300.0,15,21.1,273.0,0,1.1247971,1.7079135,268.81042,273.10294,273.1999,273.7729,275.2133,1.0,0.00020743308,0.22186583,0.23175077,0.23051274,0.26324832
54.0965,-123.7198,53.551,-119.125,D,2016,11,14,2016-11-14,304.9,54,28.7,273.9,0,1.1247971,1.7079135,268.81042,273.10294,273.1999,273.7729,275.2133,1.0,0.00020743308,0.22186583,0.23175077,0.23051274,0.26324832
53.7885,-124.2318,53.551,-119.125,D,2016,11,14,2016-11-14,323.0,82,66.6,273.9,0,1.1247971,1.7079135,268.81042,273.10294,273.1999,273.7729,275.2133,1.0,0.00020743308,0.22186583,0.23175077,0.23051274,0.26324832
54.5833,-120.1365,53.551,-119.125,D,2016,11,14,2016-11-14,331.3,87,60.2,273.6,0,1.1247971,1.7079135,268.81042,273.10294,273.1999,273.7729,275.2133,1.0,0.00020743308,0.22186583,0.23175077,0.23051274,0.26324832
53.7708,-124.227,53.551,-119.125,D,2016,11,14,2016-11-14,315.6,72,56.7,273.4,0,1.1247971,1.7079135,268.81042,273.10294,273.1999,273.7729,275.2133,1.0,0.00020743308,0.22186583,0.23175077,0.23051274,0.26324832
53.7826,-124.2366,53.551,-119.125,D,2016,11,14,2016-11-14,324.6,68,82.0,273.2,0,1.1247971,1.7079135,268.81042,273.10294,273.1999,273.7729,275.2133,1.0,0.00020743308,0.22186583,0.23175077,0.23051274,0.26324832
53.7687,-124.2292,53.551,-119.125,D,2016,11,14,2016-11-14,303.5,40,29.9,273.0,0,1.1247971,1.7079135,268.81042,273.10294,273.1999,273.7729,275.2133,1.0,0.00020743308,0.22186583,0.23175077,0.23051274,0.26324832
53.7804,-124.2388,53.551,-119.125,D,2016,11,14,2016-11-14,333.1,88,118.5,273.6,0,1.1247971,1.7079135,268.81042,273.10294,273.1999,273.7729,275.2133,1.0,0.00020743308,0.22186583,0.23175077,0.23051274,0.26324832
53.7923,-124.248,53.551,-119.125,D,2016,11,14,2016-11-14,319.9,80,71.3,274.0,0,1.1247971,1.7079135,268.81042,273.10294,273.1999,273.7729,275.2133,1.0,0.00020743308,0.22186583,0.23175077,0.23051274,0.26324832
54.1019,-123.7364,53.551,-119.125,D,2016,11,14,2016-11-14,304.0,38,27.2,274.0,0,1.1247971,1.7079135,268.81042,273.10294,273.1999,273.7729,275.2133,1.0,0.00020743308,0.22186583,0.23175077,0.23051274,0.26324832
54.0907,-123.7326,53.551,-119.125,D,2016,11,14,2016-11-14,301.2,43,24.1,274.3,0,1.1247971,1.7079135,268.81042,273.10294,273.1999,273.7729,275.2133,1.0,0.00020743308,0.22186583,0.23175077,0.23051274,0.26324832
56.4918,-121.4172,53.551,-119.125,D,2016,11,14,2016-11-14,313.3,74,27.5,276.0,0,1.1247971,1.7079135,268.81042,273.10294,273.1999,273.7729,275.2133,1.0,0.00020743308,0.22186583,0.23175077,0.23051274,0.26324832
56.8108,-120.9756,53.551,-119.125,D,2016,11,14,2016-11-14,341.0,92,76.6,277.2,1,1.1247971,1.7079135,268.81042,273.10294,273.1999,273.7729,275.2133,1.0,0.00020743308,0.22186583,0.23175077,0.23051274,0.26324832
56.983,-121.2967,53.551,-119.125,D,2016,11,14,2016-11-14,358.8,99,135.5,278.4,1,1.1247971,1.7079135,268.81042,273.10294,273.1999,273.7729,275.2133,1.0,0.00020743308,0.22186583,0.23175077,0.23051274,0.26324832
56.9787,-121.3177,53.551,-119.125,D,2016,11,14,2016-11-14,343.0,93,81.7,277.5,1,1.1247971,1.7079135,268.81042,273.10294,273.1999,273.7729,275.2133,1.0,0.00020743308,0.22186583,0.23175077,0.23051274,0.26324832
56.9785,-121.2985,53.551,-119.125,D,2016,11,14,2016-11-14,343.9,93,85.0,278.3,1,1.1247971,1.7079135,268.81042,273.10294,273.1999,273.7729,275.2133,1.0,0.00020743308,0.22186583,0.23175077,0.23051274,0.26324832
56.9741,-121.3195,53.551,-119.125,D,2016,11,14,2016-11-14,305.5,61,16.1,276.2,0,1.1247971,1.7079135,268.81042,273.10294,273.1999,273.7729,275.2133,1.0,0.00020743308,0.22186583,0.23175077,0.23051274,0.26324832
56.9883,-121.3052,53.551,-119.125,D,2016,11,14,2016-11-14,333.4,88,59.0,276.2,0,1.1247971,1.7079135,268.81042,273.10294,273.1999,273.7729,275.2133,1.0,0.00020743308,0.22186583,0.23175077,0.23051274,0.26324832
56.9839,-121.3261,53.551,-119.125,D,2016,11,14,2016-11-14,311.1,71,22.6,275.6,0,1.1247971,1.7079135,268.81042,273.10294,273.1999,273.7729,275.2133,1.0,0.00020743308,0.22186583,0.23175077,0.23051274,0.26324832
53.9008,-123.343,53.551,-119.125,D,2016,11,14,2016-11-14,303.1,55,50.4,275.2,0,1.1247971,1.7079135,268.81042,273.10294,273.1999,273.7729,275.2133,1.0,0.00020743308,0.22186583,0.23175077,0.23051274,0.26324832
53.8989,-123.352,53.551,-119.125,D,2016,11,14,2016-11-14,304.4,59,57.8,275.2,0,1.1247971,1.7079135,268.81042,273.10294,273.1999,273.7729,275.2133,1.0,0.00020743308,0.22186583,0.23175077,0.23051274,0.26324832
54.096,-123.7614,53.551,-119.125,D,2016,11,14,2016-11-14,302.6,50,47.6,275.6,0,1.1247971,1.7079135,268.81042,273.10294,273.1999,273.7729,275.2133,1.0,0.00020743308,0.22186583,0.23175077,0.23051274,0.26324832
54.5731,-120.139,53.551,-119.125,D,2016,11,14,2016-11-14,323.3,64,214.0,274.6,0,1.1247971,1.7079135,268.81042,273.10294,273.1999,273.7729,275.2133,1.0,0.00020743308,0.22186583,0.23175077,0.23051274,0.26324832
54.5715,-120.1428,53.551,-119.125,D,2016,11,14,2016-11-14,313.9,59,144.7,274.3,0,1.1247971,1.7079135,268.81042,273.10294,273.1999,273.7729,275.2133,1.0,0.00020743308,0.22186583,0.23175077,0.23051274,0.26324832
54.5892,-120.1424,53.551,-119.125,D,2016,11,14,2016-11-14,316.3,66,164.7,273.8,0,1.1247971,1.7079135,268.81042,273.10294,273.1999,273.7729,275.2133,1.0,0.00020743308,0.22186583,0.23175077,0.23051274,0.26324832
54.5905,-120.1513,53.551,-119.125,D,2016,11,14,2016-11-14,315.5,40,148.2,273.8,0,1.1247971,1.7079135,268.81042,273.10294,273.1999,273.7729,275.2133,1.0,0.00020743308,0.22186583,0.23175077,0.23051274,0.26324832
56.0537,-122.4457,53.551,-119.125,D,2016,11,14,2016-11-14,312.9,56,106.7,272.5,0,1.1247971,1.7079135,268.81042,273.10294,273.1999,273.7729,275.2133,1.0,0.00020743308,0.22186583,0.23175077,0.23051274,0.26324832
56.0638,-122.3902,53.551,-119.125,D,2016,11,14,2016-11-14,336.4,58,276.6,275.4,0,1.1247971,1.7079135,268.81042,273.10294,273.1999,273.7729,275.2133,1.0,0.00020743308,0.22186583,0.23175077,0.23051274,0.26324832
56.063,-122.4513,53.551,-119.125,D,2016,11,14,2016-11-14,344.1,87,358.6,275.4,0,1.1247971,1.7079135,268.81042,273.10294,273.1999,273.7729,275.2133,1.0,0.00020743308,0.22186583,0.23175077,0.23051274,0.26324832
56.9757,-121.3276,53.551,-119.125,D,2016,11,14,2016-11-14,313.8,46,117.9,276.7,0,1.1247971,1.7079135,268.81042,273.10294,273.1999,273.7729,275.2133,1.0,0.00020743308,0.22186583,0.23175077,0.23051274,0.26324832
56.0634,-122.4118,54.136,-121.797,N,2016,11,15,2016-11-15,306.8,33,11.6,270.2,0,0.10069649,-0.81135917,273.64426,270.97464,274.1349,277.08038,279.21844,1.9999847,1.0940894e-06,0.417152,0.4262855,0.43640274,0.42771876
56.0722,-122.4162,54.136,-121.797,N,2016,11,15,2016-11-15,321.5,95,23.4,271.2,1,0.10069649,-0.81135917,273.64426,270.97464,274.1349,277.08038,279.21844,1.9999847,1.0940894e-06,0.417152,0.4262855,0.43640274,0.42771876
56.0809,-122.4206,54.136,-121.797,N,2016,11,15,2016-11-15,308.9,53,13.1,271.7,0,0.10069649,-0.81135917,273.64426,270.97464,274.1349,277.08038,279.21844,1.9999847,1.0940894e-06,0.417152,0.4262855,0.43640274,0.42771876
54.5297,-124.0091,54.136,-121.797,N,2016,11,15,2016-11-15,303.4,55,37.6,269.9,0,0.10069649,-0.81135917,273.64426,270.97464,274.1349,277.08038,279.21844,1.9999847,1.0940894e-06,0.417152,0.4262855,0.43640274,0.42771876
54.5218,-124.0187,54.136,-121.797,N,2016,11,15,2016-11-15,312.1,84,58.3,270.4,0,0.10069649,-0.81135917,273.64426,270.97464,274.1349,277.08038,279.21844,1.9999847,1.0940894e-06,0.417152,0.4262855,0.43640274,0.42771876
54.5237,-124.0547,54.136,-121.797,N,2016,11,15,2016-11-15,316.2,93,70.0,270.1,1,0.10069649,-0.81135917,273.64426,270.97464,274.1349,277.08038,279.21844,1.9999847,1.0940894e-06,0.417152,0.4262855,0.43640274,0.42771876
54.5314,-124.0452,54.136,-121.797,N,2016,11,15,2016-11-15,319.8,99,80.7,270.3,1,0.10069649,-0.81135917,273.64426,270.97464,274.1349,277.08038,279.21844,1.9999847,1.0940894e-06,0.417152,0.4262855,0.43640274,0.42771876
54.5252,-124.036,54.136,-121.797,N,2016,11,15,2016-11-15,314.9,90,77.4,270.0,1,0.10069649,-0.81135917,273.64426,270.97464,274.1349,277.08038,279.21844,1.9999847,1.0940894e-06,0.417152,0.4262855,0.43640274,0.42771876
54.5213,-124.0469,54.136,-121.797,N,2016,11,15,2016-11-15,309.0,76,57.9,269.5,0,0.10069649,-0.81135917,273.64426,270.97464,274.1349,277.08038,279.21844,1.9999847,1.0940894e-06,0.417152,0.4262855,0.43640274,0.42771876
56.632,-118.954,54.287,-113.725,D,2016,11,15,2016-11-15,301.2,45,9.7,271.2,0,3.3065467,0.9982871,270.81454,272.19986,275.97058,277.8038,280.5514,4.0,0.0,0.39479703,0.38662827,0.36290395,0.33339357
57.6245,-117.2242,54.287,-113.725,D,2016,11,15,2016-11-15,339.9,92,49.1,275.6,1,3.3065467,0.9982871,270.81454,272.19986,275.97058,277.8038,280.5514,4.0,0.0,0.39479703,0.38662827,0.36290395,0.33339357
58.1971,-115.7507,54.287,-113.725,D,2016,11,15,2016-11-15,303.5,56,11.0,273.6,0,3.3065467,0.9982871,270.81454,272.19986,275.97058,277.8038,280.5514,4.0,0.0,0.39479703,0.38662827,0.36290395,0.33339357
58.2059,-115.7454,54.287,-113.725,D,2016,11,15,2016-11-15,330.3,87,35.7,275.2,0,3.3065467,0.9982871,270.81454,272.19986,275.97058,277.8038,280.5514,4.0,0.0,0.39479703,0.38662827,0.36290395,0.33339357
58.2087,-115.7624,54.287,-113.725,D,2016,11,15,2016-11-15,337.8,91,47.1,275.5,1,3.3065467,0.9982871,270.81454,272.19986,275.97058,277.8038,280.5514,4.0,0.0,0.39479703,0.38662827,0.36290395,0.33339357
58.4796,-116.3679,54.287,-113.725,D,2016,11,15,2016-11-15,303.7,57,11.0,272.4,0,3.3065467,0.9982871,270.81454,272.19986,275.97058,277.8038,280.5514,4.0,0.0,0.39479703,0.38662827,0.36290395,0.33339357
58.4824,-116.3847,54.287,-113.725,D,2016,11,15,2016-11-15,306.5,64,12.8,272.9,0,3.3065467,0.9982871,270.81454,272.19986,275.97058,277.8038,280.5514,4.0,0.0,0.39479703,0.38662827,0.36290395,0.33339357
56.6485,-119.0649,54.287,-113.725,D,2016,11,15,2016-11-15,339.6,92,48.1,273.6,1,3.3065467,0.9982871,270.81454,272.19986,275.97058,277.8038,280.5514,4.0,0.0,0.39479703,0.38662827,0.36290395,0.33339357
56.0703,-122.411,54.287,-113.725,D,2016,11,15,2016-11-15,350.0,96,74.4,274.0,1,3.3065467,0.9982871,270.81454,272.19986,275.97058,277.8038,280.5514,4.0,0.0,0.39479703,0.38662827,0.36290395,0.33339357
56.0611,-122.414,54.287,-113.725,D,2016,11,15,2016-11-15,376.1,100,159.8,275.4,1,3.3065467,0.9982871,270.81454,272.19986,275.97058,277.8038,280.5514,4.0,0.0,0.39479703,0.38662827,0.36290395,0.33339357
56.0591,-122.3975,54.287,-113.725,D,2016,11,15,2016-11-15,302.1,50,10.4,271.9,0,3.3065467,0.9982871,270.81454,272.19986,275.97058,277.8038,280.5514,4.0,0.0,0.39479703,0.38662827,0.36290395,0.33339357
55.9572,-122.4778,54.287,-113.725,D,2016,11,15,2016-11-15,319.4,79,24.3,273.2,0,3.3065467,0.9982871,270.81454,272.19986,275.97058,277.8038,280.5514,4.0,0.0,0.39479703,0.38662827,0.36290395,0.33339357
55.9552,-122.4614,54.287,-113.725,D,2016,11,15,2016-11-15,384.3,100,197.7,278.7,1,3.3065467,0.9982871,270.81454,272.19986,275.97058,277.8038,280.5514,4.0,0.0,0.39479703,0.38662827,0.36290395,0.33339357
55.9532,-122.4447,54.287,-113.725,D,2016,11,15,2016-11-15,309.4,68,14.5,272.9,0,3.3065467,0.9982871,270.81454,272.19986,275.97058,277.8038,280.5514,4.0,0.0,0.39479703,0.38662827,0.36290395,0.33339357
57.6165,-117.2313,54.287,-113.725,D,2016,11,15,2016-11-15,307.8,66,64.7,274.3,0,3.3065467,0.9982871,270.81454,272.19986,275.97058,277.8038,280.5514,4.0,0.0,0.39479703,0.38662827,0.36290395,0.33339357
57.616,-117.2337,54.287,-113.725,D,2016,11,15,2016-11-15,307.6,66,64.4,274.3,0,3.3065467,0.9982871,270.81454,272.19986,275.97058,277.8038,280.5514,4.0,0.0,0.39479703,0.38662827,0.36290395,0.33339357
58.1951,-115.7664,54.287,-113.725,D,2016,11,15,2016-11-15,314.7,75,69.8,274.4,0,3.3065467,0.9982871,270.81454,272.19986,275.97058,277.8038,280.5514,4.0,0.0,0.39479703,0.38662827,0.36290395,0.33339357
54.8001,-119.2071,54.287,-113.725,D,2016,11,15,2016-11-15,321.0,76,30.8,267.2,0,3.3065467,0.9982871,270.81454,272.19986,275.97058,277.8038,280.5514,4.0,0.0,0.39479703,0.38662827,0.36290395,0.33339357
56.224,-118.9897,54.287,-113.725,D,2016,11,15,2016-11-15,310.9,53,22.1,274.8,0,3.3065467,0.9982871,270.81454,272.19986,275.97058,277.8038,280.5514,4.0,0.0,0.39479703,0.38662827,0.36290395,0.33339357
56.4618,-117.2413,54.287,-113.725,D,2016,11,15,2016-11-15,304.1,58,18.7,275.1,0,3.3065467,0.9982871,270.81454,272.19986,275.97058,277.8038,280.5514,4.0,0.0,0.39479703,0.38662827,0.36290395,0.33339357
55.9476,-122.4551,54.287,-113.725,D,2016,11,15,2016-11-15,318.6,79,22.9,271.5,0,3.3065467,0.9982871,270.81454,272.19986,275.97058,277.8038,280.5514,4.0,0.0,0.39479703,0.38662827,0.36290395,0.33339357
55.9566,-122.4587,54.287,-113.725,D,2016,11,15,2016-11-15,360.0,100,96.0,274.0,1,3.3065467,0.9982871,270.81454,272.19986,275.97058,277.8038,280.5514,4.0,0.0,0.39479703,0.38662827,0.36290395,0.33339357
55.9544,-122.4755,54.287,-113.725,D,2016,11,15,2016-11-15,353.8,97,79.3,273.5,1,3.3065467,0.9982871,270.81454,272.19986,275.97058,277.8038,280.5514,4.0,0.0,0.39479703,0.38662827,0.36290395,0.33339357
55.9944,-122.5134,54.287,-113.725,D,2016,11,15,2016-11-15,302.2,51,10.3,271.3,0,3.3065467,0.9982871,270.81454,272.19986,275.97058,277.8038,280.5514,4.0,0.0,0.39479703,0.38662827,0.36290395,0.33339357
56.0649,-122.4048,54.287,-113.725,D,2016,11,15,2016-11-15,325.7,57,28.7,271.7,0,3.3065467,0.9982871,270.81454,272.19986,275.97058,277.8038,280.5514,4.0,0.0,0.39479703,0.38662827,0.36290395,0.33339357
56.0627,-122.4218,54.287,-113.725,D,2016,11,15,2016-11-15,393.8,75,238.6,277.5,0,3.3065467,0.9982871,270.81454,272.19986,275.97058,277.8038,280.5514,4.0,0.0,0.39479703,0.38662827,0.36290395,0.33339357
56.0606,-122.4385,54.287,-113.725,D,2016,11,15,2016-11-15,316.7,58,20.8,269.7,0,3.3065467,0.9982871,270.81454,272.19986,275.97058,277.8038,280.5514,4.0,0.0,0.39479703,0.38662827,0.36290395,0.33339357
56.6248,-118.9485,54.287,-113.725,D,2016,11,15,2016-11-15,310.0,69,21.4,272.2,0,3.3065467,0.9982871,270.81454,272.19986,275.97058,277.8038,280.5514,4.0,0.0,0.39479703,0.38662827,0.36290395,0.33339357
56.6227,-118.9701,54.287,-113.725,D,2016,11,15,2016-11-15,338.9,91,69.7,273.6,1,3.3065467,0.9982871,270.81454,272.19986,275.97058,277.8038,280.5514,4.0,0.0,0.39479703,0.38662827,0.36290395,0.33339357
56.6325,-118.9584,54.287,-113.725,D,2016,11,15,2016-11-15,325.0,83,40.7,272.7,0,3.3065467,0.9982871,270.81454,272.19986,275.97058,277.8038,280.5514,4.0,0.0,0.39479703,0.38662827,0.36290395,0.33339357
56.6305,-118.9798,54.287,-113.725,D,2016,11,15,2016-11-15,326.1,84,42.3,273.1,0,3.3065467,0.9982871,270.81454,272.19986,275.97058,277.8038,280.5514,4.0,0.0,0.39479703,0.38662827,0.36290395,0.33339357
56.6447,-119.0503,54.287,-113.725,D,2016,11,15,2016-11-15,303.7,40,13.6,273.0,0,3.3065467,0.9982871,270.81454,272.19986,275.97058,277.8038,280.5514,4.0,0.0,0.39479703,0.38662827,0.36290395,0.33339357
56.6427,-119.0715,54.287,-113.725,D,2016,11,15,2016-11-15,378.5,100,225.3,278.6,1,3.3065467,0.9982871,270.81454,272.19986,275.97058,277.8038,280.5514,4.0,0.0,0.39479703,0.38662827,0.36290395,0.33339357
56.6407,-119.0927,54.287,-113.725,D,2016,11,15,2016-11-15,318.3,78,30.0,273.7,0,3.3065467,0.9982871,270.81454,272.19986,275.97058,277.8038,280.5514,4.0,0.0,0.39479703,0.38662827,0.36290395,0.33339357
57.6205,-117.2153,54.287,-113.725,D,2016,11,15,2016-11-15,342.6,93,102.9,276.5,1,3.3065467,0.9982871,270.81454,272.19986,275.97058,277.8038,280.5514,4.0,0.0,0.39479703,0.38662827,0.36290395,0.33339357
57.6185,-117.2418,54.287,-113.725,D,2016,11,15,2016-11-15,336.5,90,83.1,277.4,1,3.3065467,0.9982871,270.81454,272.19986,275.97058,277.8038,280.5514,4.0,0.0,0.39479703,0.38662827,0.36290395,0.33339357
58.1998,-115.7589,54.287,-113.725,D,2016,11,15,2016-11-15,321.2,81,58.3,274.7,0,3.3065467,0.9982871,270.81454,272.19986,275.97058,277.8038,280.5514,4.0,0.0,0.39479703,0.38662827,0.36290395,0.33339357
52.7012,-124.1952,52.083,-122.266,D,2016,11,16,2016-11-16,318.4,78,43.8,266.6,0,0.97247213,1.4585457,268.98212,272.85544,274.2551,278.6076,281.1611,2.0,1.2718503e-07,0.3558331,0.35740682,0.34915417,0.31346902
52.6964,-124.1733,52.083,-122.266,D,2016,11,16,2016-11-16,309.7,69,30.3,266.1,0,0.97247213,1.4585457,268.98212,272.85544,274.2551,278.6076,281.1611,2.0,1.2718503e-07,0.3558331,0.35740682,0.34915417,0.31346902
53.3906,-123.7525,52.083,-122.266,D,2016,11,16,2016-11-16,321.9,0,78.8,265.9,0,0.97247213,1.4585457,268.98212,272.85544,274.2551,278.6076,281.1611,2.0,1.2718503e-07,0.3558331,0.35740682,0.34915417,0.31346902
49.9002,-120.4071,49.804,-119.167,N,2016,11,17,2016-11-17,310.2,70,22.4,267.6,0,0.20589522,1.322094,273.42914,272.8108,274.04675,277.24194,280.48776,2.0,5.9925216e-05,0.3699268,0.37253773,0.34610534,0.32388616
51.0298,-120.0846,49.804,-119.167,N,2016,11,17,2016-11-17,308.5,75,18.7,265.9,0,0.20589522,1.322094,273.42914,272.8108,274.04675,277.24194,280.48776,2.0,5.9925216e-05,0.3699268,0.37253773,0.34610534,0.32388616
51.2624,-119.8956,49.804,-119.167,N,2016,11,17,2016-11-17,300.3,25,11.9,269.9,0,0.20589522,1.322094,273.42914,272.8108,274.04675,277.24194,280.48776,2.0,5.9925216e-05,0.3699268,0.37253773,0.34610534,0.32388616
51.7553,-120.8765,49.804,-119.167,N,2016,11,17,2016-11-17,309.4,66,20.1,268.4,0,0.20589522,1.322094,273.42914,272.8108,274.04675,277.24194,280.48776,2.0,5.9925216e-05,0.3699268,0.37253773,0.34610534,0.32388616
51.7695,-122.9528,51.799,-115.448,D,2016,11,17,2016-11-17,325.6,0,31.2,266.4,0,0.5840547,-0.4884684,265.4865,268.7671,272.8623,274.9029,276.81042,2.0,2.660403e-06,0.2572107,0.26465973,0.2867766,0.33311808
51.7731,-122.9595,51.799,-115.448,D,2016,11,17,2016-11-17,329.9,78,37.9,267.0,0,0.5840547,-0.4884684,265.4865,268.7671,272.8623,274.9029,276.81042,2.0,2.660403e-06,0.2572107,0.26465973,0.2867766,0.33311808
51.7822,-122.9636,51.799,-115.448,D,2016,11,17,2016-11-17,317.1,63,23.1,265.9,0,0.5840547,-0.4884684,265.4865,268.7671,272.8623,274.9029,276.81042,2.0,2.660403e-06,0.2572107,0.26465973,0.2867766,0.33311808
51.7795,-122.9793,51.799,-115.448,D,2016,11,17,2016-11-17,366.3,75,128.5,269.1,0,0.5840547,-0.4884684,265.4865,268.7671,272.8623,274.9029,276.81042,2.0,2.660403e-06,0.2572107,0.26465973,0.2867766,0.33311808
52.7896,-123.0818,51.799,-115.448,D,2016,11,17,2016-11-17,321.0,0,27.9,269.0,0,0.5840547,-0.4884684,265.4865,268.7671,272.8623,274.9029,276.81042,2.0,2.660403e-06,0.2572107,0.26465973,0.2867766,0.33311808
52.7869,-123.0972,51.799,-115.448,D,2016,11,17,2016-11-17,325.5,0,31.4,269.1,0,0.5840547,-0.4884684,265.4865,268.7671,272.8623,274.9029,276.81042,2.0,2.660403e-06,0.2572107,0.26465973,0.2867766,0.33311808
52.7905,-123.1326,51.799,-115.448,D,2016,11,17,2016-11-17,312.3,72,19.4,268.7,0,0.5840547,-0.4884684,265.4865,268.7671,272.8623,274.9029,276.81042,2.0,2.660403e-06,0.2572107,0.26465973,0.2867766,0.33311808
53.1454,-123.906,51.799,-115.448,D,2016,11,17,2016-11-17,320.7,55,28.4,266.3,0,0.5840547,-0.4884684,265.4865,268.7671,272.8623,274.9029,276.81042,2.0,2.660403e-06,0.2572107,0.26465973,0.2867766,0.33311808
53.1425,-123.9219,51.799,-115.448,D,2016,11,17,2016-11-17,317.9,50,24.7,266.0,0,0.5840547,-0.4884684,265.4865,268.7671,272.8623,274.9029,276.81042,2.0,2.660403e-06,0.2572107,0.26465973,0.2867766,0.33311808
53.7672,-124.2465,51.799,-115.448,D,2016,11,17,2016-11-17,385.4,0,215.8,273.2,0,0.5840547,-0.4884684,265.4865,268.7671,272.8623,274.9029,276.81042,2.0,2.660403e-06,0.2572107,0.26465973,0.2867766,0.33311808
53.7643,-124.263,51.799,-115.448,D,2016,11,17,2016-11-17,373.6,0,158.8,273.7,0,0.5840547,-0.4884684,265.4865,268.7671,272.8623,274.9029,276.81042,2.0,2.660403e-06,0.2572107,0.26465973,0.2867766,0.33311808
53.7439,-125.6245,51.799,-115.448,D,2016,11,17,2016-11-17,326.9,70,40.2,270.5,0,0.5840547,-0.4884684,265.4865,268.7671,272.8623,274.9029,276.81042,2.0,2.660403e-06,0.2572107,0.26465973,0.2867766,0.33311808
53.7431,-125.6292,51.799,-115.448,D,2016,11,17,2016-11-17,325.2,68,37.4,270.6,0,0.5840547,-0.4884684,265.4865,268.7671,272.8623,274.9029,276.81042,2.0,2.660403e-06,0.2572107,0.26465973,0.2867766,0.33311808
49.8912,-120.3967,46.826,-81.037,N,2016,11,18,2016-11-18,300.2,4,14.7,265.8,0,-1.8489871,3.001623,283.01218,282.4926,280.24158,279.254,282.747,1.0,0.0,0.24403855,0.24945864,0.25559235,0.24207035
49.5245,-120.3107,46.826,-81.037,N,2016,11,18,2016-11-18,304.8,62,21.2,265.4,0,-1.8489871,3.001623,283.01218,282.4926,280.24158,279.254,282.747,1.0,0.0,0.24403855,0.24945864,0.25559235,0.24207035
52.6177,-122.2424,46.826,-81.037,N,2016,11,18,2016-11-18,304.7,61,12.4,267.9,0,-1.8489871,3.001623,283.01218,282.4926,280.24158,279.254,282.747,1.0,0.0,0.24403855,0.24945864,0.25559235,0.24207035
51.9512,-104.6109,48.031,-89.878,D,2016,11,18,2016-11-18,306.3,55,12.3,267.3,0,-4.7998056,-6.7989826,274.13068,276.2171,278.2558,279.9208,282.1945,1.0,0.00039412992,0.18435109,0.16021037,0.15246317,0.15292358
50.0845,-103.6897,48.031,-89.878,D,2016,11,18,2016-11-18,319.9,80,23.8,271.4,0,-4.7998056,-6.7989826,274.13068,276.2171,278.2558,279.9208,282.1945,1.0,0.00039412992,0.18435109,0.16021037,0.15246317,0.15292358
49.7454,-103.3324,48.031,-89.878,D,2016,11,18,2016-11-18,307.5,66,13.8,272.0,0,-4.7998056,-6.7989826,274.13068,276.2171,278.2558,279.9208,282.1945,1.0,0.00039412992,0.18435109,0.16021037,0.15246317,0.15292358
54.0731,-123.5368,48.031,-89.878,D,2016,11,18,2016-11-18,360.6,90,0.0,267.8,1,-4.7998056,-6.7989826,274.13068,276.2171,278.2558,279.9208,282.1945,1.0,0.00039412992,0.18435109,0.16021037,0.15246317,0.15292358
52.4589,-102.8754,48.031,-89.878,D,2016,11,18,2016-11-18,306.3,0,15.2,266.6,0,-4.7998056,-6.7989826,274.13068,276.2171,278.2558,279.9208,282.1945,1.0,0.00039412992,0.18435109,0.16021037,0.15246317,0.15292358
52.4608,-102.8593,48.031,-89.878,D,2016,11,18,2016-11-18,311.8,0,19.5,266.2,0,-4.7998056,-6.7989826,274.13068,276.2171,278.2558,279.9208,282.1945,1.0,0.00039412992,0.18435109,0.16021037,0.15246317,0.15292358
51.2494,-123.0242,49.576,-120.576,D,2016,11,19,2016-11-19,330.7,0,57.6,268.9,0,-1.4740689,0.84112346,272.54163,273.32816,273.70425,276.19656,279.34723,2.0,2.7434595e-05,0.36851022,0.37653965,0.37372962,0.336393
51.4841,-107.6165,50.735,-104.211,D,2016,11,20,2016-11-20,300.7,41,13.3,274.5,0,-3.2807143,4.0716343,270.91913,271.45026,273.27737,277.9653,282.43246,2.0,0.0001030921,0.3273786,0.3249606,0.2966777,0.254547
51.4137,-123.3641,50.735,-104.211,D,2016,11,20,2016-11-20,307.1,65,13.5,271.6,0,-3.2807143,4.0716343,270.91913,271.45026,273.27737,277.9653,282.43246,2.0,0.0001030921,0.3273786,0.3249606,0.2966777,0.254547
51.6337,-105.5569,50.735,-104.211,D,2016,11,20,2016-11-20,302.5,53,10.5,274.9,0,-3.2807143,4.0716343,270.91913,271.45026,273.27737,277.9653,282.43246,2.0,0.0001030921,0.3273786,0.3249606,0.2966777,0.254547
51.6311,-105.5722,50.735,-104.211,D,2016,11,20,2016-11-20,315.6,76,20.9,275.7,0,-3.2807143,4.0716343,270.91913,271.45026,273.27737,277.9653,282.43246,2.0,0.0001030921,0.3273786,0.3249606,0.2966777,0.254547
52.5986,-122.2333,50.735,-104.211,D,2016,11,20,2016-11-20,319.6,0,30.5,266.7,0,-3.2807143,4.0716343,270.91913,271.45026,273.27737,277.9653,282.43246,2.0,0.0001030921,0.3273786,0.3249606,0.2966777,0.254547
51.5447,-123.4184,50.653,-120.374,D,2016,11,21,2016-11-21,322.2,65,87.4,272.5,0,-1.1209326,1.3861618,275.2326,275.44006,275.31985,277.2153,281.53317,2.0,1.5657544e-05,0.333035,0.33858436,0.28697634,0.2698096
51.6021,-123.5182,50.653,-120.374,D,2016,11,21,2016-11-21,313.2,50,77.4,274.0,0,-1.1209326,1.3861618,275.2326,275.44006,275.31985,277.2153,281.53317,2.0,1.5657544e-05,0.333035,0.33858436,0.28697634,0.2698096
51.5917,-123.4806,50.653,-120.374,D,2016,11,21,2016-11-21,354.8,74,376.9,274.5,0,-1.1209326,1.3861618,275.2326,275.44006,275.31985,277.2153,281.53317,2.0,1.5657544e-05,0.333035,0.33858436,0.28697634,0.2698096
51.5455,-123.3725,50.653,-120.374,D,2016,11,21,2016-11-21,326.4,69,147.7,273.6,0,-1.1209326,1.3861618,275.2326,275.44006,275.31985,277.2153,281.53317,2.0,1.5657544e-05,0.333035,0.33858436,0.28697634,0.2698096
51.5471,-123.4043,50.653,-120.374,D,2016,11,21,2016-11-21,368.8,94,342.1,277.0,1,-1.1209326,1.3861618,275.2326,275.44006,275.31985,277.2153,281.53317,2.0,1.5657544e-05,0.333035,0.33858436,0.28697634,0.2698096
51.5547,-123.3848,50.653,-120.374,D,2016,11,21,2016-11-21,310.9,36,40.3,272.9,0,-1.1209326,1.3861618,275.2326,275.44006,275.31985,277.2153,281.53317,2.0,1.5657544e-05,0.333035,0.33858436,0.28697634,0.2698096
51.5482,-123.4115,50.653,-120.374,D,2016,11,21,2016-11-21,343.4,87,155.5,276.1,0,-1.1209326,1.3861618,275.2326,275.44006,275.31985,277.2153,281.53317,2.0,1.5657544e-05,0.333035,0.33858436,0.28697634,0.2698096
51.5881,-123.4708,50.653,-120.374,D,2016,11,21,2016-11-21,338.4,0,131.2,272.0,0,-1.1209326,1.3861618,275.2326,275.44006,275.31985,277.2153,281.53317,2.0,1.5657544e-05,0.333035,0.33858436,0.28697634,0.2698096
51.5809,-123.5005,50.653,-120.374,D,2016,11,21,2016-11-21,354.1,84,223.5,276.1,0,-1.1209326,1.3861618,275.2326,275.44006,275.31985,277.2153,281.53317,2.0,1.5657544e-05,0.333035,0.33858436,0.28697634,0.2698096
51.5926,-123.5083,50.653,-120.374,D,2016,11,21,2016-11-21,336.6,83,124.4,273.7,0,-1.1209326,1.3861618,275.2326,275.44006,275.31985,277.2153,281.53317,2.0,1.5657544e-05,0.333035,0.33858436,0.28697634,0.2698096
52.9571,-124.363,50.653,-120.374,D,2016,11,21,2016-11-21,337.5,67,128.9,270.9,0,-1.1209326,1.3861618,275.2326,275.44006,275.31985,277.2153,281.53317,2.0,1.5657544e-05,0.333035,0.33858436,0.28697634,0.2698096
51.5453,-123.4415,50.653,-120.374,D,2016,11,21,2016-11-21,314.7,37,104.5,272.9,0,-1.1209326,1.3861618,275.2326,275.44006,275.31985,277.2153,281.53317,2.0,1.5657544e-05,0.333035,0.33858436,0.28697634,0.2698096
51.552,-123.4451,50.653,-120.374,D,2016,11,21,2016-11-21,326.4,69,184.5,273.0,0,-1.1209326,1.3861618,275.2326,275.44006,275.31985,277.2153,281.53317,2.0,1.5657544e-05,0.333035,0.33858436,0.28697634,0.2698096
51.0258,-119.9004,50.298,-119.267,N,2016,11,22,2016-11-22,312.8,86,17.4,271.1,0,-1.038022,1.0336008,277.266,275.80872,274.63245,276.65063,280.9925,2.0,4.3927325e-06,0.35721168,0.3571558,0.32669303,0.32092005
51.8479,-121.6778,50.298,-119.267,N,2016,11,22,2016-11-22,300.1,19,9.3,268.9,0,-1.038022,1.0336008,277.266,275.80872,274.63245,276.65063,280.9925,2.0,4.3927325e-06,0.35721168,0.3571558,0.32669303,0.32092005
53.0059,-124.8044,51.867,-122.919,D,2016,11,23,2016-11-23,323.0,77,57.9,269.1,0,0.92370576,0.88733935,272.4301,273.61624,273.26376,275.1522,279.05673,2.0,0.00023701765,0.36072916,0.36601347,0.3641915,0.3362466
53.0006,-124.7808,51.867,-122.919,D,2016,11,23,2016-11-23,306.8,61,28.7,268.1,0,0.92370576,0.88733935,272.4301,273.61624,273.26376,275.1522,279.05673,2.0,0.00023701765,0.36072916,0.36601347,0.3641915,0.3362466
52.9592,-123.5083,51.867,-122.919,D,2016,11,23,2016-11-23,314.6,0,44.2,268.8,0,0.92370576,0.88733935,272.4301,273.61624,273.26376,275.1522,279.05673,2.0,0.00023701765,0.36072916,0.36601347,0.3641915,0.3362466
52.6982,-122.9458,51.867,-122.919,D,2016,11,23,2016-11-23,305.0,60,34.7,271.8,0,0.92370576,0.88733935,272.4301,273.61624,273.26376,275.1522,279.05673,2.0,0.00023701765,0.36072916,0.36601347,0.3641915,0.3362466
52.6913,-122.9244,51.867,-122.919,D,2016,11,23,2016-11-23,306.3,54,34.4,271.6,0,0.92370576,0.88733935,272.4301,273.61624,273.26376,275.1522,279.05673,2.0,0.00023701765,0.36072916,0.36601347,0.3641915,0.3362466
53.0354,-124.7256,51.867,-122.919,D,2016,11,23,2016-11-23,308.5,55,31.3,267.4,0,0.92370576,0.88733935,272.4301,273.61624,273.26376,275.1522,279.05673,2.0,0.00023701765,0.36072916,0.36601347,0.3641915,0.3362466
52.4491,-125.5027,51.867,-122.919,D,2016,11,23,2016-11-23,311.0,55,29.0,268.5,0,0.92370576,0.88733935,272.4301,273.61624,273.26376,275.1522,279.05673,2.0,0.00023701765,0.36072916,0.36601347,0.3641915,0.3362466
52.6933,-122.934,51.867,-122.919,D,2016,11,23,2016-11-23,303.3,52,40.9,271.7,0,0.92370576,0.88733935,272.4301,273.61624,273.26376,275.1522,279.05673,2.0,0.00023701765,0.36072916,0.36601347,0.3641915,0.3362466
52.9492,-123.5188,51.867,-122.919,D,2016,11,23,2016-11-23,320.5,76,93.9,271.9,0,0.92370576,0.88733935,272.4301,273.61624,273.26376,275.1522,279.05673,2.0,0.00023701765,0.36072916,0.36601347,0.3641915,0.3362466
52.4331,-125.5106,51.867,-122.919,D,2016,11,23,2016-11-23,315.4,55,108.0,269.4,0,0.92370576,0.88733935,272.4301,273.61624,273.26376,275.1522,279.05673,2.0,0.00023701765,0.36072916,0.36601347,0.3641915,0.3362466
52.9541,-123.5301,51.867,-122.919,D,2016,11,23,2016-11-23,320.1,53,87.0,272.4,0,0.92370576,0.88733935,272.4301,273.61624,273.26376,275.1522,279.05673,2.0,0.00023701765,0.36072916,0.36601347,0.3641915,0.3362466
52.4346,-125.5,51.867,-122.919,D,2016,11,23,2016-11-23,311.0,41,39.0,271.4,0,0.92370576,0.88733935,272.4301,273.61624,273.26376,275.1522,279.05673,2.0,0.00023701765,0.36072916,0.36601347,0.3641915,0.3362466
52.4491,-125.4713,51.867,-122.919,D,2016,11,23,2016-11-23,306.9,47,32.9,272.0,0,0.92370576,0.88733935,272.4301,273.61624,273.26376,275.1522,279.05673,2.0,0.00023701765,0.36072916,0.36601347,0.3641915,0.3362466
52.4472,-125.5016,51.867,-122.919,D,2016,11,23,2016-11-23,322.6,82,70.6,272.2,0,0.92370576,0.88733935,272.4301,273.61624,273.26376,275.1522,279.05673,2.0,0.00023701765,0.36072916,0.36601347,0.3641915,0.3362466
52.6809,-122.9625,51.867,-122.919,D,2016,11,23,2016-11-23,303.2,52,45.9,270.6,0,0.92370576,0.88733935,272.4301,273.61624,273.26376,275.1522,279.05673,2.0,0.00023701765,0.36072916,0.36601347,0.3641915,0.3362466
55.6733,-121.8518,55.617,-121.36,N,2016,11,24,2016-11-24,328.3,100,34.7,268.0,1,-0.7355692,-0.824353,267.19702,271.97,271.8066,274.0198,277.56985,1.9999847,0.00022851155,0.36587214,0.36737382,0.3748121,0.34191927
55.6847,-121.8407,55.617,-121.36,N,2016,11,24,2016-11-24,341.6,100,54.4,266.7,1,-0.7355692,-0.824353,267.19702,271.97,271.8066,274.0198,277.56985,1.9999847,0.00022851155,0.36587214,0.36737382,0.3748121,0.34191927
55.6821,-121.8564,55.617,-121.36,N,2016,11,24,2016-11-24,335.9,100,44.9,267.3,1,-0.7355692,-0.824353,267.19702,271.97,271.8066,274.0198,277.56985,1.9999847,0.00022851155,0.36587214,0.36737382,0.3748121,0.34191927
53.0729,-123.3133,52.44,-121.454,D,2016,11,25,2016-11-25,325.1,63,50.5,269.6,0,1.2335942,-0.7803181,273.0754,274.05402,274.38187,276.02197,279.89993,2.0,0.0023675852,0.37395024,0.37860534,0.39541915,0.39326376
53.0102,-123.5823,52.44,-121.454,D,2016,11,25,2016-11-25,304.3,42,19.5,268.9,0,1.2335942,-0.7803181,273.0754,274.05402,274.38187,276.02197,279.89993,2.0,0.0023675852,0.37395024,0.37860534,0.39541915,0.39326376
52.935,-123.3304,52.44,-121.454,D,2016,11,25,2016-11-25,340.8,87,88.6,270.5,0,1.2335942,-0.7803181,273.0754,274.05402,274.38187,276.02197,279.89993,2.0,0.0023675852,0.37395024,0.37860534,0.39541915,0.39326376
52.9308,-123.3105,52.44,-121.454,D,2016,11,25,2016-11-25,353.4,85,132.7,271.2,0,1.2335942,-0.7803181,273.0754,274.05402,274.38187,276.02197,279.89993,2.0,0.0023675852,0.37395024,0.37860534,0.39541915,0.39326376
52.7858,-124.2129,52.44,-121.454,D,2016,11,25,2016-11-25,328.0,51,46.9,267.0,0,1.2335942,-0.7803181,273.0754,274.05402,274.38187,276.02197,279.89993,2.0,0.0023675852,0.37395024,0.37860534,0.39541915,0.39326376
52.7778,-124.1739,52.44,-121.454,D,2016,11,25,2016-11-25,337.5,78,68.0,268.9,0,1.2335942,-0.7803181,273.0754,274.05402,274.38187,276.02197,279.89993,2.0,0.0023675852,0.37395024,0.37860534,0.39541915,0.39326376
52.7718,-124.1988,52.44,-121.454,D,2016,11,25,2016-11-25,310.0,66,23.6,267.2,0,1.2335942,-0.7803181,273.0754,274.05402,274.38187,276.02197,279.89993,2.0,0.0023675852,0.37395024,0.37860534,0.39541915,0.39326376
52.7678,-124.1792,52.44,-121.454,D,2016,11,25,2016-11-25,307.0,61,20.4,266.5,0,1.2335942,-0.7803181,273.0754,274.05402,274.38187,276.02197,279.89993,2.0,0.0023675852,0.37395024,0.37860534,0.39541915,0.39326376
52.7764,-124.2032,52.44,-121.454,D,2016,11,25,2016-11-25,341.1,92,78.6,269.0,1,1.2335942,-0.7803181,273.0754,274.05402,274.38187,276.02197,279.89993,2.0,0.0023675852,0.37395024,0.37860534,0.39541915,0.39326376
52.7725,-124.1835,52.44,-121.454,D,2016,11,25,2016-11-25,351.6,97,111.0,270.1,1,1.2335942,-0.7803181,273.0754,274.05402,274.38187,276.02197,279.89993,2.0,0.0023675852,0.37395024,0.37860534,0.39541915,0.39326376
52.7669,-124.2116,52.44,-121.454,D,2016,11,25,2016-11-25,324.3,0,199.4,267.5,0,1.2335942,-0.7803181,273.0754,274.05402,274.38187,276.02197,279.89993,2.0,0.0023675852,0.37395024,0.37860534,0.39541915,0.39326376
52.7819,-124.223,52.44,-121.454,D,2016,11,25,2016-11-25,334.0,29,254.3,267.7,0,1.2335942,-0.7803181,273.0754,274.05402,274.38187,276.02197,279.89993,2.0,0.0023675852,0.37395024,0.37860534,0.39541915,0.39326376
55.5216,-122.2052,52.44,-121.454,D,2016,11,25,2016-11-25,323.4,66,89.8,268.6,0,1.2335942,-0.7803181,273.0754,274.05402,274.38187,276.02197,279.89993,2.0,0.0023675852,0.37395024,0.37860534,0.39541915,0.39326376
55.5193,-122.2143,52.44,-121.454,D,2016,11,25,2016-11-25,324.7,0,94.8,268.5,0,1.2335942,-0.7803181,273.0754,274.05402,274.38187,276.02197,279.89993,2.0,0.0023675852,0.37395024,0.37860534,0.39541915,0.39326376
55.5189,-122.2043,55.148,-121.483,N,2016,11,26,2016-11-26,327.9,100,45.1,267.4,1,-1.1433353,-1.1502084,264.81027,271.54153,271.5486,273.50916,275.81732,2.0,1.6340418e-06,0.30868876,0.29957277,0.31895792,0.32347205
57.056,-116.9236,50.582,-107.447,D,2016,11,26,2016-11-26,327.8,53,34.9,266.3,0,2.1481283,1.0251064,267.71503,270.3364,273.1322,276.36935,282.16428,2.0,0.0,0.3365935,0.33987838,0.31899273,0.25431713
55.2478,-120.7481,54.817,-119.384,D,2016,11,28,2016-11-28,391.9,87,260.5,275.7,0,1.1455183,1.8698912,264.60648,269.37766,269.75336,273.90292,278.106,2.0,2.3522102e-06,0.38660756,0.39586055,0.40575343,0.3689314
55.257,-120.753,54.817,-119.384,D,2016,11,28,2016-11-28,370.7,100,150.3,272.1,1,1.1455183,1.8698912,264.60648,269.37766,269.75336,273.90292,278.106,2.0,2.3522102e-06,0.38660756,0.39586055,0.40575343,0.3689314
55.2677,-120.8151,52.787,-118.672,D,2016,11,29,2016-11-29,341.6,0,50.6,266.7,0,0.39431438,1.1335018,263.50928,273.33264,273.54294,274.1676,275.46835,1.0,4.405781e-05,0.21756154,0.21690026,0.2092968,0.25834918
54.6522,-119.0526,52.787,-118.672,D,2016,11,29,2016-11-29,304.9,60,14.4,267.9,0,0.39431438,1.1335018,263.50928,273.33264,273.54294,274.1676,275.46835,1.0,4.405781e-05,0.21756154,0.21690026,0.2092968,0.25834918
54.6201,-119.2832,52.787,-118.672,D,2016,11,29,2016-11-29,304.7,60,14.7,268.5,0,0.39431438,1.1335018,263.50928,273.33264,273.54294,274.1676,275.46835,1.0,4.405781e-05,0.21756154,0.21690026,0.2092968,0.25834918
52.7994,-119.1563,52.787,-118.672,D,2016,11,29,2016-11-29,335.1,87,56.9,269.0,0,0.39431438,1.1335018,263.50928,273.33264,273.54294,274.1676,275.46835,1.0,4.405781e-05,0.21756154,0.21690026,0.2092968,0.25834918
53.0709,-121.4184,52.787,-118.672,D,2016,11,29,2016-11-29,314.1,0,19.7,266.5,0,0.39431438,1.1335018,263.50928,273.33264,273.54294,274.1676,275.46835,1.0,4.405781e-05,0.21756154,0.21690026,0.2092968,0.25834918
52.7945,-119.154,52.787,-118.672,D,2016,11,29,2016-11-29,305.7,51,22.8,269.5,0,0.39431438,1.1335018,263.50928,273.33264,273.54294,274.1676,275.46835,1.0,4.405781e-05,0.21756154,0.21690026,0.2092968,0.25834918
54.6621,-119.0556,52.787,-118.672,D,2016,11,29,2016-11-29,300.2,31,18.3,267.5,0,0.39431438,1.1335018,263.50928,273.33264,273.54294,274.1676,275.46835,1.0,4.405781e-05,0.21756154,0.21690026,0.2092968,0.25834918
54.6601,-119.081,52.787,-118.672,D,2016,11,29,2016-11-29,314.7,75,37.8,268.4,0,0.39431438,1.1335018,263.50928,273.33264,273.54294,274.1676,275.46835,1.0,4.405781e-05,0.21756154,0.21690026,0.2092968,0.25834918
55.2607,-120.8132,52.787,-118.672,D,2016,11,29,2016-11-29,319.7,55,33.9,271.2,0,0.39431438,1.1335018,263.50928,273.33264,273.54294,274.1676,275.46835,1.0,4.405781e-05,0.21756154,0.21690026,0.2092968,0.25834918
55.2647,-120.8197,52.787,-118.672,D,2016,11,29,2016-11-29,344.1,70,88.8,272.4,0,0.39431438,1.1335018,263.50928,273.33264,273.54294,274.1676,275.46835,1.0,4.405781e-05,0.21756154,0.21690026,0.2092968,0.25834918
55.2752,-120.8222,52.787,-118.672,D,2016,11,29,2016-11-29,327.0,54,46.8,270.9,0,0.39431438,1.1335018,263.50928,273.33264,273.54294,274.1676,275.46835,1.0,4.405781e-05,0.21756154,0.21690026,0.2092968,0.25834918
55.2102,-123.8808,54.106,-123.511,N,2016,12,01,2016-12-01,301.2,39,11.3,265.4,0,-1.3625385,2.3313782,272.58148,272.65637,273.30643,275.1257,279.33957,2.0,1.0184944e-05,0.3710592,0.37593082,0.39391598,0.3726873
54.2699,-124.6938,54.11,-123.223,D,2016,12,02,2016-12-02,310.0,65,71.3,270.8,0,-1.9604212,5.211465,273.05988,273.5322,273.33203,275.13577,279.37692,2.0,0.00039251847,0.36682922,0.37255806,0.38885188,0.36325547
55.5599,-122.0242,55.469,-120.049,D,2016,12,03,2016-12-03,371.6,75,176.6,274.9,0,5.7662477,3.0033288,272.92566,271.2818,272.0245,273.89563,277.4921,2.9999847,0.0,0.36589956,0.36830324,0.3730929,0.33522785
55.5189,-121.9845,55.469,-120.049,D,2016,12,03,2016-12-03,332.2,83,37.7,270.2,0,5.7662477,3.0033288,272.92566,271.2818,272.0245,273.89563,277.4921,2.9999847,0.0,0.36589956,0.36830324,0.3730929,0.33522785
55.5254,-122.0039,55.469,-120.049,D,2016,12,03,2016-12-03,333.0,67,38.5,268.7,0,5.7662477,3.0033288,272.92566,271.2818,272.0245,273.89563,277.4921,2.9999847,0.0,0.36589956,0.36830324,0.3730929,0.33522785
55.5515,-122.0165,55.469,-120.049,D,2016,12,03,2016-12-03,339.4,91,47.6,270.3,1,5.7662477,3.0033288,272.92566,271.2818,272.0245,273.89563,277.4921,2.9999847,0.0,0.36589956,0.36830324,0.3730929,0.33522785
55.5492,-122.0319,55.469,-120.049,D,2016,12,03,2016-12-03,379.6,100,156.9,273.9,1,5.7662477,3.0033288,272.92566,271.2818,272.0245,273.89563,277.4921,2.9999847,0.0,0.36589956,0.36830324,0.3730929,0.33522785
55.5469,-122.0473,55.469,-120.049,D,2016,12,03,2016-12-03,345.6,94,58.4,269.4,1,5.7662477,3.0033288,272.92566,271.2818,272.0245,273.89563,277.4921,2.9999847,0.0,0.36589956,0.36830324,0.3730929,0.33522785
55.5445,-122.0628,55.469,-120.049,D,2016,12,03,2016-12-03,304.7,52,11.1,267.2,0,5.7662477,3.0033288,272.92566,271.2818,272.0245,273.89563,277.4921,2.9999847,0.0,0.36589956,0.36830324,0.3730929,0.33522785
56.4763,-121.3214,55.469,-120.049,D,2016,12,03,2016-12-03,308.7,53,13.0,269.3,0,5.7662477,3.0033288,272.92566,271.2818,272.0245,273.89563,277.4921,2.9999847,0.0,0.36589956,0.36830324,0.3730929,0.33522785
56.4939,-121.3296,55.469,-120.049,D,2016,12,03,2016-12-03,316.3,73,19.1,269.5,0,5.7662477,3.0033288,272.92566,271.2818,272.0245,273.89563,277.4921,2.9999847,0.0,0.36589956,0.36830324,0.3730929,0.33522785
56.5394,-121.6609,55.469,-120.049,D,2016,12,03,2016-12-03,347.0,72,62.0,269.5,0,5.7662477,3.0033288,272.92566,271.2818,272.0245,273.89563,277.4921,2.9999847,0.0,0.36589956,0.36830324,0.3730929,0.33522785
54.1685,-124.7645,53.096,-124.294,D,2016,12,04,2016-12-04,373.7,100,0.0,269.5,1,3.1891775,-0.20070359,265.06604,271.31918,272.33975,274.00137,277.454,2.0,7.545866e-07,0.34163782,0.34715065,0.3682988,0.36214605
54.1664,-124.7453,53.096,-124.294,D,2016,12,04,2016-12-04,315.4,0,155.5,265.6,0,3.1891775,-0.20070359,265.06604,271.31918,272.33975,274.00137,277.454,2.0,7.545866e-07,0.34163782,0.34715065,0.3682988,0.36214605
54.1655,-124.7568,53.096,-124.294,D,2016,12,04,2016-12-04,341.4,0,89.3,268.1,0,3.1891775,-0.20070359,265.06604,271.31918,272.33975,274.00137,277.454,2.0,7.545866e-07,0.34163782,0.34715065,0.3682988,0.36214605
54.1616,-124.8,53.096,-124.294,D,2016,12,04,2016-12-04,342.8,70,93.0,267.0,0,3.1891775,-0.20070359,265.06604,271.31918,272.33975,274.00137,277.454,2.0,7.545866e-07,0.34163782,0.34715065,0.3682988,0.36214605
54.1554,-124.8061,53.096,-124.294,D,2016,12,04,2016-12-04,320.9,0,42.6,265.9,0,3.1891775,-0.20070359,265.06604,271.31918,272.33975,274.00137,277.454,2.0,7.545866e-07,0.34163782,0.34715065,0.3682988,0.36214605
54.1698,-124.7645,53.096,-124.294,D,2016,12,04,2016-12-04,347.1,62,106.7,268.5,0,3.1891775,-0.20070359,265.06604,271.31918,272.33975,274.00137,277.454,2.0,7.545866e-07,0.34163782,0.34715065,0.3682988,0.36214605
54.1679,-124.7863,53.096,-124.294,D,2016,12,04,2016-12-04,341.7,65,89.6,267.8,0,3.1891775,-0.20070359,265.06604,271.31918,272.33975,274.00137,277.454,2.0,7.545866e-07,0.34163782,0.34715065,0.3682988,0.36214605
56.7031,-122.0332,53.455,-121.632,D,2016,12,19,2016-12-19,323.0,77,39.9,269.3,0,2.1981125,4.7822065,269.59174,272.90176,272.92307,273.87146,276.11584,2.0,0.0007268628,0.3176997,0.3222972,0.33016688,0.37070417
56.701,-122.0117,53.455,-121.632,D,2016,12,19,2016-12-19,305.2,57,18.3,267.7,0,2.1981125,4.7822065,269.59174,272.90176,272.92307,273.87146,276.11584,2.0,0.0007268628,0.3176997,0.3222972,0.33016688,0.37070417
56.6978,-122.0156,53.455,-121.632,D,2016,12,19,2016-12-19,340.6,80,49.6,268.8,0,2.1981125,4.7822065,269.59174,272.90176,272.92307,273.87146,276.11584,2.0,0.0007268628,0.3176997,0.3222972,0.33016688,0.37070417
54.1383,-124.844,53.455,-121.632,D,2016,12,19,2016-12-19,320.7,0,27.8,269.6,0,2.1981125,4.7822065,269.59174,272.90176,272.92307,273.87146,276.11584,2.0,0.0007268628,0.3176997,0.3222972,0.33016688,0.37070417
54.1445,-124.8656,53.455,-121.632,D,2016,12,19,2016-12-19,325.0,56,32.5,269.2,0,2.1981125,4.7822065,269.59174,272.90176,272.92307,273.87146,276.11584,2.0,0.0007268628,0.3176997,0.3222972,0.33016688,0.37070417
56.6955,-122.0315,53.455,-121.632,D,2016,12,19,2016-12-19,348.1,72,63.6,271.3,0,2.1981125,4.7822065,269.59174,272.90176,272.92307,273.87146,276.11584,2.0,0.0007268628,0.3176997,0.3222972,0.33016688,0.37070417
57.5935,-118.1106,55.614,-108.624,D,2016,12,20,2016-12-20,314.1,0,32.6,265.6,0,0.33995777,1.6185228,259.6412,263.33813,265.5193,270.2696,275.74792,1.0,0.0,0.23797183,0.23936166,0.23412421,0.24296679
56.3199,-114.3227,55.614,-108.624,D,2016,12,20,2016-12-20,315.8,0,69.8,265.8,0,0.33995777,1.6185228,259.6412,263.33813,265.5193,270.2696,275.74792,1.0,0.0,0.23797183,0.23936166,0.23412421,0.24296679
55.8098,-112.4149,55.614,-108.624,D,2016,12,20,2016-12-20,307.1,65,17.5,266.1,0,0.33995777,1.6185228,259.6412,263.33813,265.5193,270.2696,275.74792,1.0,0.0,0.23797183,0.23936166,0.23412421,0.24296679
55.5337,-121.1745,55.614,-108.624,D,2016,12,20,2016-12-20,330.1,63,102.7,267.0,0,0.33995777,1.6185228,259.6412,263.33813,265.5193,270.2696,275.74792,1.0,0.0,0.23797183,0.23936166,0.23412421,0.24296679
56.3218,-114.2981,54.976,-113.292,D,2016,12,21,2016-12-21,334.4,77,41.7,270.3,0,4.3276978,0.80492485,268.78928,268.76273,270.51135,271.87708,276.30664,3.0,0.0,0.3470968,0.34173453,0.3444916,0.32070243
56.3313,-114.3043,54.976,-113.292,D,2016,12,21,2016-12-21,305.4,61,12.7,269.2,0,4.3276978,0.80492485,268.78928,268.76273,270.51135,271.87708,276.30664,3.0,0.0,0.3470968,0.34173453,0.3444916,0.32070243
56.324,-114.3141,54.976,-113.292,D,2016,12,21,2016-12-21,342.1,87,54.2,271.0,0,4.3276978,0.80492485,268.78928,268.76273,270.51135,271.87708,276.30664,3.0,0.0,0.3470968,0.34173453,0.3444916,0.32070243
55.5538,-113.8007,54.976,-113.292,D,2016,12,21,2016-12-21,338.7,91,58.9,272.0,1,4.3276978,0.80492485,268.78928,268.76273,270.51135,271.87708,276.30664,3.0,0.0,0.3470968,0.34173453,0.3444916,0.32070243
55.5519,-113.8189,54.976,-113.292,D,2016,12,21,2016-12-21,362.9,100,126.3,274.8,1,4.3276978,0.80492485,268.78928,268.76273,270.51135,271.87708,276.30664,3.0,0.0,0.3470968,0.34173453,0.3444916,0.32070243
56.3262,-114.295,54.976,-113.292,D,2016,12,21,2016-12-21,320.3,70,28.1,271.1,0,4.3276978,0.80492485,268.78928,268.76273,270.51135,271.87708,276.30664,3.0,0.0,0.3470968,0.34173453,0.3444916,0.32070243
56.3242,-114.3135,54.976,-113.292,D,2016,12,21,2016-12-21,341.0,87,62.4,272.9,0,4.3276978,0.80492485,268.78928,268.76273,270.51135,271.87708,276.30664,3.0,0.0,0.3470968,0.34173453,0.3444916,0.32070243
56.8789,-116.9697,54.976,-113.292,D,2016,12,21,2016-12-21,306.7,64,13.1,269.1,0,4.3276978,0.80492485,268.78928,268.76273,270.51135,271.87708,276.30664,3.0,0.0,0.3470968,0.34173453,0.3444916,0.32070243
56.8768,-116.9863,54.976,-113.292,D,2016,12,21,2016-12-21,305.6,62,12.3,268.9,0,4.3276978,0.80492485,268.78928,268.76273,270.51135,271.87708,276.30664,3.0,0.0,0.3470968,0.34173453,0.3444916,0.32070243
56.8879,-116.9736,54.976,-113.292,D,2016,12,21,2016-12-21,303.3,44,10.5,268.8,0,4.3276978,0.80492485,268.78928,268.76273,270.51135,271.87708,276.30664,3.0,0.0,0.3470968,0.34173453,0.3444916,0.32070243
57.2179,-121.9245,56.905,-117.296,N,2016,12,22,2016-12-22,308.3,60,18.5,265.3,0,-0.676964,-2.2823012,264.9065,270.44827,270.93066,272.8041,276.4391,3.9999847,0.0,0.41113,0.41504815,0.39828584,0.34951004
55.5215,-119.0829,54.829,-118.498,D,2016,12,27,2016-12-27,315.5,71,46.4,268.8,0,2.741986,4.383154,267.16052,267.34238,268.64755,272.15118,276.20233,2.0,0.0,0.39214045,0.39852458,0.4139976,0.37929702
55.5104,-119.091,54.829,-118.498,D,2016,12,27,2016-12-27,333.0,88,89.3,268.7,0,2.741986,4.383154,267.16052,267.34238,268.64755,272.15118,276.20233,2.0,0.0,0.39214045,0.39852458,0.4139976,0.37929702
55.5161,-119.0923,54.829,-118.498,D,2016,12,27,2016-12-27,324.4,73,63.7,269.1,0,2.741986,4.383154,267.16052,267.34238,268.64755,272.15118,276.20233,2.0,0.0,0.39214045,0.39852458,0.4139976,0.37929702
55.5117,-119.0748,54.829,-118.498,D,2016,12,27,2016-12-27,307.3,63,30.9,267.8,0,2.741986,4.383154,267.16052,267.34238,268.64755,272.15118,276.20233,2.0,0.0,0.39214045,0.39852458,0.4139976,0.37929702
55.5052,-119.1023,54.829,-118.498,D,2016,12,27,2016-12-27,321.6,81,59.4,268.7,0,2.741986,4.383154,267.16052,267.34238,268.64755,272.15118,276.20233,2.0,0.0,0.39214045,0.39852458,0.4139976,0.37929702
56.8323,-119.2017,56.016,-118.74,D,2016,12,28,2016-12-28,332.7,64,49.3,266.6,0,5.0469265,0.2315199,270.58313,272.73425,271.74072,273.37607,276.69437,4.0,6.7182407e-07,0.43274137,0.42801693,0.41060576,0.38981432
56.8316,-119.2088,56.016,-118.74,D,2016,12,28,2016-12-28,326.1,69,39.6,266.2,0,5.0469265,0.2315199,270.58313,272.73425,271.74072,273.37607,276.69437,4.0,6.7182407e-07,0.43274137,0.42801693,0.41060576,0.38981432
56.835,-119.1771,56.016,-118.74,D,2016,12,28,2016-12-28,311.3,47,133.8,269.0,0,5.0469265,0.2315199,270.58313,272.73425,271.74072,273.37607,276.69437,4.0,6.7182407e-07,0.43274137,0.42801693,0.41060576,0.38981432
56.8328,-119.1968,56.016,-118.74,D,2016,12,28,2016-12-28,351.4,96,73.0,270.0,1,5.0469265,0.2315199,270.58313,272.73425,271.74072,273.37607,276.69437,4.0,6.7182407e-07,0.43274137,0.42801693,0.41060576,0.38981432
56.8306,-119.2131,56.016,-118.74,D,2016,12,28,2016-12-28,335.2,89,42.9,269.3,0,5.0469265,0.2315199,270.58313,272.73425,271.74072,273.37607,276.69437,4.0,6.7182407e-07,0.43274137,0.42801693,0.41060576,0.38981432
56.8416,-119.2009,56.016,-118.74,D,2016,12,28,2016-12-28,342.8,93,55.5,269.4,1,5.0469265,0.2315199,270.58313,272.73425,271.74072,273.37607,276.69437,4.0,6.7182407e-07,0.43274137,0.42801693,0.41060576,0.38981432
56.8394,-119.2172,56.016,-118.74,D,2016,12,28,2016-12-28,328.3,86,33.4,268.6,0,5.0469265,0.2315199,270.58313,272.73425,271.74072,273.37607,276.69437,4.0,6.7182407e-07,0.43274137,0.42801693,0.41060576,0.38981432
57.2357,-119.1074,56.016,-118.74,D,2016,12,28,2016-12-28,315.6,56,19.0,268.1,0,5.0469265,0.2315199,270.58313,272.73425,271.74072,273.37607,276.69437,4.0,6.7182407e-07,0.43274137,0.42801693,0.41060576,0.38981432
57.2334,-119.124,56.016,-118.74,D,2016,12,28,2016-12-28,315.5,56,18.9,266.6,0,5.0469265,0.2315199,270.58313,272.73425,271.74072,273.37607,276.69437,4.0,6.7182407e-07,0.43274137,0.42801693,0.41060576,0.38981432
56.8331,-119.2453,56.337,-119.292,N,2016,12,29,2016-12-29,318.6,96,112.6,265.9,1,-0.8692443,-0.25378257,263.8664,271.8958,271.94638,273.2431,275.9547,4.0,1.5169886e-05,0.4154984,0.41245598,0.3990723,0.3826113
56.8461,-119.2582,56.337,-119.292,N,2016,12,29,2016-12-29,323.5,100,134.8,265.8,1,-0.8692443,-0.25378257,263.8664,271.8958,271.94638,273.2431,275.9547,4.0,1.5169886e-05,0.4154984,0.41245598,0.3990723,0.3826113
56.8324,-119.252,56.337,-119.292,N,2016,12,29,2016-12-29,316.7,91,104.2,265.7,1,-0.8692443,-0.25378257,263.8664,271.8958,271.94638,273.2431,275.9547,4.0,1.5169886e-05,0.4154984,0.41245598,0.3990723,0.3826113
56.8454,-119.2652,56.337,-119.292,N,2016,12,29,2016-12-29,322.0,100,126.8,265.7,1,-0.8692443,-0.25378257,263.8664,271.8958,271.94638,273.2431,275.9547,4.0,1.5169886e-05,0.4154984,0.41245598,0.3990723,0.3826113
56.9487,-121.3138,56.337,-119.292,N,2016,12,29,2016-12-29,309.2,65,93.1,264.9,0,-0.8692443,-0.25378257,263.8664,271.8958,271.94638,273.2431,275.9547,4.0,1.5169886e-05,0.4154984,0.41245598,0.3990723,0.3826113
56.9428,-121.3112,56.337,-119.292,N,2016,12,29,2016-12-29,316.2,90,130.2,265.6,1,-0.8692443,-0.25378257,263.8664,271.8958,271.94638,273.2431,275.9547,4.0,1.5169886e-05,0.4154984,0.41245598,0.3990723,0.3826113
56.8443,-119.2417,56.337,-119.292,N,2016,12,29,2016-12-29,317.9,95,47.9,265.7,1,-0.8692443,-0.25378257,263.8664,271.8958,271.94638,273.2431,275.9547,4.0,1.5169886e-05,0.4154984,0.41245598,0.3990723,0.3826113
56.943,-121.288,56.337,-119.292,N,2016,12,29,2016-12-29,307.0,51,23.1,266.5,0,-0.8692443,-0.25378257,263.8664,271.8958,271.94638,273.2431,275.9547,4.0,1.5169886e-05,0.4154984,0.41245598,0.3990723,0.3826113
56.941,-121.3109,56.337,-119.292,N,2016,12,29,2016-12-29,327.2,100,52.7,266.5,1,-0.8692443,-0.25378257,263.8664,271.8958,271.94638,273.2431,275.9547,4.0,1.5169886e-05,0.4154984,0.41245598,0.3990723,0.3826113
